DATES,EMBI
27/08/2026,78.374
26/08/2026,79.435
25/08/2026,79.805
24/08/2026,80.379
21/08/2026,80.566
20/08/2026,81.558
19/08/2026,81.129
18/08/2026,82.111
17/08/2026,80.671
14/08/2026,79.559
13/08/2026,79.467
12/08/2026,81.823
11/08/2026,82.536
10/08/2026,82.624
07/08/2026,82.077
06/08/2026,82.305
05/08/2026,82.718
04/08/2026,82.764
03/08/2026,84.153
31/07/2026,86.537
30/07/2026,86.213
29/07/2026,88.267
28/07/2026,86.434
27/07/2026,85.844
24/07/2026,87.342
23/07/2026,88.776
22/07/2026,86.076
21/07/2026,85.579
20/07/2026,86.224
17/07/2026,86.527
16/07/2026,86.104
15/07/2026,85.275
14/07/2026,85.552
13/07/2026,85.682
10/07/2026,84.733
09/07/2026,84.937
08/07/2026,85.716
07/07/2026,85.198
06/07/2026,84.772
03/07/2026,85.85
02/07/2026,85.985
01/07/2026,85.653
30/06/2026,85.105
29/06/2026,85.749
26/06/2026,86.972
25/06/2026,86.717
24/06/2026,86.346
23/06/2026,86.275
22/06/2026,84.018
19/06/2026,84.085
18/06/2026,83.984
17/06/2026,84.775
16/06/2026,81.875
15/06/2026,81.119
12/06/2026,83.028
11/06/2026,83.871
10/06/2026,85.801
09/06/2026,84.641
08/06/2026,84.767
05/06/2026,85.095
04/06/2026,83.461
03/06/2026,84.438
02/06/2026,84.236
01/06/2026,84.279
29/05/2026,84.341
28/05/2026,87.595
27/05/2026,88.254
26/05/2026,87.7
25/05/2026,96.116
22/05/2026,94.586
21/05/2026,88.654
20/05/2026,88.336
19/05/2026,90.799
18/05/2026,94.305
15/05/2026,94.567
14/05/2026,93.347
13/05/2026,93.937
12/05/2026,86.439
11/05/2026,93.727
08/05/2026,93.258
07/05/2026,86.549
06/05/2026,85.82
05/05/2026,94.729
04/05/2026,95.715
01/05/2026,94.554
30/04/2026,88.1
29/04/2026,95.769
28/04/2026,89.456
27/04/2026,88.78
24/04/2026,95.552
23/04/2026,89.933
22/04/2026,89.095
21/04/2026,88.134
20/04/2026,94.403
17/04/2026,94.674
16/04/2026,88.956
15/04/2026,87.502
14/04/2026,93.158
13/04/2026,87.607
10/04/2026,95.804
09/04/2026,95.908
08/04/2026,91.811
07/04/2026,102.232
06/04/2026,103.673
03/04/2026,107.108
02/04/2026,106.747
01/04/2026,105.071
31/03/2026,109.302
30/03/2026,112.158
27/03/2026,110.705
26/03/2026,107.555
25/03/2026,99.87
24/03/2026,101.407
23/03/2026,101.04
20/03/2026,103.945
19/03/2026,95.022
18/03/2026,96.244
17/03/2026,95.239
16/03/2026,97.42
13/03/2026,98.624
12/03/2026,94.946
11/03/2026,90.042
10/03/2026,88.428
09/03/2026,91.37
06/03/2026,91.955
05/03/2026,88.595
04/03/2026,87.194
03/03/2026,89.445
02/03/2026,88.852
27/02/2026,90.21
26/02/2026,87.183
25/02/2026,86.591
24/02/2026,87.12
23/02/2026,86.489
20/02/2026,86.256
19/02/2026,87.081
18/02/2026,86.445
17/02/2026,86.985
16/02/2026,88.943
13/02/2026,88.029
12/02/2026,88.542
11/02/2026,88.782
10/02/2026,87.693
09/02/2026,87.505
06/02/2026,88.172
05/02/2026,91.477
04/02/2026,90.208
03/02/2026,91.401
02/02/2026,88.607
30/01/2026,88.989
29/01/2026,87.885
28/01/2026,88.562
27/01/2026,88.744
26/01/2026,89.299
23/01/2026,89.254
22/01/2026,88.895
21/01/2026,88.571
20/01/2026,91.259
19/01/2026,90.375
16/01/2026,90.5
15/01/2026,91.002
14/01/2026,91.347
13/01/2026,92.02
12/01/2026,90.88
09/01/2026,89.66
08/01/2026,90.371
07/01/2026,92.544
06/01/2026,87.999
05/01/2026,92.431
02/01/2026,91.462
01/01/2026,90.778
31/12/2025,89.501
30/12/2025,90.021
29/12/2025,89.666
26/12/2025,89.573
25/12/2025,92.386
24/12/2025,91.745
23/12/2025,91.553
22/12/2025,90.674
19/12/2025,91.816
18/12/2025,92.255
17/12/2025,92.65
16/12/2025,92.004
15/12/2025,91.93
12/12/2025,92.255
11/12/2025,93.027
10/12/2025,93.758
09/12/2025,96.548
08/12/2025,94.459
05/12/2025,94.077
04/12/2025,94.69
03/12/2025,91.671
02/12/2025,94.276
01/12/2025,95.365
28/11/2025,97.158
27/11/2025,98.179
26/11/2025,98.144
25/11/2025,99.874
24/11/2025,100.552
21/11/2025,102.098
20/11/2025,102.692
19/11/2025,99.81
18/11/2025,100.906
17/11/2025,101.467
14/11/2025,98.511
13/11/2025,98.816
12/11/2025,97.042
11/11/2025,94.872
10/11/2025,95.804
07/11/2025,98.14
06/11/2025,97.68
05/11/2025,95.263
04/11/2025,93.85
03/11/2025,92.383
31/10/2025,91.828
30/10/2025,92.936
29/10/2025,92.178
28/10/2025,89.762
27/10/2025,88.876
24/10/2025,91.501
23/10/2025,93.854
22/10/2025,94.863
21/10/2025,92.821
20/10/2025,94.647
17/10/2025,96.737
16/10/2025,97.777
15/10/2025,94.196
14/10/2025,96.516
13/10/2025,98.679
10/10/2025,97.438
09/10/2025,89.099
08/10/2025,87.625
07/10/2025,87.809
06/10/2025,87.831
03/10/2025,88.306
02/10/2025,89.295
01/10/2025,90.365
30/09/2025,91.501
29/09/2025,91.937
26/09/2025,93.452
25/09/2025,93.768
24/09/2025,92.72
23/09/2025,92.865
22/09/2025,93.948
19/09/2025,86.877
18/09/2025,86.451
17/09/2025,87.225
16/09/2025,87.304
15/09/2025,87.919
12/09/2025,88.971
11/09/2025,87.887
10/09/2025,90.857
09/09/2025,93.165
08/09/2025,94.73
05/09/2025,95.508
04/09/2025,95.596
03/09/2025,97.856
02/09/2025,97.987
01/09/2025,96.55
29/08/2025,96.315
28/08/2025,96.089
27/08/2025,96.097
26/08/2025,95.933
25/08/2025,95.522
22/08/2025,96.396
21/08/2025,97.961
20/08/2025,98.074
19/08/2025,97.659
18/08/2025,97.476
15/08/2025,97.489
14/08/2025,97.001
13/08/2025,97.269
12/08/2025,98.463
11/08/2025,101.627
08/08/2025,103.849
07/08/2025,104.955
06/08/2025,107.403
05/08/2025,108.865
04/08/2025,110.071
01/08/2025,110.82
31/07/2025,109.507
30/07/2025,111.202
29/07/2025,111.778
28/07/2025,113.219
25/07/2025,111.706
24/07/2025,110.941
23/07/2025,113.441
22/07/2025,113.465
21/07/2025,106.833
18/07/2025,107.183
17/07/2025,109.073
16/07/2025,107.02
15/07/2025,103.256
14/07/2025,104.2
11/07/2025,102.905
10/07/2025,101.845
09/07/2025,102.101
08/07/2025,104.381
07/07/2025,104.524
04/07/2025,102.609
03/07/2025,103.952
02/07/2025,106.006
01/07/2025,107.238
30/06/2025,108.251
27/06/2025,109.127
26/06/2025,107.432
25/06/2025,106.91
24/06/2025,105.896
23/06/2025,107.279
20/06/2025,107.861
19/06/2025,108.892
18/06/2025,108.036
17/06/2025,106.634
16/06/2025,105.624
13/06/2025,109.42
12/06/2025,108.452
11/06/2025,109.213
10/06/2025,112.101
09/06/2025,113.543
06/06/2025,114.826
05/06/2025,116.237
04/06/2025,115.533
03/06/2025,116.047
02/06/2025,117.492
30/05/2025,120.112
29/05/2025,120.035
28/05/2025,121.418
27/05/2025,121.078
26/05/2025,123.008
23/05/2025,122.511
22/05/2025,120.985
21/05/2025,120.316
20/05/2025,118.666
19/05/2025,119.612
16/05/2025,120.753
15/05/2025,121.67
14/05/2025,117.842
13/05/2025,117.975
12/05/2025,124.032
09/05/2025,136.475
08/05/2025,137.524
07/05/2025,138.852
06/05/2025,140.561
05/05/2025,142.897
02/05/2025,141.188
01/05/2025,141.745
30/04/2025,138.374
29/04/2025,135.024
28/04/2025,138.68
25/04/2025,138.608
24/04/2025,140.992
23/04/2025,145.092
22/04/2025,150.412
21/04/2025,150.56
18/04/2025,147.847
17/04/2025,147.729
16/04/2025,150.891
15/04/2025,147.147
14/04/2025,146.431
11/04/2025,152.853
10/04/2025,153.843
09/04/2025,138.4
08/04/2025,161.102
07/04/2025,154.382
04/04/2025,148.83
03/04/2025,139.652
02/04/2025,135.351
01/04/2025,135.123
31/03/2025,135.516
28/03/2025,136.074
27/03/2025,133.159
26/03/2025,132.67
25/03/2025,131.03
24/03/2025,131.72
21/03/2025,136.749
20/03/2025,134.689
19/03/2025,120.812
18/03/2025,124.169
17/03/2025,124.988
14/03/2025,126.501
13/03/2025,128.003
12/03/2025,124.135
11/03/2025,124.979
10/03/2025,124.95
07/03/2025,122.062
06/03/2025,121.956
05/03/2025,121.854
04/03/2025,124.603
03/03/2025,122.504
28/02/2025,121.842
27/02/2025,123.041
26/02/2025,119.721
25/02/2025,122.081
24/02/2025,122.147
21/02/2025,120.715
20/02/2025,118.319
19/02/2025,117.98
18/02/2025,117.628
17/02/2025,117.577
14/02/2025,118.215
13/02/2025,117.748
12/02/2025,119.187
11/02/2025,120.587
10/02/2025,122.582
07/02/2025,123.72
06/02/2025,124.43
05/02/2025,124.797
04/02/2025,126.104
03/02/2025,127.515
31/01/2025,131.99
30/01/2025,129.038
29/01/2025,126.246
28/01/2025,125.806
27/01/2025,125.368
24/01/2025,121.763
23/01/2025,121.931
22/01/2025,123.182
21/01/2025,124.719
20/01/2025,126.598
17/01/2025,128.038
16/01/2025,128.114
15/01/2025,126.052
14/01/2025,127.958
13/01/2025,129.795
10/01/2025,131.465
09/01/2025,129.694
08/01/2025,129.98
07/01/2025,129.303
06/01/2025,129.15
03/01/2025,133.396
02/01/2025,138.512
01/01/2025,142.795
31/12/2024,141.238
30/12/2024,140.336
27/12/2024,133.044
26/12/2024,131.102
25/12/2024,132.017
24/12/2024,129.371
23/12/2024,130.08
20/12/2024,128.483
19/12/2024,130.285
18/12/2024,132.072
17/12/2024,124.623
16/12/2024,122.772
13/12/2024,120.508
12/12/2024,118.535
11/12/2024,118.262
10/12/2024,119.21
09/12/2024,119.196
06/12/2024,120.229
05/12/2024,121.886
04/12/2024,123.688
03/12/2024,124.371
02/12/2024,124.738
29/11/2024,124.42
28/11/2024,127.666
27/11/2024,127.226
26/11/2024,126.882
25/11/2024,125.464
22/11/2024,125.74
21/11/2024,125.175
20/11/2024,124.783
19/11/2024,124.861
18/11/2024,127.22
15/11/2024,125.588
14/11/2024,124.028
13/11/2024,124.323
12/11/2024,124.498
11/11/2024,122.146
08/11/2024,123.345
07/11/2024,120.062
06/11/2024,123.643
05/11/2024,128.282
04/11/2024,128.856
01/11/2024,126.718
31/10/2024,125.557
30/10/2024,123.287
29/10/2024,120.474
28/10/2024,120.503
25/10/2024,121.42
24/10/2024,120.862
23/10/2024,122.427
22/10/2024,122.956
21/10/2024,123.558
18/10/2024,121.072
17/10/2024,122.104
16/10/2024,121.554
15/10/2024,120.637
14/10/2024,118.718
11/10/2024,117.266
10/10/2024,117.265
09/10/2024,116.272
08/10/2024,114.8
07/10/2024,116.172
04/10/2024,115.553
03/10/2024,116.733
02/10/2024,117.602
01/10/2024,119.663
30/09/2024,120.396
27/09/2024,120.968
26/09/2024,119.758
25/09/2024,121.472
24/09/2024,117.977
23/09/2024,119.23
20/09/2024,117.509
19/09/2024,103.905
18/09/2024,107.884
17/09/2024,106.84
16/09/2024,107.364
13/09/2024,107.623
12/09/2024,109.831
11/09/2024,113.857
10/09/2024,118.708
09/09/2024,117.361
06/09/2024,119.501
05/09/2024,118.247
04/09/2024,117.971
03/09/2024,118.332
02/09/2024,114.137
30/08/2024,113.518
29/08/2024,111.664
28/08/2024,109.437
27/08/2024,106.127
26/08/2024,102.696
23/08/2024,103.102
22/08/2024,108.305
21/08/2024,107.421
20/08/2024,105.604
19/08/2024,103.511
16/08/2024,107.044
15/08/2024,111.16
14/08/2024,116.112
13/08/2024,117.983
12/08/2024,117.551
09/08/2024,115.605
08/08/2024,117.035
07/08/2024,122.623
06/08/2024,126.138
05/08/2024,125.974
02/08/2024,119.036
01/08/2024,111.947
31/07/2024,109.632
30/07/2024,110.867
29/07/2024,108.912
26/07/2024,108.094
25/07/2024,109.932
24/07/2024,109.656
23/07/2024,105.553
22/07/2024,106.55
19/07/2024,108.204
18/07/2024,106.14
17/07/2024,103.459
16/07/2024,101.632
15/07/2024,101.505
12/07/2024,100.051
11/07/2024,101.491
10/07/2024,101.375
09/07/2024,104.298
08/07/2024,103.117
05/07/2024,104.796
04/07/2024,106.319
03/07/2024,106.732
02/07/2024,108.77
01/07/2024,110.422
28/06/2024,110.889
27/06/2024,112.378
26/06/2024,111.507
25/06/2024,108.144
24/06/2024,105.366
21/06/2024,105.897
20/06/2024,106.367
19/06/2024,107.512
18/06/2024,108.463
17/06/2024,111.217
14/06/2024,109.198
13/06/2024,110.36
12/06/2024,114.957
11/06/2024,109.551
10/06/2024,107.641
07/06/2024,109.126
06/06/2024,103.272
05/06/2024,100.307
04/06/2024,103.137
03/06/2024,101.62
31/05/2024,94.056
30/05/2024,92.645
29/05/2024,94.116
28/05/2024,93.801
27/05/2024,93.767
24/05/2024,93.574
23/05/2024,92.922
22/05/2024,88.66
21/05/2024,87.686
20/05/2024,88.895
17/05/2024,90.312
16/05/2024,90.051
15/05/2024,90.016
14/05/2024,93.977
13/05/2024,93.825
10/05/2024,93.994
09/05/2024,93.306
08/05/2024,91.762
07/05/2024,90.963
06/05/2024,91.033
03/05/2024,93.184
02/05/2024,96.358
01/05/2024,98.162
30/04/2024,97.921
29/04/2024,95.734
26/04/2024,97.144
25/04/2024,97.946
24/04/2024,95.215
23/04/2024,95.531
22/04/2024,98.751
19/04/2024,101.466
18/04/2024,101.833
17/04/2024,101.986
16/04/2024,103.804
15/04/2024,104.26
12/04/2024,101.204
11/04/2024,96.383
10/04/2024,94.198
09/04/2024,90.702
08/04/2024,92.107
05/04/2024,94.731
04/04/2024,95.626
03/04/2024,93.991
02/04/2024,95.181
01/04/2024,93.194
29/03/2024,92.149
28/03/2024,92.088
27/03/2024,92.515
26/03/2024,92.831
25/03/2024,91.24
22/03/2024,91.987
21/03/2024,89.445
20/03/2024,92.597
19/03/2024,84.275
18/03/2024,85.683
15/03/2024,84.444
14/03/2024,82.624
13/03/2024,79.627
12/03/2024,81.688
11/03/2024,84.215
08/03/2024,85.505
07/03/2024,84.711
06/03/2024,85.85
05/03/2024,84.687
04/03/2024,83.097
01/03/2024,83.347
29/02/2024,85.007
28/02/2024,86.903
27/02/2024,86.437
26/02/2024,83.877
23/02/2024,83.195
22/02/2024,85.845
21/02/2024,91.066
20/02/2024,92.273
19/02/2024,88.7
16/02/2024,89.02
15/02/2024,89.637
14/02/2024,91.085
13/02/2024,91.801
12/02/2024,89.761
09/02/2024,88.446
08/02/2024,88.469
07/02/2024,87.662
06/02/2024,88.328
05/02/2024,89.588
02/02/2024,88.346
01/02/2024,88.538
31/01/2024,89.508
30/01/2024,86.89
29/01/2024,87.685
26/01/2024,89.11
25/01/2024,91.647
24/01/2024,93.585
23/01/2024,94.457
22/01/2024,92.722
19/01/2024,92.794
18/01/2024,93.91
17/01/2024,93.232
16/01/2024,91.494
15/01/2024,88.339
12/01/2024,88.935
11/01/2024,90.321
10/01/2024,91.663
09/01/2024,95.008
08/01/2024,96.547
05/01/2024,98.884
04/01/2024,100.534
03/01/2024,99.0
02/01/2024,96.079
01/01/2024,88.866
29/12/2023,88.498
28/12/2023,88.721
27/12/2023,89.467
26/12/2023,90.219
25/12/2023,90.021
22/12/2023,90.296
21/12/2023,90.454
20/12/2023,91.211
19/12/2023,91.345
18/12/2023,90.815
15/12/2023,90.323
14/12/2023,89.634
13/12/2023,92.51
12/12/2023,96.049
11/12/2023,96.178
08/12/2023,96.877
07/12/2023,97.634
06/12/2023,98.443
05/12/2023,97.258
04/12/2023,97.78
01/12/2023,97.778
30/11/2023,98.042
29/11/2023,96.316
28/11/2023,97.801
27/11/2023,97.949
24/11/2023,97.474
23/11/2023,98.22
22/11/2023,97.926
21/11/2023,96.426
20/11/2023,97.134
17/11/2023,99.39
16/11/2023,101.447
15/11/2023,101.91
14/11/2023,103.423
13/11/2023,106.838
10/11/2023,107.31
09/11/2023,108.691
08/11/2023,106.819
07/11/2023,106.699
06/11/2023,107.053
03/11/2023,104.453
02/11/2023,109.949
01/11/2023,117.333
31/10/2023,122.007
30/10/2023,125.809
27/10/2023,130.137
26/10/2023,130.598
25/10/2023,129.382
24/10/2023,127.993
23/10/2023,131.093
20/10/2023,132.891
19/10/2023,131.567
18/10/2023,127.024
17/10/2023,124.768
16/10/2023,124.875
13/10/2023,126.738
12/10/2023,123.644
11/10/2023,122.535
10/10/2023,125.5
09/10/2023,131.335
06/10/2023,131.43
05/10/2023,134.825
04/10/2023,136.108
03/10/2023,138.319
02/10/2023,131.226
29/09/2023,127.906
28/09/2023,127.59
27/09/2023,129.095
26/09/2023,125.57
25/09/2023,123.25
22/09/2023,122.824
21/09/2023,125.119
20/09/2023,119.821
19/09/2023,106.216
18/09/2023,107.271
15/09/2023,105.545
14/09/2023,104.09
13/09/2023,106.096
12/09/2023,106.699
11/09/2023,102.979
08/09/2023,101.167
07/09/2023,102.33
06/09/2023,102.522
05/09/2023,100.33
04/09/2023,97.847
01/09/2023,98.189
31/08/2023,99.887
30/08/2023,97.681
29/08/2023,97.626
28/08/2023,100.634
25/08/2023,105.634
24/08/2023,107.26
23/08/2023,106.54
22/08/2023,110.588
21/08/2023,112.647
18/08/2023,112.573
17/08/2023,111.701
16/08/2023,109.852
15/08/2023,109.164
14/08/2023,105.425
11/08/2023,102.739
10/08/2023,102.969
09/08/2023,104.19
08/08/2023,104.011
07/08/2023,104.152
04/08/2023,105.855
03/08/2023,108.073
02/08/2023,107.121
01/08/2023,102.078
31/07/2023,99.877
28/07/2023,100.085
27/07/2023,103.568
26/07/2023,103.302
25/07/2023,103.11
24/07/2023,99.763
21/07/2023,101.409
20/07/2023,103.973
19/07/2023,101.763
18/07/2023,99.297
17/07/2023,99.608
14/07/2023,98.895
13/07/2023,98.552
12/07/2023,101.896
11/07/2023,105.722
10/07/2023,106.703
07/07/2023,106.471
06/07/2023,105.446
05/07/2023,102.546
04/07/2023,100.791
03/07/2023,101.101
30/06/2023,102.109
29/06/2023,104.14
28/06/2023,104.0
27/06/2023,104.723
26/06/2023,105.479
23/06/2023,105.044
22/06/2023,104.777
21/06/2023,106.397
20/06/2023,107.281
19/06/2023,106.803
16/06/2023,107.071
15/06/2023,106.38
14/06/2023,104.876
13/06/2023,104.174
12/06/2023,106.724
09/06/2023,107.217
08/06/2023,108.526
07/06/2023,108.796
06/06/2023,106.865
05/06/2023,107.238
02/06/2023,108.168
01/06/2023,112.337
31/05/2023,114.644
30/05/2023,114.272
29/05/2023,114.639
26/05/2023,115.49
25/05/2023,117.307
24/05/2023,119.448
23/05/2023,118.633
22/05/2023,118.623
19/05/2023,119.116
18/05/2023,117.815
17/05/2023,121.092
16/05/2023,124.035
15/05/2023,122.562
12/05/2023,122.1
11/05/2023,121.026
10/05/2023,120.676
09/05/2023,122.672
08/05/2023,120.793
05/05/2023,120.474
04/05/2023,123.053
03/05/2023,118.32
02/05/2023,115.432
01/05/2023,111.176
28/04/2023,114.968
27/04/2023,117.679
26/04/2023,120.42
25/04/2023,119.813
24/04/2023,119.168
21/04/2023,119.384
20/04/2023,119.267
19/04/2023,117.426
18/04/2023,116.64
17/04/2023,115.626
14/04/2023,114.483
13/04/2023,113.521
12/04/2023,116.592
11/04/2023,120.584
10/04/2023,123.774
07/04/2023,124.103
06/04/2023,124.247
05/04/2023,122.915
04/04/2023,118.996
03/04/2023,117.348
31/03/2023,119.885
30/03/2023,123.24
29/03/2023,126.621
28/03/2023,131.725
27/03/2023,132.615
24/03/2023,138.952
23/03/2023,140.334
22/03/2023,138.206
21/03/2023,139.122
20/03/2023,148.525
17/03/2023,137.986
16/03/2023,132.952
15/03/2023,137.022
14/03/2023,128.143
13/03/2023,128.367
10/03/2023,116.622
09/03/2023,112.284
08/03/2023,110.378
07/03/2023,108.815
06/03/2023,104.591
03/03/2023,107.238
02/03/2023,113.529
01/03/2023,114.786
28/02/2023,116.457
27/02/2023,116.678
24/02/2023,116.874
23/02/2023,115.094
22/02/2023,120.044
21/02/2023,122.846
20/02/2023,116.332
17/02/2023,117.103
16/02/2023,114.329
15/02/2023,113.974
14/02/2023,115.524
13/02/2023,119.409
10/02/2023,120.512
09/02/2023,118.462
08/02/2023,116.227
07/02/2023,110.808
06/02/2023,112.417
03/02/2023,109.094
02/02/2023,108.069
01/02/2023,115.981
31/01/2023,118.612
30/01/2023,119.951
27/01/2023,117.301
26/01/2023,120.354
25/01/2023,121.918
24/01/2023,121.242
23/01/2023,121.935
20/01/2023,123.137
19/01/2023,124.177
18/01/2023,123.61
17/01/2023,125.694
16/01/2023,124.899
13/01/2023,125.688
12/01/2023,127.477
11/01/2023,129.441
10/01/2023,131.566
09/01/2023,129.755
06/01/2023,132.375
05/01/2023,137.075
04/01/2023,134.985
03/01/2023,132.787
02/01/2023,129.839
30/12/2022,130.107
29/12/2022,129.677
28/12/2022,130.879
27/12/2022,131.743
26/12/2022,130.48
23/12/2022,132.319
22/12/2022,132.078
21/12/2022,131.286
20/12/2022,135.221
19/12/2022,134.106
16/12/2022,131.434
15/12/2022,125.439
14/12/2022,121.84
13/12/2022,124.287
12/12/2022,129.612
09/12/2022,130.135
08/12/2022,132.22
07/12/2022,136.543
06/12/2022,138.196
05/12/2022,131.13
02/12/2022,123.344
01/12/2022,125.415
30/11/2022,126.648
29/11/2022,130.427
28/11/2022,130.488
25/11/2022,126.53
24/11/2022,126.992
23/11/2022,129.205
22/11/2022,133.661
21/11/2022,138.681
18/11/2022,139.913
17/11/2022,139.704
16/11/2022,137.035
15/11/2022,133.353
14/11/2022,135.072
11/11/2022,135.459
10/11/2022,136.085
09/11/2022,153.724
08/11/2022,146.166
07/11/2022,150.923
04/11/2022,159.667
03/11/2022,164.693
02/11/2022,161.575
01/11/2022,159.293
31/10/2022,161.972
28/10/2022,159.976
27/10/2022,162.277
26/10/2022,168.117
25/10/2022,171.441
24/10/2022,178.957
21/10/2022,186.708
20/10/2022,191.308
19/10/2022,189.581
18/10/2022,189.484
17/10/2022,196.653
14/10/2022,199.871
13/10/2022,190.91
12/10/2022,188.476
11/10/2022,185.898
10/10/2022,188.068
07/10/2022,181.761
06/10/2022,172.913
05/10/2022,173.44
04/10/2022,172.686
03/10/2022,186.716
30/09/2022,197.245
29/09/2022,195.17
28/09/2022,194.536
27/09/2022,204.637
26/09/2022,196.211
23/09/2022,188.504
22/09/2022,176.969
21/09/2022,173.382
20/09/2022,171.726
19/09/2022,154.551
16/09/2022,156.322
15/09/2022,153.396
14/09/2022,151.667
13/09/2022,151.409
12/09/2022,137.921
09/09/2022,138.746
08/09/2022,143.578
07/09/2022,148.928
06/09/2022,155.694
05/09/2022,159.47
02/09/2022,158.674
01/09/2022,162.148
31/08/2022,163.068
30/08/2022,160.271
29/08/2022,153.822
26/08/2022,150.606
25/08/2022,145.766
24/08/2022,147.465
23/08/2022,151.514
22/08/2022,157.948
19/08/2022,152.843
18/08/2022,144.004
17/08/2022,143.261
16/08/2022,139.073
15/08/2022,136.765
12/08/2022,137.442
11/08/2022,141.203
10/08/2022,141.23
09/08/2022,155.816
08/08/2022,151.837
05/08/2022,156.658
04/08/2022,156.891
03/08/2022,161.298
02/08/2022,162.931
01/08/2022,158.668
29/07/2022,156.939
28/07/2022,161.949
27/07/2022,168.799
26/07/2022,176.074
25/07/2022,167.852
22/07/2022,167.058
21/07/2022,164.736
20/07/2022,165.519
19/07/2022,174.747
18/07/2022,186.745
15/07/2022,192.988
14/07/2022,199.797
13/07/2022,195.241
12/07/2022,188.966
11/07/2022,181.093
08/07/2022,175.798
07/07/2022,177.478
06/07/2022,182.724
05/07/2022,180.838
04/07/2022,176.273
01/07/2022,175.605
30/06/2022,174.647
29/06/2022,176.276
28/06/2022,176.867
27/06/2022,168.163
24/06/2022,166.9
23/06/2022,169.214
22/06/2022,163.812
21/06/2022,162.397
20/06/2022,167.82
17/06/2022,168.953
16/06/2022,167.77
15/06/2022,159.008
14/06/2022,166.879
13/06/2022,161.75
10/06/2022,150.249
09/06/2022,144.04
08/06/2022,138.479
07/06/2022,134.609
06/06/2022,130.478
03/06/2022,127.238
02/06/2022,125.53
01/06/2022,125.875
31/05/2022,125.574
30/05/2022,124.224
27/05/2022,125.443
26/05/2022,128.276
25/05/2022,137.009
24/05/2022,146.602
23/05/2022,149.51
20/05/2022,155.258
19/05/2022,155.086
18/05/2022,153.694
17/05/2022,147.763
16/05/2022,150.977
13/05/2022,150.787
12/05/2022,153.667
11/05/2022,152.587
10/05/2022,152.653
09/05/2022,153.512
06/05/2022,143.927
05/05/2022,137.481
04/05/2022,135.008
03/05/2022,141.389
02/05/2022,144.041
29/04/2022,139.211
28/04/2022,133.688
27/04/2022,137.886
26/04/2022,139.09
25/04/2022,138.07
22/04/2022,138.796
21/04/2022,131.498
20/04/2022,126.591
19/04/2022,127.198
18/04/2022,125.412
15/04/2022,123.948
14/04/2022,122.339
13/04/2022,117.828
12/04/2022,116.857
11/04/2022,115.836
08/04/2022,112.536
07/04/2022,108.101
06/04/2022,103.512
05/04/2022,99.638
04/04/2022,96.83
01/04/2022,100.057
31/03/2022,99.883
30/03/2022,96.014
29/03/2022,95.301
28/03/2022,101.532
25/03/2022,104.673
24/03/2022,107.789
23/03/2022,111.904
22/03/2022,110.482
21/03/2022,112.736
18/03/2022,95.932
17/03/2022,97.805
16/03/2022,100.855
15/03/2022,106.796
14/03/2022,108.97
11/03/2022,110.553
10/03/2022,107.843
09/03/2022,108.105
08/03/2022,118.698
07/03/2022,120.28
04/03/2022,113.342
03/03/2022,108.505
02/03/2022,112.029
01/03/2022,115.678
28/02/2022,114.213
25/02/2022,112.433
24/02/2022,117.485
23/02/2022,118.94
22/02/2022,115.0
21/02/2022,113.848
18/02/2022,113.34
17/02/2022,111.428
16/02/2022,109.912
15/02/2022,112.443
14/02/2022,115.45
11/02/2022,114.974
10/02/2022,109.751
09/02/2022,105.143
08/02/2022,107.473
07/02/2022,107.069
04/02/2022,104.701
03/02/2022,102.328
02/02/2022,99.799
01/02/2022,101.986
31/01/2022,104.75
28/01/2022,105.722
27/01/2022,104.318
26/01/2022,103.094
25/01/2022,102.877
24/01/2022,101.694
21/01/2022,99.503
20/01/2022,97.382
19/01/2022,98.521
18/01/2022,101.031
17/01/2022,101.418
14/01/2022,100.056
13/01/2022,97.491
12/01/2022,94.068
11/01/2022,94.119
10/01/2022,95.269
07/01/2022,95.571
06/01/2022,96.547
05/01/2022,96.707
04/01/2022,91.02
03/01/2022,88.218
31/12/2021,90.108
30/12/2021,90.236
29/12/2021,91.628
28/12/2021,92.195
27/12/2021,93.201
24/12/2021,94.314
23/12/2021,95.61
22/12/2021,98.349
21/12/2021,100.587
20/12/2021,102.69
17/12/2021,101.501
16/12/2021,100.899
15/12/2021,101.373
14/12/2021,100.553
13/12/2021,100.305
10/12/2021,100.868
09/12/2021,101.725
08/12/2021,100.82
07/12/2021,106.768
06/12/2021,112.91
03/12/2021,114.735
02/12/2021,114.272
01/12/2021,117.514
30/11/2021,118.806
29/11/2021,117.921
26/11/2021,123.94
25/11/2021,110.166
24/11/2021,110.175
23/11/2021,103.77
22/11/2021,98.913
19/11/2021,97.276
18/11/2021,96.855
17/11/2021,97.065
16/11/2021,96.928
15/11/2021,97.042
12/11/2021,97.589
11/11/2021,99.835
10/11/2021,99.083
09/11/2021,97.131
08/11/2021,98.471
05/11/2021,100.448
04/11/2021,102.181
03/11/2021,103.383
02/11/2021,104.986
01/11/2021,104.804
29/10/2021,103.237
28/10/2021,99.863
27/10/2021,97.247
26/10/2021,95.7
25/10/2021,97.431
22/10/2021,99.21
21/10/2021,97.779
20/10/2021,95.723
19/10/2021,96.715
18/10/2021,98.13
15/10/2021,96.632
14/10/2021,97.86
13/10/2021,103.349
12/10/2021,101.826
11/10/2021,97.492
08/10/2021,97.457
07/10/2021,98.953
06/10/2021,101.197
05/10/2021,101.272
04/10/2021,101.859
01/10/2021,100.237
30/09/2021,101.761
29/09/2021,101.672
28/09/2021,101.357
27/09/2021,97.297
24/09/2021,95.272
23/09/2021,92.634
22/09/2021,93.215
21/09/2021,94.591
20/09/2021,96.104
17/09/2021,81.935
16/09/2021,82.332
15/09/2021,82.474
14/09/2021,84.18
13/09/2021,83.417
10/09/2021,83.941
09/09/2021,84.947
08/09/2021,85.233
07/09/2021,84.842
06/09/2021,84.122
03/09/2021,83.889
02/09/2021,84.076
01/09/2021,84.725
31/08/2021,85.601
30/08/2021,85.351
27/08/2021,87.863
26/08/2021,90.502
25/08/2021,90.853
24/08/2021,92.413
23/08/2021,94.528
20/08/2021,94.946
19/08/2021,94.395
18/08/2021,92.555
17/08/2021,91.728
16/08/2021,90.594
13/08/2021,91.285
12/08/2021,92.429
11/08/2021,95.326
10/08/2021,95.857
09/08/2021,95.836
06/08/2021,95.258
05/08/2021,95.471
04/08/2021,95.998
03/08/2021,95.195
02/08/2021,95.503
30/07/2021,95.603
29/07/2021,94.866
28/07/2021,97.754
27/07/2021,97.54
26/07/2021,94.535
23/07/2021,94.168
22/07/2021,95.351
21/07/2021,95.304
20/07/2021,97.601
19/07/2021,98.555
16/07/2021,94.47
15/07/2021,94.241
14/07/2021,93.14
13/07/2021,95.403
12/07/2021,93.217
09/07/2021,93.179
08/07/2021,94.375
07/07/2021,93.371
06/07/2021,93.607
05/07/2021,92.155
02/07/2021,92.215
01/07/2021,93.424
30/06/2021,93.215
29/06/2021,92.74
28/06/2021,92.967
25/06/2021,93.576
24/06/2021,95.413
23/06/2021,97.376
22/06/2021,99.142
21/06/2021,98.774
18/06/2021,96.644
17/06/2021,95.158
16/06/2021,93.748
15/06/2021,93.334
14/06/2021,92.75
11/06/2021,91.553
10/06/2021,91.407
09/06/2021,91.164
08/06/2021,92.735
07/06/2021,93.322
04/06/2021,93.736
03/06/2021,93.717
02/06/2021,91.769
01/06/2021,92.212
31/05/2021,93.885
28/05/2021,93.835
27/05/2021,94.583
26/05/2021,95.32
25/05/2021,95.932
24/05/2021,95.324
21/05/2021,95.411
20/05/2021,94.977
19/05/2021,96.907
18/05/2021,95.328
17/05/2021,93.914
14/05/2021,93.006
13/05/2021,95.412
12/05/2021,97.161
11/05/2021,93.136
10/05/2021,91.423
07/05/2021,93.362
06/05/2021,97.666
05/05/2021,98.238
04/05/2021,99.477
03/05/2021,97.138
30/04/2021,94.353
29/04/2021,94.183
28/04/2021,95.087
27/04/2021,95.296
26/04/2021,93.18
23/04/2021,92.281
22/04/2021,94.928
21/04/2021,94.725
20/04/2021,94.878
19/04/2021,90.589
16/04/2021,90.517
15/04/2021,93.341
14/04/2021,99.57
13/04/2021,102.749
12/04/2021,105.075
09/04/2021,105.835
08/04/2021,105.45
07/04/2021,106.116
06/04/2021,104.509
05/04/2021,107.056
02/04/2021,108.327
01/04/2021,109.483
31/03/2021,113.906
30/03/2021,116.895
29/03/2021,114.885
26/03/2021,112.292
25/03/2021,111.882
24/03/2021,107.714
23/03/2021,105.753
22/03/2021,103.17
19/03/2021,96.157
18/03/2021,99.741
17/03/2021,97.497
16/03/2021,102.216
15/03/2021,103.503
12/03/2021,101.345
11/03/2021,97.989
10/03/2021,107.651
09/03/2021,114.009
08/03/2021,119.713
05/03/2021,110.665
04/03/2021,109.978
03/03/2021,105.52
02/03/2021,102.124
01/03/2021,99.939
26/02/2021,107.132
25/02/2021,98.035
24/02/2021,83.888
23/02/2021,87.016
22/02/2021,89.538
19/02/2021,85.035
18/02/2021,84.018
17/02/2021,83.03
16/02/2021,82.21
15/02/2021,80.909
12/02/2021,80.717
11/02/2021,81.341
10/02/2021,83.659
09/02/2021,84.072
08/02/2021,81.32
05/02/2021,81.808
04/02/2021,84.848
03/02/2021,88.024
02/02/2021,91.027
01/02/2021,93.663
29/01/2021,95.274
28/01/2021,94.208
27/01/2021,96.043
26/01/2021,94.298
25/01/2021,95.097
22/01/2021,93.137
21/01/2021,90.933
20/01/2021,90.771
19/01/2021,91.945
18/01/2021,93.463
15/01/2021,92.5
14/01/2021,87.976
13/01/2021,87.271
12/01/2021,87.481
11/01/2021,85.225
08/01/2021,81.949
07/01/2021,81.552
06/01/2021,82.496
05/01/2021,83.101
04/01/2021,82.971
01/01/2021,81.492
31/12/2020,81.494
30/12/2020,82.197
29/12/2020,82.746
28/12/2020,82.534
25/12/2020,82.586
24/12/2020,82.815
23/12/2020,83.865
22/12/2020,86.136
21/12/2020,86.988
18/12/2020,85.046
17/12/2020,84.502
16/12/2020,86.947
15/12/2020,90.813
14/12/2020,91.632
11/12/2020,92.033
10/12/2020,89.694
09/12/2020,88.828
08/12/2020,86.765
07/12/2020,86.046
04/12/2020,83.702
03/12/2020,84.082
02/12/2020,84.97
01/12/2020,84.977
30/11/2020,87.893
27/11/2020,87.256
26/11/2020,90.246
25/11/2020,89.011
24/11/2020,89.29
23/11/2020,93.468
20/11/2020,94.632
19/11/2020,94.594
18/11/2020,94.444
17/11/2020,94.648
16/11/2020,95.523
13/11/2020,97.694
12/11/2020,95.482
11/11/2020,87.495
10/11/2020,88.51
09/11/2020,88.851
06/11/2020,104.617
05/11/2020,107.191
04/11/2020,117.485
03/11/2020,124.84
02/11/2020,128.88
30/10/2020,127.847
29/10/2020,126.881
28/10/2020,126.33
27/10/2020,121.567
26/10/2020,123.43
23/10/2020,121.665
22/10/2020,120.653
21/10/2020,120.604
20/10/2020,120.792
19/10/2020,120.338
16/10/2020,120.346
15/10/2020,122.826
14/10/2020,121.487
13/10/2020,118.302
12/10/2020,116.779
09/10/2020,118.353
08/10/2020,124.367
07/10/2020,127.481
06/10/2020,134.697
05/10/2020,138.193
02/10/2020,145.953
01/10/2020,145.46
30/09/2020,151.673
29/09/2020,155.645
28/09/2020,157.515
25/09/2020,161.418
24/09/2020,164.445
23/09/2020,163.067
22/09/2020,150.406
21/09/2020,144.775
18/09/2020,120.618
17/09/2020,117.703
16/09/2020,116.1
15/09/2020,116.904
14/09/2020,119.554
11/09/2020,121.367
10/09/2020,120.304
09/09/2020,119.983
08/09/2020,121.968
07/09/2020,115.808
04/09/2020,115.339
03/09/2020,111.103
02/09/2020,104.857
01/09/2020,108.937
31/08/2020,117.505
28/08/2020,120.053
27/08/2020,124.038
26/08/2020,122.287
25/08/2020,120.549
24/08/2020,123.224
21/08/2020,128.036
20/08/2020,129.411
19/08/2020,130.485
18/08/2020,131.065
17/08/2020,135.536
14/08/2020,137.629
13/08/2020,137.61
12/08/2020,133.825
11/08/2020,131.911
10/08/2020,132.088
07/08/2020,134.162
06/08/2020,134.353
05/08/2020,139.374
04/08/2020,144.137
03/08/2020,143.452
31/07/2020,143.448
30/07/2020,142.722
29/07/2020,141.547
28/07/2020,143.23
27/07/2020,141.24
24/07/2020,141.635
23/07/2020,136.164
22/07/2020,128.626
21/07/2020,133.618
20/07/2020,144.341
17/07/2020,152.633
16/07/2020,156.207
15/07/2020,153.647
14/07/2020,154.245
13/07/2020,152.57
10/07/2020,151.534
09/07/2020,148.764
08/07/2020,144.218
07/07/2020,140.617
06/07/2020,135.625
03/07/2020,136.854
02/07/2020,139.007
01/07/2020,149.572
30/06/2020,158.492
29/06/2020,163.744
26/06/2020,163.706
25/06/2020,158.924
24/06/2020,156.931
23/06/2020,149.284
22/06/2020,154.254
19/06/2020,153.589
18/06/2020,156.209
17/06/2020,152.196
16/06/2020,149.229
15/06/2020,160.746
12/06/2020,167.853
11/06/2020,175.642
10/06/2020,142.43
09/06/2020,137.575
08/06/2020,127.094
05/06/2020,124.448
04/06/2020,137.618
03/06/2020,136.213
02/06/2020,146.903
01/06/2020,172.662
29/05/2020,177.569
28/05/2020,174.205
27/05/2020,170.228
26/05/2020,171.822
25/05/2020,201.036
22/05/2020,200.131
21/05/2020,200.863
20/05/2020,213.278
19/05/2020,228.862
18/05/2020,228.061
15/05/2020,247.954
14/05/2020,246.634
13/05/2020,239.99
12/05/2020,226.284
11/05/2020,226.542
08/05/2020,231.582
07/05/2020,239.856
06/05/2020,248.232
05/05/2020,249.089
04/05/2020,259.89
01/05/2020,258.729
30/04/2020,255.578
29/04/2020,270.706
28/04/2020,307.272
27/04/2020,309.914
24/04/2020,299.862
23/04/2020,290.375
22/04/2020,290.873
21/04/2020,292.186
20/04/2020,277.742
17/04/2020,269.681
16/04/2020,271.264
15/04/2020,262.948
14/04/2020,225.212
13/04/2020,225.011
10/04/2020,227.253
09/04/2020,228.336
08/04/2020,261.22
07/04/2020,268.165
06/04/2020,271.413
03/04/2020,277.986
02/04/2020,270.583
01/04/2020,272.634
31/03/2020,240.854
30/03/2020,243.292
27/03/2020,235.515
26/03/2020,182.272
25/03/2020,191.94
24/03/2020,252.176
23/03/2020,292.603
20/03/2020,276.786
19/03/2020,263.109
18/03/2020,287.109
17/03/2020,232.294
16/03/2020,257.067
13/03/2020,205.479
12/03/2020,249.694
11/03/2020,197.385
10/03/2020,175.639
09/03/2020,169.111
06/03/2020,114.593
05/03/2020,101.23
04/03/2020,91.055
03/03/2020,99.291
02/03/2020,102.358
28/02/2020,104.149
27/02/2020,91.414
26/02/2020,82.207
25/02/2020,79.425
24/02/2020,74.89
21/02/2020,71.873
20/02/2020,72.34
19/02/2020,72.901
18/02/2020,73.916
17/02/2020,74.37
14/02/2020,74.851
13/02/2020,75.745
12/02/2020,76.645
11/02/2020,77.393
10/02/2020,78.213
07/02/2020,78.19
06/02/2020,77.173
05/02/2020,77.381
04/02/2020,80.272
03/02/2020,83.141
31/01/2020,81.762
30/01/2020,79.33
29/01/2020,78.608
28/01/2020,82.953
27/01/2020,86.919
24/01/2020,83.384
23/01/2020,81.044
22/01/2020,80.335
21/01/2020,79.46
20/01/2020,78.335
17/01/2020,78.205
16/01/2020,78.216
15/01/2020,78.046
14/01/2020,77.195
13/01/2020,76.46
10/01/2020,74.653
09/01/2020,74.521
08/01/2020,76.286
07/01/2020,77.919
06/01/2020,78.191
03/01/2020,77.907
02/01/2020,76.832
01/01/2020,78.414
31/12/2019,78.8
30/12/2019,79.325
27/12/2019,79.343
26/12/2019,80.835
25/12/2019,80.953
24/12/2019,80.839
23/12/2019,80.545
20/12/2019,80.492
19/12/2019,80.353
18/12/2019,77.28
17/12/2019,76.377
16/12/2019,76.94
13/12/2019,76.393
12/12/2019,75.34
11/12/2019,77.762
10/12/2019,80.903
09/12/2019,82.13
06/12/2019,83.319
05/12/2019,85.815
04/12/2019,88.987
03/12/2019,91.592
02/12/2019,91.911
29/11/2019,91.861
28/11/2019,92.048
27/11/2019,91.903
26/11/2019,91.37
25/11/2019,92.402
22/11/2019,92.038
21/11/2019,93.471
20/11/2019,94.22
19/11/2019,93.754
18/11/2019,92.932
15/11/2019,91.087
14/11/2019,92.135
13/11/2019,89.842
12/11/2019,87.344
11/11/2019,85.485
08/11/2019,85.304
07/11/2019,85.405
06/11/2019,86.795
05/11/2019,86.421
04/11/2019,86.902
01/11/2019,90.215
31/10/2019,91.73
30/10/2019,89.446
29/10/2019,88.736
28/10/2019,90.767
25/10/2019,93.37
24/10/2019,97.177
23/10/2019,100.494
22/10/2019,102.621
21/10/2019,104.534
18/10/2019,105.429
17/10/2019,106.368
16/10/2019,107.897
15/10/2019,109.618
14/10/2019,110.324
11/10/2019,110.939
10/10/2019,113.965
09/10/2019,115.916
08/10/2019,116.282
07/10/2019,114.639
04/10/2019,114.818
03/10/2019,116.273
02/10/2019,116.708
01/10/2019,116.908
30/09/2019,115.762
27/09/2019,117.114
26/09/2019,116.45
25/09/2019,115.159
24/09/2019,115.06
23/09/2019,111.158
20/09/2019,110.888
19/09/2019,99.182
18/09/2019,101.025
17/09/2019,102.064
16/09/2019,102.634
13/09/2019,100.618
12/09/2019,99.568
11/09/2019,100.173
10/09/2019,99.455
09/09/2019,99.732
06/09/2019,100.969
05/09/2019,102.211
04/09/2019,106.541
03/09/2019,110.878
02/09/2019,112.52
30/08/2019,113.4
29/08/2019,115.281
28/08/2019,116.658
27/08/2019,117.165
26/08/2019,118.942
23/08/2019,118.127
22/08/2019,115.597
21/08/2019,115.992
20/08/2019,118.641
19/08/2019,117.336
16/08/2019,117.898
15/08/2019,120.924
14/08/2019,123.472
13/08/2019,120.027
12/08/2019,123.779
09/08/2019,121.747
08/08/2019,119.823
07/08/2019,127.404
06/08/2019,130.119
05/08/2019,129.723
02/08/2019,122.842
01/08/2019,120.433
31/07/2019,117.104
30/07/2019,116.137
29/07/2019,114.613
26/07/2019,114.277
25/07/2019,113.688
24/07/2019,114.364
23/07/2019,115.68
22/07/2019,115.41
19/07/2019,113.874
18/07/2019,114.406
17/07/2019,115.347
16/07/2019,113.167
15/07/2019,111.03
12/07/2019,114.227
11/07/2019,116.959
10/07/2019,115.774
09/07/2019,114.867
08/07/2019,112.499
05/07/2019,110.912
04/07/2019,111.148
03/07/2019,111.116
02/07/2019,110.634
01/07/2019,108.715
28/06/2019,111.54
27/06/2019,112.277
26/06/2019,114.256
25/06/2019,115.251
24/06/2019,113.798
21/06/2019,110.956
20/06/2019,111.473
19/06/2019,114.168
18/06/2019,118.001
17/06/2019,123.303
14/06/2019,123.654
13/06/2019,122.146
12/06/2019,122.31
11/06/2019,120.279
10/06/2019,123.67
07/06/2019,127.4
06/06/2019,126.15
05/06/2019,124.812
04/06/2019,125.822
03/06/2019,129.922
31/05/2019,131.55
30/05/2019,123.368
29/05/2019,123.508
28/05/2019,121.937
27/05/2019,121.099
24/05/2019,121.809
23/05/2019,120.734
22/05/2019,116.509
21/05/2019,115.471
20/05/2019,117.484
17/05/2019,117.531
16/05/2019,117.311
15/05/2019,117.268
14/05/2019,122.012
13/05/2019,123.611
10/05/2019,119.924
09/05/2019,118.544
08/05/2019,116.83
07/05/2019,116.432
06/05/2019,112.391
03/05/2019,111.961
02/05/2019,114.821
01/05/2019,112.999
30/04/2019,112.387
29/04/2019,113.067
26/04/2019,114.543
25/04/2019,115.591
24/04/2019,114.993
23/04/2019,110.936
22/04/2019,109.515
19/04/2019,109.694
18/04/2019,109.712
17/04/2019,109.719
16/04/2019,112.012
15/04/2019,113.005
12/04/2019,114.114
11/04/2019,115.935
10/04/2019,116.164
09/04/2019,117.416
08/04/2019,118.643
05/04/2019,119.294
04/04/2019,119.939
03/04/2019,120.262
02/04/2019,121.904
01/04/2019,121.083
29/03/2019,124.622
28/03/2019,127.238
27/03/2019,127.611
26/03/2019,125.05
25/03/2019,128.119
22/03/2019,128.213
21/03/2019,126.148
20/03/2019,130.939
19/03/2019,120.6
18/03/2019,121.629
15/03/2019,123.87
14/03/2019,124.331
13/03/2019,124.988
12/03/2019,125.114
11/03/2019,124.273
08/03/2019,128.607
07/03/2019,129.789
06/03/2019,128.019
05/03/2019,127.805
04/03/2019,127.765
01/03/2019,125.613
28/02/2019,124.283
27/02/2019,123.017
26/02/2019,126.047
25/02/2019,131.131
22/02/2019,133.409
21/02/2019,134.914
20/02/2019,134.728
19/02/2019,134.425
18/02/2019,135.403
15/02/2019,135.437
14/02/2019,136.488
13/02/2019,141.326
12/02/2019,139.186
11/02/2019,141.214
08/02/2019,140.246
07/02/2019,138.014
06/02/2019,131.942
05/02/2019,131.152
04/02/2019,133.976
01/02/2019,135.695
31/01/2019,135.332
30/01/2019,134.632
29/01/2019,133.632
28/01/2019,132.833
25/01/2019,131.176
24/01/2019,131.661
23/01/2019,131.229
22/01/2019,132.204
21/01/2019,127.041
18/01/2019,128.369
17/01/2019,131.901
16/01/2019,134.776
15/01/2019,138.797
14/01/2019,138.762
11/01/2019,139.386
10/01/2019,137.718
09/01/2019,134.199
08/01/2019,135.436
07/01/2019,136.869
04/01/2019,146.425
03/01/2019,153.772
02/01/2019,154.322
01/01/2019,154.704
31/12/2018,154.726
28/12/2018,156.435
27/12/2018,158.138
26/12/2018,157.72
25/12/2018,155.96
24/12/2018,156.113
21/12/2018,151.336
20/12/2018,147.548
19/12/2018,145.074
18/12/2018,139.645
17/12/2018,140.688
14/12/2018,144.96
13/12/2018,143.917
12/12/2018,145.884
11/12/2018,148.65
10/12/2018,149.701
07/12/2018,148.635
06/12/2018,150.396
05/12/2018,150.755
04/12/2018,149.208
03/12/2018,145.498
30/11/2018,149.733
29/11/2018,149.431
28/11/2018,153.912
27/11/2018,162.581
26/11/2018,163.0
23/11/2018,162.766
22/11/2018,158.177
21/11/2018,158.634
20/11/2018,159.492
19/11/2018,154.255
16/11/2018,149.836
15/11/2018,149.356
14/11/2018,148.992
13/11/2018,145.304
12/11/2018,139.84
09/11/2018,138.8
08/11/2018,138.011
07/11/2018,133.433
06/11/2018,136.056
05/11/2018,136.73
02/11/2018,139.271
01/11/2018,143.333
31/10/2018,144.045
30/10/2018,142.404
29/10/2018,143.415
26/10/2018,135.081
25/10/2018,133.632
24/10/2018,135.968
23/10/2018,130.965
22/10/2018,130.634
19/10/2018,128.939
18/10/2018,126.365
17/10/2018,120.939
16/10/2018,118.164
15/10/2018,121.265
12/10/2018,121.328
11/10/2018,122.865
10/10/2018,124.484
09/10/2018,118.866
08/10/2018,120.907
05/10/2018,119.645
04/10/2018,115.064
03/10/2018,108.896
02/10/2018,108.6
01/10/2018,111.601
28/09/2018,112.967
27/09/2018,112.565
26/09/2018,115.701
25/09/2018,119.449
24/09/2018,119.166
21/09/2018,115.767
20/09/2018,115.348
19/09/2018,106.742
18/09/2018,106.919
17/09/2018,108.801
14/09/2018,110.802
13/09/2018,113.579
12/09/2018,119.903
11/09/2018,123.666
10/09/2018,125.189
07/09/2018,124.634
06/09/2018,124.004
05/09/2018,125.702
04/09/2018,125.779
03/09/2018,120.219
31/08/2018,120.614
30/08/2018,117.6
29/08/2018,115.17
28/08/2018,115.667
27/08/2018,115.139
24/08/2018,117.399
23/08/2018,116.3
22/08/2018,115.299
21/08/2018,117.733
20/08/2018,119.496
17/08/2018,119.002
16/08/2018,118.587
15/08/2018,119.166
14/08/2018,117.631
13/08/2018,125.211
10/08/2018,120.503
09/08/2018,117.723
08/08/2018,115.212
07/08/2018,115.812
06/08/2018,114.485
03/08/2018,114.864
02/08/2018,117.41
01/08/2018,114.416
31/07/2018,114.128
30/07/2018,112.62
27/07/2018,109.916
26/07/2018,108.401
25/07/2018,111.125
24/07/2018,114.329
23/07/2018,113.834
20/07/2018,115.993
19/07/2018,115.933
18/07/2018,114.862
17/07/2018,114.137
16/07/2018,112.247
13/07/2018,111.439
12/07/2018,114.116
11/07/2018,117.233
10/07/2018,111.399
09/07/2018,114.017
06/07/2018,116.31
05/07/2018,121.642
04/07/2018,131.814
03/07/2018,133.171
02/07/2018,137.846
29/06/2018,134.373
28/06/2018,133.167
27/06/2018,135.377
26/06/2018,132.612
25/06/2018,134.618
22/06/2018,135.991
21/06/2018,142.019
20/06/2018,142.929
19/06/2018,145.348
18/06/2018,146.299
15/06/2018,145.361
14/06/2018,149.057
13/06/2018,148.083
12/06/2018,151.951
11/06/2018,150.969
08/06/2018,149.715
07/06/2018,148.143
06/06/2018,145.465
05/06/2018,149.042
04/06/2018,137.484
01/06/2018,136.431
31/05/2018,135.729
30/05/2018,130.117
29/05/2018,129.356
28/05/2018,120.822
25/05/2018,120.7
24/05/2018,120.37
23/05/2018,119.779
22/05/2018,124.473
21/05/2018,125.463
18/05/2018,128.168
17/05/2018,124.02
16/05/2018,118.541
15/05/2018,118.404
14/05/2018,115.771
11/05/2018,113.617
10/05/2018,113.301
09/05/2018,124.359
08/05/2018,126.057
07/05/2018,120.236
04/05/2018,115.511
03/05/2018,120.095
02/05/2018,117.372
01/05/2018,115.786
30/04/2018,113.69
27/04/2018,112.128
26/04/2018,114.212
25/04/2018,114.166
24/04/2018,113.497
23/04/2018,112.391
20/04/2018,107.963
19/04/2018,104.616
18/04/2018,103.231
17/04/2018,104.079
16/04/2018,104.171
13/04/2018,103.765
12/04/2018,102.668
11/04/2018,101.964
10/04/2018,103.579
09/04/2018,105.204
06/04/2018,105.416
05/04/2018,104.212
04/04/2018,105.936
03/04/2018,109.651
02/04/2018,111.174
30/03/2018,109.347
29/03/2018,109.843
28/03/2018,112.799
27/03/2018,114.403
26/03/2018,114.83
23/03/2018,117.749
22/03/2018,114.176
21/03/2018,110.776
20/03/2018,115.796
19/03/2018,106.35
16/03/2018,104.856
15/03/2018,104.773
14/03/2018,104.262
13/03/2018,104.195
12/03/2018,103.422
09/03/2018,103.946
08/03/2018,106.108
07/03/2018,107.014
06/03/2018,104.299
05/03/2018,104.634
02/03/2018,107.438
01/03/2018,108.483
28/02/2018,105.826
27/02/2018,104.416
26/02/2018,102.208
23/02/2018,103.315
22/02/2018,105.504
21/02/2018,105.366
20/02/2018,105.102
19/02/2018,101.114
16/02/2018,102.004
15/02/2018,103.77
14/02/2018,107.929
13/02/2018,110.237
12/02/2018,107.749
09/02/2018,110.892
08/02/2018,108.932
07/02/2018,100.775
06/02/2018,101.946
05/02/2018,103.487
02/02/2018,100.04
01/02/2018,96.672
31/01/2018,97.649
30/01/2018,98.86
29/01/2018,97.976
26/01/2018,97.113
25/01/2018,98.05
24/01/2018,98.924
23/01/2018,100.799
22/01/2018,98.879
19/01/2018,99.012
18/01/2018,96.382
17/01/2018,95.438
16/01/2018,96.027
15/01/2018,97.698
12/01/2018,97.977
11/01/2018,100.109
10/01/2018,99.262
09/01/2018,96.656
08/01/2018,96.851
05/01/2018,97.51
04/01/2018,98.245
03/01/2018,100.989
02/01/2018,103.536
01/01/2018,106.62
29/12/2017,106.107
28/12/2017,106.59
27/12/2017,106.585
26/12/2017,106.296
25/12/2017,106.473
22/12/2017,106.367
21/12/2017,106.518
20/12/2017,105.273
19/12/2017,105.677
18/12/2017,104.896
15/12/2017,105.343
14/12/2017,104.997
13/12/2017,103.418
12/12/2017,104.92
11/12/2017,104.076
08/12/2017,103.353
07/12/2017,103.277
06/12/2017,101.92
05/12/2017,98.539
04/12/2017,99.058
01/12/2017,102.26
30/11/2017,102.469
29/11/2017,102.353
28/11/2017,101.474
27/11/2017,102.102
24/11/2017,104.423
23/11/2017,104.892
22/11/2017,106.513
21/11/2017,108.077
20/11/2017,110.262
17/11/2017,110.678
16/11/2017,112.372
15/11/2017,115.126
14/11/2017,111.881
13/11/2017,110.4
10/11/2017,110.515
09/11/2017,109.548
08/11/2017,108.572
07/11/2017,109.239
06/11/2017,105.91
03/11/2017,107.63
02/11/2017,106.768
01/11/2017,107.623
31/10/2017,106.882
30/10/2017,107.934
27/10/2017,107.866
26/10/2017,109.696
25/10/2017,108.229
24/10/2017,106.784
23/10/2017,106.553
20/10/2017,105.662
19/10/2017,105.229
18/10/2017,107.585
17/10/2017,110.676
16/10/2017,116.361
13/10/2017,114.04
12/10/2017,112.424
11/10/2017,111.022
10/10/2017,111.719
09/10/2017,107.065
06/10/2017,106.999
05/10/2017,104.566
04/10/2017,102.95
03/10/2017,101.718
02/10/2017,107.451
29/09/2017,110.339
28/09/2017,112.271
27/09/2017,113.873
26/09/2017,114.487
25/09/2017,115.329
22/09/2017,113.181
21/09/2017,114.227
20/09/2017,114.622
19/09/2017,99.659
18/09/2017,97.479
15/09/2017,97.834
14/09/2017,99.406
13/09/2017,98.691
12/09/2017,99.124
11/09/2017,98.159
08/09/2017,98.954
07/09/2017,97.704
06/09/2017,98.047
05/09/2017,98.624
04/09/2017,99.192
01/09/2017,99.713
31/08/2017,101.572
30/08/2017,103.13
29/08/2017,106.126
28/08/2017,106.478
25/08/2017,104.328
24/08/2017,105.787
23/08/2017,106.399
22/08/2017,106.978
21/08/2017,108.369
18/08/2017,108.145
17/08/2017,110.08
16/08/2017,105.727
15/08/2017,105.504
14/08/2017,104.975
11/08/2017,105.185
10/08/2017,105.537
09/08/2017,101.611
08/08/2017,100.058
07/08/2017,98.296
04/08/2017,100.214
03/08/2017,99.689
02/08/2017,99.535
01/08/2017,100.309
31/07/2017,101.658
28/07/2017,103.945
27/07/2017,104.66
26/07/2017,104.987
25/07/2017,107.593
24/07/2017,106.498
21/07/2017,104.989
20/07/2017,104.357
19/07/2017,106.302
18/07/2017,108.153
17/07/2017,108.706
14/07/2017,109.199
13/07/2017,110.301
12/07/2017,111.055
11/07/2017,113.07
10/07/2017,112.335
07/07/2017,114.22
06/07/2017,116.14
05/07/2017,114.925
04/07/2017,112.532
03/07/2017,112.908
30/06/2017,112.66
29/06/2017,113.312
28/06/2017,110.405
27/06/2017,110.498
26/06/2017,110.07
23/06/2017,111.124
22/06/2017,112.894
21/06/2017,115.002
20/06/2017,112.661
19/06/2017,110.727
16/06/2017,110.057
15/06/2017,107.615
14/06/2017,105.708
13/06/2017,108.017
12/06/2017,109.686
09/06/2017,109.427
08/06/2017,110.555
07/06/2017,111.147
06/06/2017,111.093
05/06/2017,113.571
02/06/2017,118.587
01/06/2017,118.739
31/05/2017,118.758
30/05/2017,116.93
29/05/2017,115.563
26/05/2017,115.646
25/05/2017,114.477
24/05/2017,112.541
23/05/2017,113.831
22/05/2017,114.653
19/05/2017,114.486
18/05/2017,120.255
17/05/2017,120.622
16/05/2017,114.886
15/05/2017,116.277
12/05/2017,117.646
11/05/2017,117.277
10/05/2017,116.021
09/05/2017,119.845
08/05/2017,120.326
05/05/2017,116.96
04/05/2017,118.457
03/05/2017,113.37
02/05/2017,115.269
01/05/2017,118.257
28/04/2017,119.196
27/04/2017,121.743
26/04/2017,125.292
25/04/2017,121.248
24/04/2017,124.999
21/04/2017,129.556
20/04/2017,131.087
19/04/2017,131.785
18/04/2017,130.643
17/04/2017,129.574
14/04/2017,129.108
13/04/2017,129.203
12/04/2017,129.963
11/04/2017,128.375
10/04/2017,126.969
07/04/2017,129.0
06/04/2017,130.757
05/04/2017,131.231
04/04/2017,131.052
03/04/2017,130.483
31/03/2017,130.277
30/03/2017,129.952
29/03/2017,131.193
28/03/2017,133.254
27/03/2017,135.111
24/03/2017,135.31
23/03/2017,140.087
22/03/2017,142.867
21/03/2017,143.61
20/03/2017,140.06
17/03/2017,129.44
16/03/2017,132.064
15/03/2017,131.406
14/03/2017,141.292
13/03/2017,138.731
10/03/2017,137.921
09/03/2017,139.146
08/03/2017,137.416
07/03/2017,130.447
06/03/2017,129.321
03/03/2017,131.069
02/03/2017,136.686
01/03/2017,134.775
28/02/2017,141.639
27/02/2017,138.018
24/02/2017,139.074
23/02/2017,140.426
22/02/2017,146.93
21/02/2017,150.274
20/02/2017,158.303
17/02/2017,157.95
16/02/2017,154.758
15/02/2017,150.072
14/02/2017,144.815
13/02/2017,143.686
10/02/2017,151.866
09/02/2017,154.629
08/02/2017,157.416
07/02/2017,157.763
06/02/2017,157.101
03/02/2017,156.119
02/02/2017,162.227
01/02/2017,164.834
31/01/2017,166.751
30/01/2017,165.483
27/01/2017,163.879
26/01/2017,166.256
25/01/2017,166.851
24/01/2017,172.011
23/01/2017,171.415
20/01/2017,174.66
19/01/2017,178.524
18/01/2017,177.721
17/01/2017,169.921
16/01/2017,169.782
13/01/2017,170.29
12/01/2017,171.911
11/01/2017,175.084
10/01/2017,179.713
09/01/2017,169.25
06/01/2017,167.602
05/01/2017,162.741
04/01/2017,162.008
03/01/2017,157.647
02/01/2017,155.651
30/12/2016,155.913
29/12/2016,157.04
28/12/2016,156.093
27/12/2016,156.72
26/12/2016,156.775
23/12/2016,157.004
22/12/2016,156.694
21/12/2016,153.089
20/12/2016,153.33
19/12/2016,155.501
16/12/2016,155.069
15/12/2016,156.938
14/12/2016,158.25
13/12/2016,157.219
12/12/2016,158.573
09/12/2016,160.833
08/12/2016,160.605
07/12/2016,163.052
06/12/2016,170.826
05/12/2016,178.986
02/12/2016,183.618
01/12/2016,184.623
30/11/2016,180.689
29/11/2016,185.145
28/11/2016,186.857
25/11/2016,189.488
24/11/2016,188.833
23/11/2016,188.473
22/11/2016,186.957
21/11/2016,192.387
18/11/2016,193.013
17/11/2016,183.435
16/11/2016,176.119
15/11/2016,171.44
14/11/2016,192.137
11/11/2016,181.023
10/11/2016,180.326
09/11/2016,162.354
08/11/2016,144.814
07/11/2016,149.356
04/11/2016,164.002
03/11/2016,165.661
02/11/2016,165.333
01/11/2016,159.117
31/10/2016,155.35
28/10/2016,153.687
27/10/2016,148.877
26/10/2016,145.297
25/10/2016,141.562
24/10/2016,140.144
21/10/2016,141.443
20/10/2016,142.125
19/10/2016,143.377
18/10/2016,146.303
17/10/2016,147.768
14/10/2016,147.543
13/10/2016,145.89
12/10/2016,147.715
11/10/2016,152.827
10/10/2016,158.193
07/10/2016,158.673
06/10/2016,160.564
05/10/2016,162.373
04/10/2016,165.43
03/10/2016,162.395
30/09/2016,166.999
29/09/2016,171.583
28/09/2016,163.496
27/09/2016,168.553
26/09/2016,173.385
23/09/2016,168.383
22/09/2016,160.154
21/09/2016,162.752
20/09/2016,171.423
19/09/2016,157.187
16/09/2016,157.851
15/09/2016,151.256
14/09/2016,152.367
13/09/2016,145.61
12/09/2016,137.066
09/09/2016,138.355
08/09/2016,132.069
07/09/2016,131.131
06/09/2016,133.832
05/09/2016,136.816
02/09/2016,137.384
01/09/2016,138.871
31/08/2016,137.888
30/08/2016,136.426
29/08/2016,135.665
26/08/2016,138.791
25/08/2016,139.523
24/08/2016,137.325
23/08/2016,134.774
22/08/2016,133.899
19/08/2016,131.595
18/08/2016,130.747
17/08/2016,133.331
16/08/2016,133.265
15/08/2016,133.28
12/08/2016,136.94
11/08/2016,136.502
10/08/2016,138.505
09/08/2016,138.057
08/08/2016,140.522
05/08/2016,145.311
04/08/2016,148.388
03/08/2016,153.488
02/08/2016,156.606
01/08/2016,154.122
29/07/2016,151.738
28/07/2016,152.949
27/07/2016,150.6
26/07/2016,148.282
25/07/2016,144.108
22/07/2016,139.929
21/07/2016,141.156
20/07/2016,140.471
19/07/2016,142.292
18/07/2016,142.331
15/07/2016,141.912
14/07/2016,138.387
13/07/2016,137.112
12/07/2016,138.065
11/07/2016,144.484
08/07/2016,146.454
07/07/2016,154.161
06/07/2016,154.576
05/07/2016,158.072
04/07/2016,154.887
01/07/2016,156.291
30/06/2016,159.011
29/06/2016,163.427
28/06/2016,177.575
27/06/2016,186.948
24/06/2016,180.076
23/06/2016,159.312
22/06/2016,164.707
21/06/2016,166.435
20/06/2016,169.32
17/06/2016,176.05
16/06/2016,176.437
15/06/2016,179.647
14/06/2016,179.872
13/06/2016,173.31
10/06/2016,167.31
09/06/2016,162.444
08/06/2016,156.751
07/06/2016,156.938
06/06/2016,159.862
03/06/2016,165.565
02/06/2016,168.2
01/06/2016,170.933
31/05/2016,172.398
30/05/2016,171.278
27/05/2016,172.697
26/05/2016,173.575
25/05/2016,174.956
24/05/2016,178.468
23/05/2016,179.47
20/05/2016,174.382
19/05/2016,176.009
18/05/2016,174.036
17/05/2016,169.563
16/05/2016,166.335
13/05/2016,166.527
12/05/2016,164.741
11/05/2016,164.901
10/05/2016,165.358
09/05/2016,168.73
06/05/2016,165.715
05/05/2016,170.055
04/05/2016,169.204
03/05/2016,167.311
02/05/2016,160.581
29/04/2016,161.605
28/04/2016,156.646
27/04/2016,153.894
26/04/2016,157.383
25/04/2016,161.852
22/04/2016,160.725
21/04/2016,158.661
20/04/2016,150.143
19/04/2016,153.194
18/04/2016,157.375
15/04/2016,160.277
14/04/2016,158.825
13/04/2016,162.385
12/04/2016,165.788
11/04/2016,172.022
08/04/2016,174.832
07/04/2016,175.533
06/04/2016,169.495
05/04/2016,171.99
04/04/2016,167.667
01/04/2016,163.462
31/03/2016,162.36
30/03/2016,159.149
29/03/2016,163.7
28/03/2016,167.744
25/03/2016,169.708
24/03/2016,169.813
23/03/2016,165.098
22/03/2016,157.89
21/03/2016,156.339
18/03/2016,146.384
17/03/2016,151.007
16/03/2016,162.806
15/03/2016,167.693
14/03/2016,163.983
11/03/2016,166.089
10/03/2016,170.656
09/03/2016,172.557
08/03/2016,177.203
07/03/2016,173.204
04/03/2016,173.404
03/03/2016,177.23
02/03/2016,184.468
01/03/2016,188.528
29/02/2016,198.221
26/02/2016,197.803
25/02/2016,196.251
24/02/2016,196.931
23/02/2016,198.222
22/02/2016,196.574
19/02/2016,202.629
18/02/2016,204.934
17/02/2016,205.006
16/02/2016,217.768
15/02/2016,223.547
12/02/2016,224.931
11/02/2016,231.931
10/02/2016,221.138
09/02/2016,218.326
08/02/2016,213.646
05/02/2016,202.624
04/02/2016,200.367
03/02/2016,202.055
02/02/2016,205.498
01/02/2016,196.23
29/01/2016,196.01
28/01/2016,196.772
27/01/2016,200.079
26/01/2016,203.563
25/01/2016,207.671
22/01/2016,200.895
21/01/2016,210.241
20/01/2016,214.476
19/01/2016,208.694
18/01/2016,206.157
15/01/2016,203.218
14/01/2016,189.021
13/01/2016,190.007
12/01/2016,185.416
11/01/2016,185.675
08/01/2016,182.338
07/01/2016,179.58
06/01/2016,174.896
05/01/2016,170.938
04/01/2016,173.027
01/01/2016,170.202
31/12/2015,170.132
30/12/2015,169.2
29/12/2015,168.201
28/12/2015,168.984
25/12/2015,167.531
24/12/2015,167.803
23/12/2015,169.403
22/12/2015,172.596
21/12/2015,172.92
18/12/2015,172.011
17/12/2015,168.806
16/12/2015,168.859
15/12/2015,172.453
14/12/2015,179.719
11/12/2015,178.072
10/12/2015,171.364
09/12/2015,167.886
08/12/2015,167.444
07/12/2015,164.978
04/12/2015,159.386
03/12/2015,159.681
02/12/2015,154.135
01/12/2015,151.952
30/11/2015,155.016
27/11/2015,154.55
26/11/2015,154.322
25/11/2015,153.901
24/11/2015,151.121
23/11/2015,151.024
20/11/2015,149.952
19/11/2015,151.567
18/11/2015,151.544
17/11/2015,153.912
16/11/2015,155.999
13/11/2015,159.355
12/11/2015,155.373
11/11/2015,150.605
10/11/2015,150.908
09/11/2015,152.483
06/11/2015,147.405
05/11/2015,143.851
04/11/2015,140.666
03/11/2015,135.968
02/11/2015,147.158
30/10/2015,151.938
29/10/2015,151.872
28/10/2015,148.173
27/10/2015,149.447
26/10/2015,147.27
23/10/2015,149.523
22/10/2015,153.833
21/10/2015,157.503
20/10/2015,156.472
19/10/2015,152.45
16/10/2015,151.673
15/10/2015,153.722
14/10/2015,160.471
13/10/2015,157.623
12/10/2015,147.226
09/10/2015,147.416
08/10/2015,148.788
07/10/2015,158.456
06/10/2015,153.745
05/10/2015,155.592
02/10/2015,167.997
01/10/2015,174.062
30/09/2015,175.988
29/09/2015,182.268
28/09/2015,184.258
25/09/2015,167.758
24/09/2015,161.07
23/09/2015,156.711
22/09/2015,151.511
21/09/2015,141.678
18/09/2015,135.445
17/09/2015,132.639
16/09/2015,138.577
15/09/2015,142.732
14/09/2015,147.481
11/09/2015,149.207
10/09/2015,147.211
09/09/2015,147.029
08/09/2015,147.797
07/09/2015,152.823
04/09/2015,152.869
03/09/2015,147.878
02/09/2015,154.621
01/09/2015,154.823
31/08/2015,145.57
28/08/2015,143.463
27/08/2015,142.813
26/08/2015,150.486
25/08/2015,156.541
24/08/2015,158.588
21/08/2015,148.46
20/08/2015,145.199
19/08/2015,143.206
18/08/2015,140.915
17/08/2015,138.627
14/08/2015,138.016
13/08/2015,138.492
12/08/2015,136.744
11/08/2015,135.66
10/08/2015,134.289
07/08/2015,137.897
06/08/2015,138.2
05/08/2015,136.764
04/08/2015,138.824
03/08/2015,138.384
31/07/2015,135.918
30/07/2015,133.577
29/07/2015,133.626
28/07/2015,138.323
27/07/2015,141.864
24/07/2015,139.599
23/07/2015,132.683
22/07/2015,128.944
21/07/2015,127.286
20/07/2015,129.509
17/07/2015,128.323
16/07/2015,128.414
15/07/2015,130.111
14/07/2015,126.459
13/07/2015,126.459
10/07/2015,128.518
09/07/2015,132.733
08/07/2015,135.84
07/07/2015,135.452
06/07/2015,131.064
03/07/2015,128.758
02/07/2015,128.895
01/07/2015,130.312
30/06/2015,131.148
29/06/2015,131.443
26/06/2015,128.725
25/06/2015,127.858
24/06/2015,128.241
23/06/2015,126.224
22/06/2015,127.558
19/06/2015,125.394
18/06/2015,124.946
17/06/2015,127.63
16/06/2015,128.825
15/06/2015,126.922
12/06/2015,125.564
11/06/2015,127.066
10/06/2015,130.608
09/06/2015,130.166
08/06/2015,130.519
05/06/2015,129.226
04/06/2015,123.488
03/06/2015,121.489
02/06/2015,118.808
01/06/2015,119.222
29/05/2015,116.384
28/05/2015,115.055
27/05/2015,113.608
26/05/2015,114.421
25/05/2015,113.303
22/05/2015,113.469
21/05/2015,113.824
20/05/2015,115.672
19/05/2015,116.706
18/05/2015,115.701
15/05/2015,118.294
14/05/2015,119.05
13/05/2015,120.119
12/05/2015,120.003
11/05/2015,118.803
08/05/2015,118.506
07/05/2015,123.445
06/05/2015,122.285
05/05/2015,122.556
04/05/2015,123.645
01/05/2015,123.999
30/04/2015,120.85
29/04/2015,118.032
28/04/2015,116.396
27/04/2015,114.627
24/04/2015,114.404
23/04/2015,114.207
22/04/2015,117.605
21/04/2015,118.561
20/04/2015,118.543
17/04/2015,120.131
16/04/2015,117.697
15/04/2015,116.021
14/04/2015,118.257
13/04/2015,122.851
10/04/2015,123.061
09/04/2015,117.076
08/04/2015,114.487
07/04/2015,117.039
06/04/2015,117.636
03/04/2015,121.277
02/04/2015,121.417
01/04/2015,123.282
31/03/2015,125.609
30/03/2015,125.267
27/03/2015,125.98
26/03/2015,126.712
25/03/2015,126.678
24/03/2015,125.622
23/03/2015,127.007
20/03/2015,129.677
19/03/2015,132.181
18/03/2015,129.314
17/03/2015,133.692
16/03/2015,134.735
13/03/2015,134.255
12/03/2015,130.063
11/03/2015,133.001
10/03/2015,135.435
09/03/2015,125.455
06/03/2015,114.58
05/03/2015,110.263
04/03/2015,106.282
03/03/2015,103.565
02/03/2015,101.841
27/02/2015,102.743
26/02/2015,103.867
25/02/2015,103.953
24/02/2015,106.858
23/02/2015,111.999
20/02/2015,109.761
19/02/2015,109.468
18/02/2015,107.976
17/02/2015,107.916
16/02/2015,107.623
13/02/2015,107.56
12/02/2015,109.571
11/02/2015,114.067
10/02/2015,112.344
09/02/2015,109.15
06/02/2015,108.936
05/02/2015,110.659
04/02/2015,115.134
03/02/2015,111.503
02/02/2015,118.138
30/01/2015,117.76
29/01/2015,114.707
28/01/2015,116.756
27/01/2015,114.312
26/01/2015,114.091
23/01/2015,114.67
22/01/2015,116.789
21/01/2015,119.953
20/01/2015,113.925
19/01/2015,112.547
16/01/2015,112.972
15/01/2015,114.764
14/01/2015,110.231
13/01/2015,113.019
12/01/2015,111.108
09/01/2015,106.507
08/01/2015,107.065
07/01/2015,111.822
06/01/2015,117.272
05/01/2015,116.988
02/01/2015,106.339
01/01/2015,103.458
31/12/2014,103.487
30/12/2014,101.246
29/12/2014,97.376
26/12/2014,95.483
25/12/2014,95.433
24/12/2014,95.64
23/12/2014,95.212
22/12/2014,94.101
19/12/2014,93.426
18/12/2014,100.005
17/12/2014,98.599
16/12/2014,120.331
15/12/2014,124.191
12/12/2014,111.96
11/12/2014,104.884
10/12/2014,103.353
09/12/2014,96.355
08/12/2014,95.898
05/12/2014,89.959
04/12/2014,85.0
03/12/2014,84.5
02/12/2014,87.753
01/12/2014,85.993
28/11/2014,83.158
27/11/2014,83.168
26/11/2014,83.668
25/11/2014,84.673
24/11/2014,87.003
21/11/2014,87.013
20/11/2014,88.173
19/11/2014,86.673
18/11/2014,86.998
17/11/2014,87.993
14/11/2014,86.668
13/11/2014,86.328
12/11/2014,84.003
11/11/2014,80.17
10/11/2014,83.343
07/11/2014,84.343
06/11/2014,83.003
05/11/2014,80.25
04/11/2014,81.328
03/11/2014,79.628
31/10/2014,79.003
30/10/2014,80.828
29/10/2014,81.503
28/10/2014,81.343
27/10/2014,82.673
24/10/2014,83.006
23/10/2014,84.501
22/10/2014,81.836
21/10/2014,80.754
20/10/2014,83.501
17/10/2014,87.181
16/10/2014,93.501
15/10/2014,93.491
14/10/2014,88.663
13/10/2014,87.157
10/10/2014,85.753
09/10/2014,85.003
08/10/2014,84.828
07/10/2014,86.253
06/10/2014,85.878
03/10/2014,88.993
02/10/2014,86.753
01/10/2014,87.753
30/09/2014,86.838
29/09/2014,93.729
26/09/2014,87.628
25/09/2014,84.753
24/09/2014,82.343
23/09/2014,83.168
22/09/2014,83.15
19/09/2014,75.878
18/09/2014,76.668
17/09/2014,76.128
16/09/2014,76.348
15/09/2014,79.003
12/09/2014,78.503
11/09/2014,75.663
10/09/2014,75.503
09/09/2014,77.043
08/09/2014,71.628
05/09/2014,68.683
04/09/2014,70.878
03/09/2014,69.128
02/09/2014,69.503
01/09/2014,69.076
29/08/2014,68.503
28/08/2014,68.378
27/08/2014,66.673
26/08/2014,67.668
25/08/2014,68.343
22/08/2014,68.673
21/08/2014,68.008
20/08/2014,69.328
19/08/2014,67.843
18/08/2014,68.678
15/08/2014,71.663
14/08/2014,71.998
13/08/2014,74.673
12/08/2014,78.668
11/08/2014,81.343
08/08/2014,86.668
07/08/2014,85.003
06/08/2014,84.678
05/08/2014,86.128
04/08/2014,83.503
01/08/2014,86.668
31/07/2014,85.658
30/07/2014,82.663
29/07/2014,80.753
28/07/2014,78.658
25/07/2014,74.628
24/07/2014,72.503
23/07/2014,72.333
22/07/2014,73.348
21/07/2014,76.128
18/07/2014,76.003
17/07/2014,77.003
16/07/2014,74.585
15/07/2014,74.253
14/07/2014,72.503
11/07/2014,71.337
10/07/2014,70.003
09/07/2014,68.003
08/07/2014,69.338
07/07/2014,69.998
04/07/2014,69.17
03/07/2014,69.779
02/07/2014,70.253
01/07/2014,66.837
30/06/2014,67.82
27/06/2014,65.673
26/06/2014,64.503
25/06/2014,65.833
24/06/2014,67.875
23/06/2014,67.128
20/06/2014,67.003
19/06/2014,65.323
18/06/2014,65.668
17/06/2014,66.628
16/06/2014,68.668
13/06/2014,69.403
12/06/2014,69.503
11/06/2014,69.003
10/06/2014,70.003
09/06/2014,68.337
06/06/2014,69.333
05/06/2014,75.678
04/06/2014,77.333
03/06/2014,76.253
02/06/2014,74.993
30/05/2014,74.498
29/05/2014,73.878
28/05/2014,75.008
27/05/2014,76.668
26/05/2014,75.939
23/05/2014,76.343
22/05/2014,77.503
21/05/2014,79.333
20/05/2014,78.878
19/05/2014,77.013
16/05/2014,79.378
15/05/2014,80.17
14/05/2014,79.998
13/05/2014,78.678
12/05/2014,80.668
09/05/2014,80.008
08/05/2014,81.003
07/05/2014,81.343
06/05/2014,83.338
05/05/2014,83.668
02/05/2014,83.673
01/05/2014,83.998
30/04/2014,84.013
29/04/2014,88.018
28/04/2014,90.013
25/04/2014,90.541
24/04/2014,89.333
23/04/2014,87.673
22/04/2014,87.333
21/04/2014,86.003
18/04/2014,86.692
17/04/2014,87.008
16/04/2014,86.678
15/04/2014,87.003
14/04/2014,85.673
11/04/2014,84.634
10/04/2014,81.678
09/04/2014,82.013
08/04/2014,82.005
07/04/2014,81.0
04/04/2014,84.67
03/04/2014,86.995
02/04/2014,84.675
01/04/2014,85.015
31/03/2014,87.498
28/03/2014,86.325
27/03/2014,84.665
26/03/2014,85.665
25/03/2014,86.178
24/03/2014,88.503
21/03/2014,90.168
20/03/2014,89.5
19/03/2014,86.661
18/03/2014,84.018
17/03/2014,88.01
14/03/2014,89.01
13/03/2014,89.178
12/03/2014,89.01
11/03/2014,88.665
10/03/2014,85.345
07/03/2014,85.33
06/03/2014,84.34
05/03/2014,86.665
04/03/2014,86.675
03/03/2014,91.655
28/02/2014,90.325
27/02/2014,89.34
26/02/2014,89.665
25/02/2014,85.67
24/02/2014,83.173
21/02/2014,88.995
20/02/2014,88.175
19/02/2014,92.493
18/02/2014,91.0
17/02/2014,92.343
14/02/2014,92.33
13/02/2014,93.995
12/02/2014,95.838
11/02/2014,95.828
10/02/2014,98.493
07/02/2014,95.657
06/02/2014,96.488
05/02/2014,102.995
04/02/2014,103.625
03/02/2014,110.005
31/01/2014,107.677
30/01/2014,108.172
29/01/2014,109.165
28/01/2014,101.015
27/01/2014,110.01
24/01/2014,112.66
23/01/2014,106.665
22/01/2014,101.33
21/01/2014,96.995
20/01/2014,96.219
17/01/2014,97.41
16/01/2014,96.835
15/01/2014,96.335
14/01/2014,97.0
13/01/2014,97.84
10/01/2014,97.665
09/01/2014,98.665
08/01/2014,98.665
07/01/2014,95.665
06/01/2014,95.0
03/01/2014,92.833
02/01/2014,95.168
01/01/2014,91.503
31/12/2013,91.51
30/12/2013,91.833
27/12/2013,91.67
26/12/2013,91.0
25/12/2013,91.006
24/12/2013,91.055
23/12/2013,91.0
20/12/2013,89.825
19/12/2013,87.492
18/12/2013,86.833
17/12/2013,89.995
16/12/2013,88.675
13/12/2013,89.33
12/12/2013,87.821
11/12/2013,92.665
10/12/2013,91.668
09/12/2013,89.167
06/12/2013,93.75
05/12/2013,101.828
04/12/2013,105.875
03/12/2013,104.838
02/12/2013,104.0
28/11/2013,103.0
27/11/2013,102.559
26/11/2013,102.165
25/11/2013,101.664
22/11/2013,100.833
21/11/2013,104.82
20/11/2013,104.84
19/11/2013,100.25
18/11/2013,95.49
15/11/2013,101.675
14/11/2013,106.998
13/11/2013,109.675
12/11/2013,110.989
11/11/2013,109.131
08/11/2013,108.726
07/11/2013,107.165
06/11/2013,108.68
05/11/2013,108.495
04/11/2013,105.238
01/11/2013,107.665
31/10/2013,103.165
30/10/2013,102.67
29/10/2013,102.665
28/10/2013,102.991
25/10/2013,104.491
24/10/2013,105.988
23/10/2013,104.33
22/10/2013,103.183
21/10/2013,105.343
18/10/2013,102.845
17/10/2013,103.665
16/10/2013,104.49
15/10/2013,105.0
14/10/2013,105.974
11/10/2013,107.22
10/10/2013,109.843
09/10/2013,115.825
08/10/2013,114.754
07/10/2013,115.335
04/10/2013,118.348
03/10/2013,120.335
02/10/2013,120.328
01/10/2013,120.168
30/09/2013,122.375
27/09/2013,121.31
26/09/2013,114.5
25/09/2013,110.835
24/09/2013,109.17
23/09/2013,104.357
20/09/2013,104.039
19/09/2013,97.625
18/09/2013,98.012
17/09/2013,107.004
16/09/2013,110.374
13/09/2013,113.514
12/09/2013,114.664
11/09/2013,115.51
10/09/2013,119.005
09/09/2013,122.328
06/09/2013,126.345
05/09/2013,131.348
04/09/2013,133.997
03/09/2013,132.375
02/09/2013,132.074
30/08/2013,132.41
29/08/2013,128.99
28/08/2013,128.125
27/08/2013,128.828
26/08/2013,124.996
23/08/2013,125.015
22/08/2013,134.83
21/08/2013,135.31
20/08/2013,129.998
19/08/2013,131.668
16/08/2013,128.65
15/08/2013,123.15
14/08/2013,116.838
13/08/2013,114.008
12/08/2013,117.843
09/08/2013,122.064
08/08/2013,126.333
07/08/2013,125.332
06/08/2013,123.675
05/08/2013,122.493
02/08/2013,122.457
01/08/2013,125.902
31/07/2013,128.327
30/07/2013,128.499
29/07/2013,129.25
26/07/2013,123.629
25/07/2013,119.665
24/07/2013,119.148
23/07/2013,112.0
22/07/2013,110.838
19/07/2013,112.169
18/07/2013,111.833
17/07/2013,114.833
16/07/2013,117.5
15/07/2013,118.343
12/07/2013,125.944
11/07/2013,129.366
10/07/2013,136.173
09/07/2013,138.348
08/07/2013,146.392
05/07/2013,146.818
04/07/2013,142.333
03/07/2013,139.629
02/07/2013,132.825
01/07/2013,131.008
28/06/2013,131.163
27/06/2013,130.5
26/06/2013,140.858
25/06/2013,149.995
24/06/2013,157.35
21/06/2013,161.056
20/06/2013,164.924
19/06/2013,137.948
18/06/2013,126.158
17/06/2013,127.293
14/06/2013,115.645
13/06/2013,117.705
12/06/2013,135.173
11/06/2013,136.389
10/06/2013,125.143
07/06/2013,118.625
06/06/2013,118.498
05/06/2013,112.601
04/06/2013,106.066
03/06/2013,102.912
31/05/2013,102.818
30/05/2013,97.835
29/05/2013,97.219
28/05/2013,94.33
27/05/2013,92.745
24/05/2013,91.552
23/05/2013,89.823
22/05/2013,87.0
21/05/2013,85.498
20/05/2013,86.825
17/05/2013,84.495
16/05/2013,82.426
15/05/2013,78.331
14/05/2013,77.75
13/05/2013,75.835
10/05/2013,74.833
09/05/2013,74.013
08/05/2013,74.835
07/05/2013,76.335
06/05/2013,76.498
03/05/2013,78.03
02/05/2013,80.005
01/05/2013,82.005
30/04/2013,82.383
29/04/2013,84.125
26/04/2013,85.352
25/04/2013,85.768
24/04/2013,86.675
23/04/2013,88.51
22/04/2013,90.995
19/04/2013,91.391
18/04/2013,90.864
17/04/2013,87.875
16/04/2013,87.19
15/04/2013,86.0
12/04/2013,83.888
11/04/2013,83.675
10/04/2013,86.34
09/04/2013,90.168
08/04/2013,91.75
05/04/2013,94.588
04/04/2013,95.678
03/04/2013,98.828
02/04/2013,98.313
01/04/2013,98.354
29/03/2013,97.166
28/03/2013,97.836
27/03/2013,98.3
26/03/2013,95.5
25/03/2013,93.875
22/03/2013,94.665
21/03/2013,93.495
20/03/2013,91.333
19/03/2013,90.67
18/03/2013,90.875
15/03/2013,89.78
14/03/2013,90.173
13/03/2013,90.165
12/03/2013,89.118
11/03/2013,91.425
08/03/2013,94.165
07/03/2013,96.175
06/03/2013,97.838
05/03/2013,99.508
04/03/2013,102.998
01/03/2013,102.884
28/02/2013,102.343
27/02/2013,102.688
26/02/2013,104.328
25/02/2013,103.741
22/02/2013,101.073
21/02/2013,102.327
20/02/2013,101.745
19/02/2013,99.232
18/02/2013,100.003
15/02/2013,99.271
14/02/2013,99.101
13/02/2013,99.168
12/02/2013,98.833
11/02/2013,98.668
08/02/2013,99.335
07/02/2013,99.232
06/02/2013,99.67
05/02/2013,99.5
04/02/2013,99.663
01/02/2013,98.333
31/01/2013,98.25
30/01/2013,97.416
29/01/2013,92.729
28/01/2013,92.885
25/01/2013,91.603
24/01/2013,91.708
23/01/2013,92.335
22/01/2013,92.665
21/01/2013,92.879
18/01/2013,93.0
17/01/2013,92.302
16/01/2013,95.288
15/01/2013,95.875
14/01/2013,96.333
11/01/2013,96.695
10/01/2013,95.383
09/01/2013,94.505
08/01/2013,93.125
07/01/2013,92.065
04/01/2013,91.0
03/01/2013,91.668
02/01/2013,92.222
01/01/2013,97.494
31/12/2012,97.818
28/12/2012,98.29
27/12/2012,97.153
26/12/2012,97.288
25/12/2012,97.059
24/12/2012,97.003
21/12/2012,96.328
20/12/2012,92.16
19/12/2012,88.678
18/12/2012,90.673
17/12/2012,94.042
14/12/2012,94.631
13/12/2012,94.546
12/12/2012,94.212
11/12/2012,95.92
10/12/2012,98.625
07/12/2012,97.875
06/12/2012,96.503
05/12/2012,97.333
04/12/2012,98.42
03/12/2012,98.183
30/11/2012,101.333
29/11/2012,100.343
28/11/2012,102.918
27/11/2012,102.746
26/11/2012,102.168
23/11/2012,100.805
22/11/2012,100.636
21/11/2012,101.0
20/11/2012,100.25
19/11/2012,101.125
16/11/2012,104.675
15/11/2012,104.0
14/11/2012,100.667
13/11/2012,98.625
12/11/2012,100.135
09/11/2012,100.665
08/11/2012,99.658
07/11/2012,97.415
06/11/2012,97.5
05/11/2012,99.338
02/11/2012,100.418
01/11/2012,100.773
31/10/2012,101.338
30/10/2012,103.205
29/10/2012,101.534
26/10/2012,99.335
25/10/2012,99.5
24/10/2012,100.537
23/10/2012,101.222
22/10/2012,99.875
19/10/2012,100.5
18/10/2012,97.563
17/10/2012,99.0
16/10/2012,98.898
15/10/2012,101.0
12/10/2012,102.333
11/10/2012,103.503
10/10/2012,104.124
09/10/2012,103.653
08/10/2012,99.796
05/10/2012,100.448
04/10/2012,101.668
03/10/2012,102.875
02/10/2012,105.003
01/10/2012,103.08
28/09/2012,101.825
27/09/2012,102.003
26/09/2012,103.817
25/09/2012,101.897
24/09/2012,95.328
21/09/2012,92.887
20/09/2012,90.988
19/09/2012,89.663
18/09/2012,87.915
17/09/2012,86.168
14/09/2012,87.52
13/09/2012,92.998
12/09/2012,95.753
11/09/2012,97.673
10/09/2012,100.158
07/09/2012,100.134
06/09/2012,102.668
05/09/2012,105.714
04/09/2012,108.17
03/09/2012,110.052
31/08/2012,111.178
30/08/2012,111.83
29/08/2012,110.949
28/08/2012,110.173
27/08/2012,109.269
24/08/2012,110.854
23/08/2012,109.328
22/08/2012,107.83
21/08/2012,108.843
20/08/2012,112.503
17/08/2012,112.498
16/08/2012,112.498
15/08/2012,111.333
14/08/2012,111.875
13/08/2012,112.514
10/08/2012,111.997
09/08/2012,112.366
08/08/2012,111.163
07/08/2012,111.323
06/08/2012,109.875
03/08/2012,111.34
02/08/2012,114.857
01/08/2012,112.67
31/07/2012,113.165
30/07/2012,113.005
27/07/2012,115.348
26/07/2012,122.1
25/07/2012,128.673
24/07/2012,130.493
23/07/2012,128.351
20/07/2012,122.209
19/07/2012,121.178
18/07/2012,122.833
17/07/2012,121.25
16/07/2012,120.998
13/07/2012,123.013
12/07/2012,126.01
11/07/2012,127.852
10/07/2012,131.193
09/07/2012,134.027
06/07/2012,130.658
05/07/2012,127.853
04/07/2012,126.0
03/07/2012,125.753
02/07/2012,132.966
29/06/2012,139.223
28/06/2012,147.1
27/06/2012,146.711
26/06/2012,147.168
25/06/2012,148.961
22/06/2012,141.764
21/06/2012,141.488
20/06/2012,133.815
19/06/2012,136.193
18/06/2012,140.059
15/06/2012,139.554
14/06/2012,138.793
13/06/2012,146.9
12/06/2012,147.146
11/06/2012,151.667
08/06/2012,150.605
07/06/2012,151.531
06/06/2012,149.693
05/06/2012,162.848
04/06/2012,167.036
01/06/2012,168.15
31/05/2012,164.72
30/05/2012,154.673
29/05/2012,149.951
28/05/2012,150.191
25/05/2012,149.655
24/05/2012,147.998
23/05/2012,146.412
22/05/2012,146.169
21/05/2012,140.65
18/05/2012,145.675
17/05/2012,146.434
16/05/2012,143.008
15/05/2012,143.812
14/05/2012,130.25
11/05/2012,122.244
10/05/2012,119.847
09/05/2012,121.794
08/05/2012,116.424
07/05/2012,113.677
04/05/2012,112.418
03/05/2012,112.335
02/05/2012,112.96
01/05/2012,116.673
30/04/2012,117.5
27/04/2012,119.333
26/04/2012,120.208
25/04/2012,121.339
24/04/2012,123.795
23/04/2012,125.245
20/04/2012,124.315
19/04/2012,127.052
18/04/2012,127.795
17/04/2012,127.008
16/04/2012,129.125
13/04/2012,127.82
12/04/2012,126.488
11/04/2012,129.098
10/04/2012,132.147
09/04/2012,125.77
06/04/2012,122.028
05/04/2012,121.119
04/04/2012,119.521
03/04/2012,116.415
02/04/2012,117.415
30/03/2012,117.675
29/03/2012,118.121
28/03/2012,117.861
27/03/2012,115.363
26/03/2012,110.29
23/03/2012,115.67
22/03/2012,114.325
21/03/2012,111.039
20/03/2012,107.168
19/03/2012,106.236
16/03/2012,112.048
15/03/2012,114.158
14/03/2012,115.263
13/03/2012,116.675
12/03/2012,118.896
09/03/2012,121.603
08/03/2012,122.948
07/03/2012,129.877
06/03/2012,132.482
05/03/2012,126.325
02/03/2012,128.335
01/03/2012,133.533
29/02/2012,136.71
28/02/2012,134.297
27/02/2012,133.989
24/02/2012,133.324
23/02/2012,133.62
22/02/2012,133.766
21/02/2012,133.838
20/02/2012,134.338
17/02/2012,134.844
16/02/2012,136.494
15/02/2012,138.706
14/02/2012,136.745
13/02/2012,136.922
10/02/2012,137.325
09/02/2012,134.863
08/02/2012,134.751
07/02/2012,134.503
06/02/2012,134.953
03/02/2012,135.921
02/02/2012,138.14
01/02/2012,137.749
31/01/2012,141.442
30/01/2012,141.652
27/01/2012,142.763
26/01/2012,144.014
25/01/2012,146.667
24/01/2012,148.325
23/01/2012,146.177
20/01/2012,147.231
19/01/2012,147.536
18/01/2012,149.883
17/01/2012,155.022
16/01/2012,155.327
13/01/2012,152.714
12/01/2012,151.315
11/01/2012,151.538
10/01/2012,148.705
09/01/2012,152.333
06/01/2012,152.233
05/01/2012,153.182
04/01/2012,149.919
03/01/2012,149.462
02/01/2012,153.518
30/12/2011,153.533
29/12/2011,154.048
28/12/2011,154.528
27/12/2011,153.005
26/12/2011,154.127
23/12/2011,154.119
22/12/2011,155.225
21/12/2011,154.767
20/12/2011,155.069
19/12/2011,158.984
16/12/2011,157.083
15/12/2011,156.669
14/12/2011,158.136
13/12/2011,148.202
12/12/2011,149.079
09/12/2011,147.17
08/12/2011,151.7
07/12/2011,141.169
06/12/2011,143.324
05/12/2011,145.52
02/12/2011,155.848
01/12/2011,158.551
30/11/2011,158.51
29/11/2011,177.149
28/11/2011,177.873
25/11/2011,189.709
24/11/2011,188.165
23/11/2011,185.589
22/11/2011,177.84
21/11/2011,180.948
18/11/2011,175.276
17/11/2011,177.037
16/11/2011,169.593
15/11/2011,165.668
14/11/2011,155.602
11/11/2011,156.794
10/11/2011,157.479
09/11/2011,162.37
08/11/2011,142.16
07/11/2011,143.069
04/11/2011,140.875
03/11/2011,140.978
02/11/2011,147.931
01/11/2011,152.344
31/10/2011,136.5
28/10/2011,130.408
27/10/2011,129.668
26/10/2011,152.02
25/10/2011,156.268
24/10/2011,152.942
21/10/2011,158.969
20/10/2011,159.999
19/10/2011,151.97
18/10/2011,151.102
17/10/2011,154.856
14/10/2011,150.398
13/10/2011,154.381
12/10/2011,145.433
11/10/2011,170.886
10/10/2011,177.957
07/10/2011,183.414
06/10/2011,186.494
05/10/2011,197.824
04/10/2011,216.958
03/10/2011,215.04
30/09/2011,197.315
29/09/2011,187.552
28/09/2011,188.07
27/09/2011,183.107
26/09/2011,196.215
23/09/2011,213.21
22/09/2011,216.523
21/09/2011,198.739
20/09/2011,176.419
19/09/2011,166.548
16/09/2011,159.167
15/09/2011,162.894
14/09/2011,170.177
13/09/2011,170.833
12/09/2011,174.106
09/09/2011,167.869
08/09/2011,154.398
07/09/2011,152.09
06/09/2011,158.325
05/09/2011,152.0
02/09/2011,149.485
01/09/2011,142.204
31/08/2011,140.481
30/08/2011,153.157
29/08/2011,159.7
26/08/2011,163.276
25/08/2011,161.779
24/08/2011,160.596
23/08/2011,157.728
22/08/2011,152.24
19/08/2011,145.492
18/08/2011,145.691
17/08/2011,137.604
16/08/2011,142.233
15/08/2011,140.12
12/08/2011,154.667
11/08/2011,161.322
10/08/2011,165.59
09/08/2011,152.02
08/08/2011,160.392
05/08/2011,128.514
04/08/2011,124.718
03/08/2011,112.672
02/08/2011,111.115
01/08/2011,109.333
29/07/2011,111.0
28/07/2011,110.599
27/07/2011,111.984
26/07/2011,111.37
25/07/2011,111.478
22/07/2011,109.891
21/07/2011,109.811
20/07/2011,114.094
19/07/2011,117.451
18/07/2011,117.414
15/07/2011,114.617
14/07/2011,114.896
13/07/2011,113.738
12/07/2011,115.121
11/07/2011,112.422
08/07/2011,106.83
07/07/2011,105.937
06/07/2011,106.963
05/07/2011,106.094
04/07/2011,107.005
01/07/2011,107.419
30/06/2011,107.491
29/06/2011,111.412
28/06/2011,114.045
27/06/2011,115.483
24/06/2011,115.472
23/06/2011,115.066
22/06/2011,109.987
21/06/2011,110.658
20/06/2011,113.0
17/06/2011,111.758
16/06/2011,111.655
15/06/2011,109.47
14/06/2011,106.174
13/06/2011,109.0
10/06/2011,107.25
09/06/2011,106.335
08/06/2011,107.548
07/06/2011,105.67
06/06/2011,105.742
03/06/2011,105.109
02/06/2011,104.546
01/06/2011,104.053
31/05/2011,102.949
30/05/2011,104.992
27/05/2011,105.335
26/05/2011,106.05
25/05/2011,102.68
24/05/2011,101.404
23/05/2011,100.946
20/05/2011,99.685
19/05/2011,98.496
18/05/2011,98.0
17/05/2011,98.987
16/05/2011,98.85
13/05/2011,99.0
12/05/2011,99.0
11/05/2011,98.381
10/05/2011,98.521
09/05/2011,100.135
06/05/2011,100.053
05/05/2011,100.335
04/05/2011,97.772
03/05/2011,97.659
02/05/2011,98.035
29/04/2011,98.516
28/04/2011,100.0
27/04/2011,100.243
26/04/2011,99.394
25/04/2011,101.146
22/04/2011,102.0
21/04/2011,102.025
20/04/2011,101.958
19/04/2011,102.609
18/04/2011,101.995
15/04/2011,99.777
14/04/2011,100.567
13/04/2011,100.516
12/04/2011,99.772
11/04/2011,97.694
08/04/2011,98.088
07/04/2011,100.23
06/04/2011,99.718
05/04/2011,101.429
04/04/2011,100.652
01/04/2011,102.851
31/03/2011,105.417
30/03/2011,106.244
29/03/2011,106.513
28/03/2011,108.418
25/03/2011,107.681
24/03/2011,108.144
23/03/2011,110.008
22/03/2011,110.145
21/03/2011,109.0
18/03/2011,111.069
17/03/2011,112.846
16/03/2011,113.272
15/03/2011,110.384
14/03/2011,109.186
11/03/2011,108.181
10/03/2011,108.976
09/03/2011,105.215
08/03/2011,105.071
07/03/2011,107.96
04/03/2011,109.0
03/03/2011,110.67
02/03/2011,114.556
01/03/2011,114.559
28/02/2011,114.47
25/02/2011,116.771
24/02/2011,117.577
23/02/2011,118.312
22/02/2011,119.482
21/02/2011,114.437
18/02/2011,114.396
17/02/2011,114.01
16/02/2011,116.064
15/02/2011,118.252
14/02/2011,120.815
11/02/2011,122.259
10/02/2011,121.67
09/02/2011,120.598
08/02/2011,116.072
07/02/2011,115.529
04/02/2011,114.595
03/02/2011,116.538
02/02/2011,116.928
01/02/2011,117.609
31/01/2011,120.527
28/01/2011,123.756
27/01/2011,117.261
26/01/2011,112.507
25/01/2011,113.357
24/01/2011,111.383
21/01/2011,113.125
20/01/2011,113.309
19/01/2011,112.542
18/01/2011,109.733
17/01/2011,109.598
14/01/2011,109.553
13/01/2011,110.326
12/01/2011,109.36
11/01/2011,113.834
10/01/2011,115.363
07/01/2011,113.98
06/01/2011,110.373
05/01/2011,106.632
04/01/2011,108.199
03/01/2011,109.47
31/12/2010,113.556
30/12/2010,113.89
29/12/2010,114.504
28/12/2010,117.001
27/12/2010,116.326
24/12/2010,116.321
23/12/2010,116.315
22/12/2010,115.912
21/12/2010,117.609
20/12/2010,117.184
17/12/2010,115.965
16/12/2010,119.06
15/12/2010,119.469
14/12/2010,113.019
13/12/2010,114.083
10/12/2010,112.717
09/12/2010,110.147
08/12/2010,109.45
07/12/2010,108.174
06/12/2010,108.015
03/12/2010,108.99
02/12/2010,110.608
01/12/2010,120.885
30/11/2010,128.944
29/11/2010,122.173
26/11/2010,117.61
25/11/2010,116.71
24/11/2010,116.038
23/11/2010,121.277
22/11/2010,115.734
19/11/2010,113.368
18/11/2010,113.983
17/11/2010,116.695
16/11/2010,121.779
15/11/2010,111.549
12/11/2010,110.406
11/11/2010,108.903
10/11/2010,108.451
09/11/2010,107.288
08/11/2010,105.588
05/11/2010,99.149
04/11/2010,95.439
03/11/2010,100.794
02/11/2010,103.501
01/11/2010,105.776
29/10/2010,106.433
28/10/2010,105.72
27/10/2010,106.776
26/10/2010,104.906
25/10/2010,102.66
22/10/2010,107.574
21/10/2010,110.582
20/10/2010,109.469
19/10/2010,115.338
18/10/2010,108.924
15/10/2010,104.976
14/10/2010,100.163
13/10/2010,94.38
12/10/2010,98.363
11/10/2010,104.14
08/10/2010,103.463
07/10/2010,109.906
06/10/2010,109.018
05/10/2010,112.038
04/10/2010,117.216
01/10/2010,118.069
30/09/2010,122.74
29/09/2010,123.671
28/09/2010,123.687
27/09/2010,126.828
24/09/2010,132.107
23/09/2010,134.664
22/09/2010,129.1
21/09/2010,134.776
20/09/2010,129.481
17/09/2010,127.917
16/09/2010,125.278
15/09/2010,127.22
14/09/2010,128.997
13/09/2010,129.307
10/09/2010,136.156
09/09/2010,141.148
08/09/2010,145.135
07/09/2010,141.309
06/09/2010,132.582
03/09/2010,132.732
02/09/2010,137.948
01/09/2010,142.819
31/08/2010,143.821
30/08/2010,136.7
27/08/2010,132.318
26/08/2010,133.884
25/08/2010,126.096
24/08/2010,125.792
23/08/2010,120.076
20/08/2010,120.678
19/08/2010,118.802
18/08/2010,116.121
17/08/2010,115.687
16/08/2010,119.853
13/08/2010,118.648
12/08/2010,117.102
11/08/2010,114.336
10/08/2010,113.833
09/08/2010,112.319
06/08/2010,114.619
05/08/2010,115.309
04/08/2010,115.543
03/08/2010,115.163
02/08/2010,113.486
30/07/2010,116.854
29/07/2010,116.448
28/07/2010,119.505
27/07/2010,116.988
26/07/2010,116.523
23/07/2010,120.706
22/07/2010,119.855
21/07/2010,124.442
20/07/2010,124.073
19/07/2010,127.06
16/07/2010,126.822
15/07/2010,123.528
14/07/2010,124.459
13/07/2010,121.013
12/07/2010,125.104
09/07/2010,127.474
08/07/2010,129.024
07/07/2010,133.673
06/07/2010,137.656
05/07/2010,137.99
02/07/2010,138.251
01/07/2010,139.737
30/06/2010,138.058
29/06/2010,137.214
28/06/2010,127.2
25/06/2010,127.828
24/06/2010,131.799
23/06/2010,126.972
22/06/2010,127.081
21/06/2010,122.957
18/06/2010,124.158
17/06/2010,127.873
16/06/2010,132.29
15/06/2010,132.52
14/06/2010,134.61
11/06/2010,140.502
10/06/2010,138.734
09/06/2010,143.305
08/06/2010,148.707
07/06/2010,145.979
04/06/2010,144.511
03/06/2010,131.191
02/06/2010,130.871
01/06/2010,134.87
31/05/2010,133.561
28/05/2010,136.605
27/05/2010,132.387
26/05/2010,140.186
25/05/2010,149.865
24/05/2010,146.177
21/05/2010,149.827
20/05/2010,154.271
19/05/2010,141.278
18/05/2010,141.421
17/05/2010,130.96
14/05/2010,128.227
13/05/2010,119.158
12/05/2010,115.67
11/05/2010,125.73
10/05/2010,126.647
07/05/2010,152.352
06/05/2010,152.514
05/05/2010,131.523
04/05/2010,124.993
03/05/2010,111.394
30/04/2010,115.128
29/04/2010,115.366
28/04/2010,117.896
27/04/2010,121.693
26/04/2010,110.619
23/04/2010,108.156
22/04/2010,106.559
21/04/2010,102.885
20/04/2010,100.761
19/04/2010,103.374
16/04/2010,103.655
15/04/2010,99.013
14/04/2010,104.338
13/04/2010,106.652
12/04/2010,109.286
09/04/2010,113.21
08/04/2010,113.464
07/04/2010,113.916
06/04/2010,109.805
05/04/2010,107.401
02/04/2010,112.967
01/04/2010,113.127
31/03/2010,116.229
30/03/2010,115.236
29/03/2010,116.564
26/03/2010,116.434
25/03/2010,115.551
24/03/2010,114.422
23/03/2010,111.616
22/03/2010,113.649
19/03/2010,108.39
18/03/2010,105.074
17/03/2010,105.398
16/03/2010,106.906
15/03/2010,108.739
12/03/2010,107.206
11/03/2010,106.119
10/03/2010,107.94
09/03/2010,110.81
08/03/2010,110.295
05/03/2010,115.913
04/03/2010,118.65
03/03/2010,119.321
02/03/2010,123.43
01/03/2010,122.825
26/02/2010,126.838
25/02/2010,127.439
24/02/2010,128.938
23/02/2010,130.431
22/02/2010,128.21
19/02/2010,131.112
18/02/2010,133.272
17/02/2010,135.945
16/02/2010,135.228
15/02/2010,139.868
12/02/2010,140.684
11/02/2010,137.343
10/02/2010,142.336
09/02/2010,150.125
08/02/2010,161.078
05/02/2010,151.765
04/02/2010,153.872
03/02/2010,144.867
02/02/2010,142.186
01/02/2010,148.014
29/01/2010,150.338
28/01/2010,151.428
27/01/2010,145.257
26/01/2010,144.919
25/01/2010,137.563
22/01/2010,145.74
21/01/2010,141.694
20/01/2010,132.505
19/01/2010,129.858
18/01/2010,133.851
15/01/2010,132.727
14/01/2010,128.51
13/01/2010,124.847
12/01/2010,126.096
11/01/2010,122.796
08/01/2010,123.129
07/01/2010,123.33
06/01/2010,124.533
05/01/2010,125.542
04/01/2010,124.852
01/01/2010,134.272
31/12/2009,133.782
30/12/2009,134.489
29/12/2009,133.393
28/12/2009,132.83
25/12/2009,133.633
24/12/2009,133.164
23/12/2009,134.584
22/12/2009,133.446
21/12/2009,138.371
18/12/2009,140.373
17/12/2009,143.191
16/12/2009,140.084
15/12/2009,137.162
14/12/2009,140.2
11/12/2009,142.56
10/12/2009,145.068
09/12/2009,147.834
08/12/2009,140.182
07/12/2009,137.235
04/12/2009,138.173
03/12/2009,140.733
02/12/2009,139.156
01/12/2009,140.529
30/11/2009,148.174
27/11/2009,150.98
26/11/2009,139.112
25/11/2009,139.455
24/11/2009,140.563
23/11/2009,141.26
20/11/2009,141.104
19/11/2009,141.251
18/11/2009,138.984
17/11/2009,140.974
16/11/2009,139.849
13/11/2009,147.5
12/11/2009,149.14
11/11/2009,146.058
10/11/2009,145.96
09/11/2009,147.014
06/11/2009,161.843
05/11/2009,162.474
04/11/2009,164.582
03/11/2009,168.916
02/11/2009,166.039
30/10/2009,169.756
29/10/2009,166.163
28/10/2009,182.17
27/10/2009,175.244
26/10/2009,173.37
23/10/2009,158.107
22/10/2009,151.972
21/10/2009,156.356
20/10/2009,148.383
19/10/2009,145.487
16/10/2009,147.734
15/10/2009,143.906
14/10/2009,139.501
13/10/2009,144.795
12/10/2009,143.748
09/10/2009,143.997
08/10/2009,144.802
07/10/2009,149.195
06/10/2009,144.267
05/10/2009,152.978
02/10/2009,165.651
01/10/2009,167.061
30/09/2009,157.335
29/09/2009,160.35
28/09/2009,164.863
25/09/2009,164.353
24/09/2009,161.119
23/09/2009,154.296
22/09/2009,147.845
21/09/2009,154.649
18/09/2009,146.819
17/09/2009,141.899
16/09/2009,136.553
15/09/2009,145.789
14/09/2009,148.62
11/09/2009,156.693
10/09/2009,158.123
09/09/2009,158.408
08/09/2009,159.674
07/09/2009,171.036
04/09/2009,171.352
03/09/2009,174.078
02/09/2009,185.789
01/09/2009,190.734
31/08/2009,177.95
28/08/2009,172.003
27/08/2009,171.454
26/08/2009,174.484
25/08/2009,166.934
24/08/2009,167.16
21/08/2009,163.564
20/08/2009,163.989
19/08/2009,168.655
18/08/2009,162.805
17/08/2009,171.0
14/08/2009,162.833
13/08/2009,158.665
12/08/2009,160.209
11/08/2009,161.765
10/08/2009,144.296
07/08/2009,141.823
06/08/2009,150.319
05/08/2009,144.223
04/08/2009,145.814
03/08/2009,139.332
31/07/2009,161.998
30/07/2009,166.554
29/07/2009,172.663
28/07/2009,166.168
27/07/2009,165.997
24/07/2009,174.288
23/07/2009,175.78
22/07/2009,193.403
21/07/2009,190.374
20/07/2009,202.587
17/07/2009,213.951
16/07/2009,219.986
15/07/2009,222.439
14/07/2009,232.697
13/07/2009,235.248
10/07/2009,237.007
09/07/2009,230.168
08/07/2009,231.141
07/07/2009,223.513
06/07/2009,207.908
03/07/2009,208.133
02/07/2009,208.725
01/07/2009,201.084
30/06/2009,207.165
29/06/2009,204.767
26/06/2009,217.898
25/06/2009,219.681
24/06/2009,226.427
23/06/2009,242.411
22/06/2009,246.401
19/06/2009,233.492
18/06/2009,228.081
17/06/2009,233.045
16/06/2009,226.942
15/06/2009,216.91
12/06/2009,207.426
11/06/2009,211.525
10/06/2009,216.5
09/06/2009,216.23
08/06/2009,210.469
05/06/2009,203.33
04/06/2009,209.426
03/06/2009,215.772
02/06/2009,203.612
01/06/2009,202.206
29/05/2009,219.207
28/05/2009,225.606
27/05/2009,228.666
26/05/2009,233.809
25/05/2009,241.804
22/05/2009,239.064
21/05/2009,237.232
20/05/2009,229.254
19/05/2009,233.134
18/05/2009,241.654
15/05/2009,261.508
14/05/2009,260.446
13/05/2009,266.58
12/05/2009,255.441
11/05/2009,249.599
08/05/2009,230.317
07/05/2009,234.474
06/05/2009,237.016
05/05/2009,255.399
04/05/2009,269.348
01/05/2009,299.348
30/04/2009,299.787
29/04/2009,293.87
28/04/2009,320.77
27/04/2009,328.515
24/04/2009,298.567
23/04/2009,300.227
22/04/2009,306.884
21/04/2009,302.844
20/04/2009,308.963
17/04/2009,283.758
16/04/2009,281.382
15/04/2009,290.574
14/04/2009,284.35
13/04/2009,284.591
10/04/2009,280.358
09/04/2009,280.693
08/04/2009,293.34
07/04/2009,306.416
06/04/2009,298.947
03/04/2009,293.965
02/04/2009,328.731
01/04/2009,361.995
31/03/2009,380.4
30/03/2009,403.744
27/03/2009,372.83
26/03/2009,367.201
25/03/2009,390.644
24/03/2009,393.856
23/03/2009,386.393
20/03/2009,402.68
19/03/2009,393.531
18/03/2009,390.348
17/03/2009,407.989
16/03/2009,399.594
13/03/2009,409.142
12/03/2009,416.356
11/03/2009,440.0
10/03/2009,445.718
09/03/2009,485.843
06/03/2009,476.214
05/03/2009,479.68
04/03/2009,459.784
03/03/2009,478.21
02/03/2009,490.464
27/02/2009,462.096
26/02/2009,446.575
25/02/2009,442.955
24/02/2009,444.33
23/02/2009,472.01
20/02/2009,445.627
19/02/2009,413.705
18/02/2009,417.023
17/02/2009,435.447
16/02/2009,406.871
13/02/2009,405.98
12/02/2009,408.663
11/02/2009,401.368
10/02/2009,395.775
09/02/2009,359.792
06/02/2009,367.589
05/02/2009,389.297
04/02/2009,392.299
03/02/2009,368.934
02/02/2009,359.782
30/01/2009,356.033
29/01/2009,342.429
28/01/2009,330.868
27/01/2009,339.652
26/01/2009,328.127
23/01/2009,340.503
22/01/2009,354.231
21/01/2009,347.147
20/01/2009,356.348
19/01/2009,327.114
16/01/2009,327.147
15/01/2009,335.457
14/01/2009,330.599
13/01/2009,309.429
12/01/2009,311.34
09/01/2009,295.165
08/01/2009,304.193
07/01/2009,295.67
06/01/2009,277.731
05/01/2009,278.66
01/01/2009,292.604
31/12/2008,292.604
30/12/2008,295.178
29/12/2008,292.371
24/12/2008,296.589
23/12/2008,296.589
22/12/2008,295.31
19/12/2008,295.785
18/12/2008,309.284
17/12/2008,320.955
16/12/2008,356.943
15/12/2008,385.561
12/12/2008,374.838
11/12/2008,359.794
10/12/2008,364.533
09/12/2008,374.665
08/12/2008,363.211
05/12/2008,407.792
04/12/2008,391.401
03/12/2008,356.106
02/12/2008,340.33
01/12/2008,356.122
28/11/2008,316.985
27/11/2008,327.475
26/11/2008,327.698
25/11/2008,334.645
24/11/2008,367.425
21/11/2008,426.843
20/11/2008,443.124
19/11/2008,397.896
18/11/2008,361.221
17/11/2008,354.005
14/11/2008,348.152
13/11/2008,347.328
12/11/2008,348.551
11/11/2008,293.99
10/11/2008,297.005
07/11/2008,304.01
06/11/2008,319.551
05/11/2008,293.226
04/11/2008,268.165
03/11/2008,299.594
31/10/2008,315.934
30/10/2008,345.693
29/10/2008,402.609
28/10/2008,466.741
27/10/2008,534.43
24/10/2008,587.451
23/10/2008,601.206
22/10/2008,539.925
21/10/2008,342.726
20/10/2008,316.363
17/10/2008,311.409
16/10/2008,323.018
15/10/2008,306.427
14/10/2008,257.708
10/10/2008,390.67
09/10/2008,274.588
08/10/2008,259.786
07/10/2008,219.629
06/10/2008,213.96
03/10/2008,168.107
02/10/2008,174.995
01/10/2008,148.731
30/09/2008,144.32
29/09/2008,154.919
26/09/2008,135.939
25/09/2008,132.16
24/09/2008,136.703
23/09/2008,138.528
22/09/2008,133.066
19/09/2008,136.241
18/09/2008,174.53
17/09/2008,196.101
16/09/2008,207.843
15/09/2008,165.02
12/09/2008,134.201
11/09/2008,136.46
10/09/2008,135.937
09/09/2008,137.767
08/09/2008,128.833
05/09/2008,132.498
04/09/2008,131.843
03/09/2008,122.168
02/09/2008,118.937
29/08/2008,118.437
28/08/2008,117.63
27/08/2008,120.234
26/08/2008,121.305
25/08/2008,119.437
22/08/2008,116.0
21/08/2008,118.465
20/08/2008,118.0
19/08/2008,118.267
18/08/2008,114.899
15/08/2008,110.168
14/08/2008,108.767
13/08/2008,108.564
12/08/2008,108.168
11/08/2008,107.168
08/08/2008,111.569
07/08/2008,108.371
06/08/2008,104.097
05/08/2008,105.833
04/08/2008,110.135
01/08/2008,107.434
31/07/2008,105.767
30/07/2008,101.267
29/07/2008,102.566
28/07/2008,104.498
25/07/2008,103.805
24/07/2008,104.734
23/07/2008,96.899
22/07/2008,99.884
21/07/2008,103.14
18/07/2008,104.833
17/07/2008,107.097
16/07/2008,111.226
15/07/2008,117.432
14/07/2008,116.338
11/07/2008,116.772
10/07/2008,116.767
09/07/2008,118.084
08/07/2008,119.998
07/07/2008,121.965
04/07/2008,124.863
03/07/2008,124.863
02/07/2008,127.107
01/07/2008,122.163
30/06/2008,115.399
27/06/2008,113.371
26/06/2008,106.734
25/06/2008,96.835
24/06/2008,97.269
23/06/2008,93.335
20/06/2008,93.835
19/06/2008,89.833
18/06/2008,90.701
17/06/2008,87.503
16/06/2008,88.767
13/06/2008,89.901
12/06/2008,88.734
11/06/2008,88.8
10/06/2008,86.965
09/06/2008,85.3
06/06/2008,81.544
05/06/2008,80.835
04/06/2008,82.569
03/06/2008,80.665
02/06/2008,80.564
30/05/2008,76.665
29/05/2008,77.932
28/05/2008,79.726
27/05/2008,80.165
26/05/2008,76.698
23/05/2008,77.333
22/05/2008,76.168
21/05/2008,76.137
20/05/2008,75.165
19/05/2008,71.665
16/05/2008,73.066
15/05/2008,76.267
14/05/2008,77.333
13/05/2008,77.934
12/05/2008,77.96
09/05/2008,82.05
08/05/2008,81.396
07/05/2008,82.0
06/05/2008,80.0
05/05/2008,81.236
02/05/2008,79.043
01/05/2008,81.15
30/04/2008,84.0
29/04/2008,85.5
28/04/2008,83.736
25/04/2008,84.335
24/04/2008,83.033
23/04/2008,85.375
22/04/2008,87.67
21/04/2008,87.333
18/04/2008,85.566
17/04/2008,92.167
16/04/2008,95.528
15/04/2008,102.736
14/04/2008,105.269
11/04/2008,105.8
10/04/2008,103.033
09/04/2008,106.533
08/04/2008,107.0
07/04/2008,103.85
04/04/2008,109.25
03/04/2008,114.825
02/04/2008,120.325
01/04/2008,123.132
31/03/2008,130.099
28/03/2008,123.84
27/03/2008,121.667
26/03/2008,122.998
25/03/2008,118.627
24/03/2008,123.584
21/03/2008,137.335
20/03/2008,137.0
19/03/2008,140.109
18/03/2008,143.667
17/03/2008,166.226
14/03/2008,162.0
13/03/2008,155.0
12/03/2008,148.463
11/03/2008,143.525
10/03/2008,154.833
07/03/2008,143.66
06/03/2008,132.269
05/03/2008,124.069
04/03/2008,125.0
03/03/2008,125.538
29/02/2008,123.175
28/02/2008,115.335
27/02/2008,111.665
26/02/2008,110.33
25/02/2008,112.5
22/02/2008,120.104
21/02/2008,120.505
20/02/2008,120.526
19/02/2008,118.675
18/02/2008,119.566
15/02/2008,119.734
14/02/2008,116.003
13/02/2008,117.561
12/02/2008,124.033
11/02/2008,127.635
08/02/2008,127.764
07/02/2008,122.033
06/02/2008,117.871
05/02/2008,117.003
04/02/2008,108.569
01/02/2008,109.165
31/01/2008,110.503
30/01/2008,107.868
29/01/2008,107.731
28/01/2008,109.767
25/01/2008,108.35
24/01/2008,108.802
23/01/2008,117.549
22/01/2008,114.55
21/01/2008,106.429
18/01/2008,106.508
17/01/2008,104.167
16/01/2008,97.234
15/01/2008,96.099
14/01/2008,91.906
11/01/2008,89.475
10/01/2008,87.833
09/01/2008,88.5
08/01/2008,87.325
07/01/2008,83.437
04/01/2008,80.234
03/01/2008,73.025
02/01/2008,73.236
01/01/2008,69.163
31/12/2007,69.498
28/12/2007,68.668
27/12/2007,69.198
26/12/2007,69.632
25/12/2007,69.465
24/12/2007,69.465
21/12/2007,69.465
20/12/2007,70.003
19/12/2007,69.234
18/12/2007,68.566
17/12/2007,68.267
14/12/2007,66.802
13/12/2007,65.833
12/12/2007,65.368
11/12/2007,65.746
10/12/2007,61.066
07/12/2007,62.102
06/12/2007,62.792
05/12/2007,65.835
04/12/2007,68.167
03/12/2007,67.335
30/11/2007,66.904
29/11/2007,71.833
28/11/2007,72.432
27/11/2007,81.167
26/11/2007,83.767
23/11/2007,81.767
22/11/2007,82.434
21/11/2007,82.767
20/11/2007,75.198
19/11/2007,74.01
16/11/2007,69.137
15/11/2007,66.305
14/11/2007,61.5
13/11/2007,60.033
12/11/2007,60.434
09/11/2007,59.599
08/11/2007,58.264
07/11/2007,57.0
06/11/2007,52.0
05/11/2007,54.0
02/11/2007,52.264
01/11/2007,51.667
31/10/2007,47.231
30/10/2007,48.333
29/10/2007,47.198
26/10/2007,49.165
25/10/2007,51.434
24/10/2007,52.0
23/10/2007,49.333
22/10/2007,50.63
19/10/2007,50.241
18/10/2007,44.231
17/10/2007,42.667
16/10/2007,41.665
15/10/2007,41.165
12/10/2007,40.0
11/10/2007,40.274
10/10/2007,39.934
09/10/2007,43.774
08/10/2007,46.505
05/10/2007,46.0
04/10/2007,48.0
03/10/2007,48.566
02/10/2007,48.901
01/10/2007,49.099
28/09/2007,48.901
27/09/2007,47.536
26/09/2007,47.302
25/09/2007,47.33
24/09/2007,45.741
21/09/2007,44.236
20/09/2007,46.335
19/09/2007,46.668
18/09/2007,54.833
17/09/2007,60.833
14/09/2007,60.667
13/09/2007,60.667
12/09/2007,64.0
11/09/2007,64.333
10/09/2007,66.427
07/09/2007,65.401
06/09/2007,62.63
05/09/2007,62.333
04/09/2007,60.333
03/09/2007,60.5
31/08/2007,60.33
30/08/2007,62.3
29/08/2007,61.625
28/08/2007,65.5
27/08/2007,57.0
24/08/2007,59.153
23/08/2007,62.833
22/08/2007,64.833
21/08/2007,75.333
20/08/2007,74.75
17/08/2007,73.592
16/08/2007,80.084
15/08/2007,74.167
14/08/2007,66.167
13/08/2007,61.305
10/08/2007,62.825
09/08/2007,57.833
08/08/2007,53.375
07/08/2007,57.125
06/08/2007,59.975
03/08/2007,57.8
02/08/2007,56.25
01/08/2007,57.266
31/07/2007,58.738
30/07/2007,61.551
27/07/2007,71.114
26/07/2007,70.556
25/07/2007,46.802
24/07/2007,44.896
23/07/2007,40.866
20/07/2007,40.134
19/07/2007,36.602
18/07/2007,36.734
17/07/2007,35.525
16/07/2007,35.9
13/07/2007,35.333
12/07/2007,35.217
11/07/2007,35.7
10/07/2007,35.65
09/07/2007,33.067
06/07/2007,33.599
05/07/2007,33.983
04/07/2007,34.0
03/07/2007,33.834
02/07/2007,34.382
29/06/2007,35.599
28/06/2007,34.916
27/06/2007,35.5
26/06/2007,32.615
25/06/2007,32.083
22/06/2007,31.999
21/06/2007,31.475
20/06/2007,31.5
19/06/2007,30.425
18/06/2007,30.15
15/06/2007,30.025
14/06/2007,30.625
13/06/2007,30.75
12/06/2007,31.0
11/06/2007,30.297
08/06/2007,30.625
07/06/2007,31.1
06/06/2007,30.283
05/06/2007,29.0
04/06/2007,28.375
01/06/2007,28.167
31/05/2007,28.563
30/05/2007,29.02
29/05/2007,28.875
28/05/2007,28.797
25/05/2007,29.083
24/05/2007,28.8
23/05/2007,28.9
22/05/2007,29.03
21/05/2007,29.54
18/05/2007,29.625
17/05/2007,29.775
16/05/2007,31.275
15/05/2007,32.6
14/05/2007,32.75
11/05/2007,32.75
10/05/2007,32.325
09/05/2007,31.85
08/05/2007,32.025
07/05/2007,31.95
04/05/2007,32.025
03/05/2007,32.063
02/05/2007,32.013
01/05/2007,32.45
30/04/2007,33.56
27/04/2007,33.5
26/04/2007,33.485
25/04/2007,35.4
24/04/2007,35.405
23/04/2007,35.0
20/04/2007,35.0
19/04/2007,34.895
18/04/2007,35.4
17/04/2007,36.6
16/04/2007,37.518
13/04/2007,38.75
12/04/2007,38.793
11/04/2007,38.209
10/04/2007,38.588
09/04/2007,38.533
06/04/2007,39.391
05/04/2007,38.918
04/04/2007,39.485
03/04/2007,40.25
02/04/2007,40.75
30/03/2007,41.258
29/03/2007,42.278
28/03/2007,43.0
27/03/2007,42.25
26/03/2007,42.334
23/03/2007,40.845
22/03/2007,40.55
21/03/2007,40.75
20/03/2007,41.801
19/03/2007,41.429
16/03/2007,43.46
15/03/2007,44.426
14/03/2007,46.267
13/03/2007,46.533
12/03/2007,44.894
09/03/2007,45.688
08/03/2007,46.026
07/03/2007,47.0
06/03/2007,47.174
05/03/2007,48.5
02/03/2007,46.925
01/03/2007,45.57
28/02/2007,43.9
27/02/2007,45.651
26/02/2007,41.733
23/02/2007,40.575
22/02/2007,40.188
21/02/2007,40.23
20/02/2007,39.9
19/02/2007,39.889
16/02/2007,39.541
15/02/2007,39.325
14/02/2007,39.7
13/02/2007,40.808
12/02/2007,41.584
09/02/2007,40.89
08/02/2007,40.86
07/02/2007,39.376
06/02/2007,39.396
05/02/2007,39.81
02/02/2007,39.825
01/02/2007,41.067
31/01/2007,42.94
30/01/2007,42.8
29/01/2007,41.9
26/01/2007,41.45
25/01/2007,40.6
24/01/2007,40.1
23/01/2007,41.0
22/01/2007,40.726
19/01/2007,40.594
18/01/2007,40.688
17/01/2007,40.8
16/01/2007,41.426
15/01/2007,41.219
12/01/2007,41.438
11/01/2007,41.7
10/01/2007,41.59
09/01/2007,41.3
08/01/2007,39.125
05/01/2007,39.276
04/01/2007,39.32
03/01/2007,39.146
02/01/2007,40.334
01/01/2007,40.5
29/12/2006,40.417
28/12/2006,40.333
27/12/2006,40.25
26/12/2006,40.167
22/12/2006,40.5
21/12/2006,40.663
20/12/2006,41.001
19/12/2006,41.209
18/12/2006,41.335
15/12/2006,41.517
14/12/2006,42.0
13/12/2006,42.6
12/12/2006,42.813
11/12/2006,42.763
08/12/2006,43.05
07/12/2006,43.688
06/12/2006,44.213
05/12/2006,45.479
04/12/2006,46.18
01/12/2006,47.77
30/11/2006,46.75
29/11/2006,47.6
28/11/2006,49.15
27/11/2006,48.611
24/11/2006,46.75
23/11/2006,46.75
22/11/2006,46.6
21/11/2006,46.625
20/11/2006,46.65
17/11/2006,46.4
16/11/2006,45.125
15/11/2006,45.083
14/11/2006,45.35
13/11/2006,45.056
10/11/2006,44.75
09/11/2006,44.271
08/11/2006,44.845
07/11/2006,45.0
06/11/2006,45.9
03/11/2006,46.139
02/11/2006,46.5
01/11/2006,46.167
31/10/2006,45.768
30/10/2006,45.266
27/10/2006,44.55
26/10/2006,43.833
25/10/2006,44.583
24/10/2006,45.3
23/10/2006,45.5
20/10/2006,45.3
19/10/2006,45.4
18/10/2006,46.4
17/10/2006,46.8
16/10/2006,46.667
13/10/2006,48.8
12/10/2006,49.4
11/10/2006,51.857
10/10/2006,50.643
09/10/2006,56.0
06/10/2006,54.917
05/10/2006,56.25
04/10/2006,56.625
03/10/2006,56.286
02/10/2006,56.438
29/09/2006,56.688
28/09/2006,55.571
27/09/2006,55.643
26/09/2006,56.0
25/09/2006,57.667
22/09/2006,56.429
21/09/2006,56.5
20/09/2006,51.571
19/09/2006,51.333
18/09/2006,51.0
15/09/2006,51.1
14/09/2006,51.1
13/09/2006,50.25
12/09/2006,50.25
11/09/2006,50.9
08/09/2006,49.6
07/09/2006,48.1
06/09/2006,47.833
05/09/2006,47.083
04/09/2006,49.333
01/09/2006,49.1
31/08/2006,48.9
30/08/2006,49.667
29/08/2006,51.167
28/08/2006,51.943
25/08/2006,52.1
24/08/2006,51.8
23/08/2006,50.6
22/08/2006,49.1
21/08/2006,48.405
18/08/2006,48.634
17/08/2006,48.478
16/08/2006,49.052
15/08/2006,50.092
14/08/2006,50.941
11/08/2006,51.8
10/08/2006,53.512
09/08/2006,54.291
08/08/2006,54.688
07/08/2006,55.469
04/08/2006,55.289
03/08/2006,56.071
02/08/2006,55.611
01/08/2006,57.995
31/07/2006,58.037
28/07/2006,55.771
27/07/2006,55.052
26/07/2006,55.73
25/07/2006,56.684
24/07/2006,56.942
21/07/2006,57.726
20/07/2006,58.2
19/07/2006,61.0
18/07/2006,62.2
17/07/2006,63.875
14/07/2006,65.273
13/07/2006,63.602
12/07/2006,61.199
11/07/2006,62.36
10/07/2006,63.056
07/07/2006,64.788
06/07/2006,66.88
05/07/2006,72.323
04/07/2006,70.0
03/07/2006,69.884
30/06/2006,80.0
29/06/2006,82.316
28/06/2006,84.682
27/06/2006,88.565
26/06/2006,91.8
23/06/2006,92.4
22/06/2006,90.2
21/06/2006,88.4
20/06/2006,88.3
19/06/2006,88.0
16/06/2006,87.5
15/06/2006,87.279
14/06/2006,89.899
13/06/2006,90.405
12/06/2006,89.067
09/06/2006,85.4
08/06/2006,85.869
07/06/2006,85.691
06/06/2006,84.557
05/06/2006,81.809
02/06/2006,79.732
01/06/2006,80.876
31/05/2006,86.087
30/05/2006,87.294
29/05/2006,82.5
26/05/2006,79.656
25/05/2006,81.376
24/05/2006,87.325
23/05/2006,82.925
22/05/2006,82.947
19/05/2006,77.004
18/05/2006,77.89
17/05/2006,77.436
16/05/2006,73.085
15/05/2006,77.292
12/05/2006,71.5
11/05/2006,67.0
10/05/2006,66.558
09/05/2006,66.774
08/05/2006,66.006
05/05/2006,62.92
04/05/2006,62.389
03/05/2006,61.066
02/05/2006,61.833
01/05/2006,63.0
28/04/2006,63.821
27/04/2006,64.893
26/04/2006,65.617
25/04/2006,67.854
24/04/2006,67.988
21/04/2006,67.742
20/04/2006,68.163
19/04/2006,67.897
18/04/2006,71.58
17/04/2006,75.106
14/04/2006,75.169
13/04/2006,75.169
12/04/2006,74.579
11/04/2006,76.285
10/04/2006,77.333
07/04/2006,76.786
06/04/2006,74.036
05/04/2006,74.457
04/04/2006,70.932
03/04/2006,68.549
31/03/2006,68.568
30/03/2006,69.714
29/03/2006,74.696
28/03/2006,77.563
27/03/2006,75.165
24/03/2006,69.625
23/03/2006,66.286
22/03/2006,64.396
21/03/2006,64.532
20/03/2006,61.827
17/03/2006,60.424
16/03/2006,60.696
15/03/2006,60.84
14/03/2006,61.815
13/03/2006,60.444
10/03/2006,61.036
09/03/2006,61.979
08/03/2006,64.841
07/03/2006,58.563
06/03/2006,55.36
03/03/2006,52.243
02/03/2006,49.909
01/03/2006,48.324
28/02/2006,48.529
27/02/2006,46.994
24/02/2006,48.022
23/02/2006,47.127
22/02/2006,51.204
21/02/2006,50.358
20/02/2006,52.833
17/02/2006,50.808
16/02/2006,51.798
15/02/2006,52.738
14/02/2006,51.482
13/02/2006,52.395
10/02/2006,52.125
09/02/2006,54.707
08/02/2006,55.759
07/02/2006,55.184
06/02/2006,55.407
03/02/2006,57.874
02/02/2006,58.258
01/02/2006,59.127
31/01/2006,60.542
30/01/2006,60.278
27/01/2006,60.029
26/01/2006,60.711
25/01/2006,61.318
24/01/2006,61.761
23/01/2006,62.146
20/01/2006,61.929
19/01/2006,61.045
18/01/2006,63.612
17/01/2006,64.224
16/01/2006,63.667
13/01/2006,63.667
12/01/2006,63.134
11/01/2006,63.274
10/01/2006,64.235
09/01/2006,63.544
06/01/2006,64.164
05/01/2006,64.314
04/01/2006,62.497
03/01/2006,63.735
02/01/2006,62.75
30/12/2005,62.694
29/12/2005,62.123
28/12/2005,62.273
27/12/2005,62.5
26/12/2005,62.75
23/12/2005,62.026
22/12/2005,62.4
21/12/2005,61.827
20/12/2005,63.526
19/12/2005,65.004
16/12/2005,64.973
15/12/2005,64.728
14/12/2005,63.054
13/12/2005,64.024
12/12/2005,63.667
09/12/2005,63.785
08/12/2005,64.356
07/12/2005,61.578
06/12/2005,59.237
05/12/2005,59.287
02/12/2005,58.344
01/12/2005,58.896
30/11/2005,59.745
29/11/2005,59.907
28/11/2005,58.79
25/11/2005,59.844
24/11/2005,59.817
23/11/2005,59.511
22/11/2005,60.026
21/11/2005,59.97
18/11/2005,60.728
17/11/2005,61.09
16/11/2005,60.802
15/11/2005,64.048
14/11/2005,64.569
11/11/2005,63.615
10/11/2005,63.615
09/11/2005,70.74
08/11/2005,73.839
07/11/2005,74.036
04/11/2005,74.732
03/11/2005,72.464
02/11/2005,73.015
01/11/2005,73.674
31/10/2005,73.755
28/10/2005,74.35
27/10/2005,76.536
26/10/2005,76.07
25/10/2005,75.998
24/10/2005,79.88
21/10/2005,83.0
20/10/2005,80.169
19/10/2005,80.042
18/10/2005,76.883
17/10/2005,83.896
14/10/2005,91.723
13/10/2005,88.399
12/10/2005,80.526
11/10/2005,74.788
10/10/2005,74.25
07/10/2005,75.142
06/10/2005,79.224
05/10/2005,72.096
04/10/2005,68.267
03/10/2005,65.83
30/09/2005,66.25
29/09/2005,65.798
28/09/2005,68.541
27/09/2005,70.026
26/09/2005,68.751
23/09/2005,70.368
22/09/2005,68.944
21/09/2005,66.975
20/09/2005,66.007
19/09/2005,65.11
16/09/2005,67.027
15/09/2005,66.62
14/09/2005,67.335
13/09/2005,66.956
12/09/2005,65.951
09/09/2005,68.039
08/09/2005,72.116
07/09/2005,74.344
06/09/2005,75.704
05/09/2005,77.0
02/09/2005,76.817
01/09/2005,77.2
31/08/2005,78.778
30/08/2005,79.39
29/08/2005,79.912
26/08/2005,80.109
25/08/2005,79.339
24/08/2005,80.495
23/08/2005,79.909
22/08/2005,79.919
19/08/2005,79.858
18/08/2005,78.681
17/08/2005,78.968
16/08/2005,78.957
15/08/2005,79.538
12/08/2005,80.064
11/08/2005,80.127
10/08/2005,80.648
09/08/2005,80.488
08/08/2005,80.611
05/08/2005,79.531
04/08/2005,80.903
03/08/2005,82.325
02/08/2005,82.826
01/08/2005,83.575
29/07/2005,83.508
28/07/2005,84.804
27/07/2005,86.082
26/07/2005,87.664
25/07/2005,89.566
22/07/2005,88.34
21/07/2005,87.519
20/07/2005,88.885
19/07/2005,88.945
18/07/2005,88.654
15/07/2005,89.328
14/07/2005,86.942
13/07/2005,87.142
12/07/2005,88.597
11/07/2005,89.143
08/07/2005,91.479
07/07/2005,92.385
06/07/2005,92.911
05/07/2005,92.665
04/07/2005,93.333
01/07/2005,90.868
30/06/2005,92.993
29/06/2005,94.815
28/06/2005,96.091
27/06/2005,98.635
24/06/2005,97.617
23/06/2005,96.697
22/06/2005,95.89
21/06/2005,94.703
20/06/2005,95.717
17/06/2005,96.442
16/06/2005,97.61
15/06/2005,98.028
14/06/2005,99.9
13/06/2005,100.442
10/06/2005,102.617
09/06/2005,105.435
08/06/2005,104.38
07/06/2005,99.532
06/06/2005,97.665
03/06/2005,95.558
02/06/2005,92.173
01/06/2005,95.34
31/05/2005,92.836
27/05/2005,94.904
26/05/2005,99.365
25/05/2005,100.301
24/05/2005,105.083
23/05/2005,104.864
20/05/2005,111.5
19/05/2005,112.805
18/05/2005,117.986
17/05/2005,122.356
16/05/2005,112.625
13/05/2005,111.5
12/05/2005,108.667
11/05/2005,108.167
10/05/2005,102.5
09/05/2005,98.0
06/05/2005,100.5
05/05/2005,101.167
04/05/2005,102.667
03/05/2005,109.5
02/05/2005,111.5
29/04/2005,115.333
28/04/2005,116.5
27/04/2005,111.375
26/04/2005,110.0
25/04/2005,111.625
22/04/2005,110.5
21/04/2005,111.5
20/04/2005,120.5
19/04/2005,123.2
18/04/2005,130.875
15/04/2005,129.125
14/04/2005,119.875
13/04/2005,107.9
12/04/2005,109.375
11/04/2005,110.9
08/04/2005,110.25
07/04/2005,109.5
06/04/2005,110.5
05/04/2005,112.667
04/04/2005,110.5
01/04/2005,104.875
31/03/2005,104.9
30/03/2005,108.25
29/03/2005,109.75
28/03/2005,114.125
25/03/2005,112.375
24/03/2005,112.375
23/03/2005,106.7
22/03/2005,100.0
21/03/2005,95.875
18/03/2005,91.667
17/03/2005,97.2
16/03/2005,94.0
15/03/2005,82.375
14/03/2005,79.6
11/03/2005,72.167
10/03/2005,72.625
09/03/2005,71.0
08/03/2005,68.8
07/03/2005,70.5
04/03/2005,73.9
03/03/2005,76.875
02/03/2005,78.1
01/03/2005,78.3
28/02/2005,77.75
25/02/2005,78.25
24/02/2005,78.375
23/02/2005,79.375
22/02/2005,77.167
21/02/2005,79.25
18/02/2005,76.125
17/02/2005,78.5
16/02/2005,80.375
15/02/2005,80.25
14/02/2005,81.625
11/02/2005,80.1
10/02/2005,79.75
09/02/2005,78.167
08/02/2005,75.0
07/02/2005,75.875
04/02/2005,78.9
03/02/2005,81.75
02/02/2005,82.5
01/02/2005,83.0
31/01/2005,86.0
28/01/2005,87.333
27/01/2005,86.0
26/01/2005,86.667
25/01/2005,87.125
24/01/2005,86.667
21/01/2005,86.833
20/01/2005,87.167
19/01/2005,87.5
18/01/2005,86.667
17/01/2005,86.375
14/01/2005,84.85
13/01/2005,85.5
12/01/2005,86.25
11/01/2005,89.25
10/01/2005,88.833
07/01/2005,89.25
06/01/2005,88.5
05/01/2005,85.333
04/01/2005,79.5
03/01/2005,79.5
31/12/2004,79.833
30/12/2004,79.8
29/12/2004,80.0
28/12/2004,79.833
27/12/2004,79.375
24/12/2004,76.667
23/12/2004,77.375
22/12/2004,76.333
21/12/2004,82.167
20/12/2004,84.375
17/12/2004,82.375
16/12/2004,86.875
15/12/2004,88.875
14/12/2004,90.833
13/12/2004,92.625
10/12/2004,93.5
09/12/2004,93.333
08/12/2004,93.125
07/12/2004,92.167
06/12/2004,93.2
03/12/2004,93.333
01/12/2004,92.75
30/11/2004,93.6
29/11/2004,90.667
26/11/2004,90.667
25/11/2004,90.167
24/11/2004,90.875
23/11/2004,90.625
22/11/2004,90.5
19/11/2004,88.875
18/11/2004,87.917
17/11/2004,90.0
16/11/2004,90.125
15/11/2004,89.667
12/11/2004,89.5
11/11/2004,90.667
10/11/2004,90.333
09/11/2004,90.5
08/11/2004,90.167
05/11/2004,91.5
04/11/2004,93.333
03/11/2004,94.625
02/11/2004,97.833
01/11/2004,99.875
29/10/2004,99.625
28/10/2004,100.75
27/10/2004,100.5
26/10/2004,101.625
25/10/2004,103.0
22/10/2004,100.833
21/10/2004,101.633
20/10/2004,103.167
19/10/2004,104.167
18/10/2004,102.0
15/10/2004,102.0
14/10/2004,100.333
13/10/2004,97.167
12/10/2004,97.453
11/10/2004,98.167
08/10/2004,98.5
07/10/2004,98.5
06/10/2004,97.5
05/10/2004,98.25
04/10/2004,106.875
01/10/2004,102.667
30/09/2004,104.25
29/09/2004,107.5
28/09/2004,110.875
27/09/2004,107.333
24/09/2004,106.167
23/09/2004,105.667
22/09/2004,99.625
21/09/2004,95.5
20/09/2004,94.833
17/09/2004,94.875
16/09/2004,100.75
15/09/2004,103.125
14/09/2004,107.5
13/09/2004,106.875
10/09/2004,106.167
09/09/2004,101.5
08/09/2004,102.125
07/09/2004,101.5
06/09/2004,101.5
03/09/2004,100.667
02/09/2004,102.667
01/09/2004,101.667
31/08/2004,103.25
30/08/2004,104.625
27/08/2004,104.333
26/08/2004,103.833
25/08/2004,101.667
24/08/2004,99.667
23/08/2004,107.125
20/08/2004,104.75
19/08/2004,105.0
18/08/2004,108.785
17/08/2004,121.167
16/08/2004,122.661
13/08/2004,122.833
12/08/2004,123.833
11/08/2004,125.25
10/08/2004,123.833
09/08/2004,124.534
06/08/2004,127.408
05/08/2004,131.267
04/08/2004,126.9
03/08/2004,128.0
02/08/2004,133.074
30/07/2004,130.167
29/07/2004,135.263
28/07/2004,129.667
27/07/2004,128.896
26/07/2004,129.5
23/07/2004,130.021
22/07/2004,130.167
21/07/2004,130.524
20/07/2004,129.031
19/07/2004,131.275
16/07/2004,132.534
15/07/2004,134.694
14/07/2004,136.027
13/07/2004,141.644
12/07/2004,139.533
09/07/2004,142.529
08/07/2004,142.02
07/07/2004,140.357
06/07/2004,143.02
02/07/2004,144.02
01/07/2004,145.012
30/06/2004,146.345
29/06/2004,147.377
28/06/2004,148.377
25/06/2004,147.631
24/06/2004,147.672
23/06/2004,147.672
22/06/2004,147.0
21/06/2004,147.625
18/06/2004,149.375
17/06/2004,149.375
16/06/2004,152.75
15/06/2004,154.621
14/06/2004,154.996
11/06/2004,154.742
10/06/2004,152.328
09/06/2004,147.503
08/06/2004,147.878
07/06/2004,150.499
04/06/2004,156.665
03/06/2004,160.496
02/06/2004,157.748
01/06/2004,157.249
28/05/2004,154.5
27/05/2004,156.131
26/05/2004,158.167
25/05/2004,156.751
24/05/2004,157.828
21/05/2004,162.121
20/05/2004,159.619
19/05/2004,155.833
18/05/2004,153.623
17/05/2004,161.618
14/05/2004,165.243
13/05/2004,174.607
12/05/2004,173.61
11/05/2004,189.573
10/05/2004,200.588
07/05/2004,174.405
06/05/2004,151.62
05/05/2004,150.755
04/05/2004,151.59
03/05/2004,138.762
30/04/2004,142.764
29/04/2004,138.767
28/04/2004,126.767
27/04/2004,115.333
26/04/2004,110.791
23/04/2004,109.295
22/04/2004,111.167
21/04/2004,110.0
20/04/2004,107.799
19/04/2004,107.167
16/04/2004,109.5
15/04/2004,108.5
14/04/2004,103.625
13/04/2004,104.0
12/04/2004,104.0
08/04/2004,106.125
07/04/2004,106.0
06/04/2004,107.333
05/04/2004,109.167
02/04/2004,109.667
01/04/2004,108.75
31/03/2004,109.25
30/03/2004,110.5
29/03/2004,111.167
26/03/2004,110.125
25/03/2004,110.167
24/03/2004,109.167
23/03/2004,112.625
22/03/2004,112.625
19/03/2004,113.375
18/03/2004,113.625
17/03/2004,108.5
16/03/2004,112.333
15/03/2004,112.333
12/03/2004,108.5
11/03/2004,112.333
10/03/2004,107.333
09/03/2004,106.0
08/03/2004,105.167
05/03/2004,108.833
04/03/2004,110.667
03/03/2004,109.333
02/03/2004,107.5
01/03/2004,110.625
27/02/2004,110.667
26/02/2004,114.0
25/02/2004,115.0
24/02/2004,115.0
23/02/2004,115.0
20/02/2004,122.0
19/02/2004,114.667
18/02/2004,116.333
17/02/2004,118.833
16/02/2004,116.25
13/02/2004,117.0
12/02/2004,119.333
11/02/2004,120.333
10/02/2004,122.0
09/02/2004,122.0
06/02/2004,121.167
05/02/2004,116.5
04/02/2004,114.0
03/02/2004,117.667
02/02/2004,114.0
30/01/2004,117.667
29/01/2004,113.333
28/01/2004,112.5
27/01/2004,111.0
26/01/2004,115.0
23/01/2004,110.625
22/01/2004,106.667
21/01/2004,106.667
20/01/2004,106.0
19/01/2004,110.0
16/01/2004,106.375
15/01/2004,102.667
14/01/2004,102.667
13/01/2004,101.0
12/01/2004,99.333
09/01/2004,102.5
08/01/2004,102.5
07/01/2004,105.0
06/01/2004,115.0
05/01/2004,118.333
02/01/2004,123.5
