countryname,bankname,date,mktcap
colombia,bancolombia,2004-01-02,1612951.4328
colombia,bancolombia,2004-01-05,1612951.4328
colombia,bancolombia,2004-01-06,1712516.3361
colombia,bancolombia,2004-01-07,1752740.557
colombia,bancolombia,2004-01-08,1772255.278
colombia,bancolombia,2004-01-09,1732031.0571
colombia,bancolombia,2004-01-13,1712516.3361
colombia,bancolombia,2004-01-14,1664725.1825
colombia,bancolombia,2004-01-15,1712516.3361
colombia,bancolombia,2004-01-16,1720481.5283
colombia,bancolombia,2004-01-19,1760307.4896
colombia,bancolombia,2004-01-20,1784203.0664
colombia,bancolombia,2004-01-21,1773450.0569
colombia,bancolombia,2004-01-22,1792168.2587
colombia,bancolombia,2004-01-23,1752342.2974
colombia,bancolombia,2004-01-26,1762298.7877
colombia,bancolombia,2004-01-27,1792168.2587
colombia,bancolombia,2004-01-28,1831994.22
colombia,bancolombia,2004-01-29,1855889.7968
colombia,bancolombia,2004-01-30,1847924.6045
colombia,bancolombia,2004-02-02,1783804.8068
colombia,bancolombia,2004-02-03,1800133.4509
colombia,bancolombia,2004-02-04,1831994.22
colombia,bancolombia,2004-02-05,1831994.22
colombia,bancolombia,2004-02-06,1832392.4796
colombia,bancolombia,2004-02-09,1871820.1813
colombia,bancolombia,2004-02-10,1835976.8161
colombia,bancolombia,2004-02-11,1831994.22
colombia,bancolombia,2004-02-12,1839959.4122
colombia,bancolombia,2004-02-13,1855889.7968
colombia,bancolombia,2004-02-16,1887750.5658
colombia,bancolombia,2004-02-17,1919611.3348
colombia,bancolombia,2004-02-18,1959437.2961
colombia,bancolombia,2004-02-19,1971385.0845
colombia,bancolombia,2004-02-20,1975367.6807
colombia,bancolombia,2004-02-23,2035106.6226
colombia,bancolombia,2004-02-24,1951472.1039
colombia,bancolombia,2004-02-25,1951472.1039
colombia,bancolombia,2004-02-26,1911646.1426
colombia,bancolombia,2004-02-27,1991298.0652
colombia,bancolombia,2004-03-01,1987315.4691
colombia,bancolombia,2004-03-02,1947489.5078
colombia,bancolombia,2004-03-03,1891733.1619
colombia,bancolombia,2004-03-04,1951472.1039
colombia,bancolombia,2004-03-05,1971385.0845
colombia,bancolombia,2004-03-08,1987315.4691
colombia,bancolombia,2004-03-09,1995280.6613
colombia,bancolombia,2004-03-10,1991298.0652
colombia,bancolombia,2004-03-11,2011211.0458
colombia,bancolombia,2004-03-12,2066967.3917
colombia,bancolombia,2004-03-15,2051037.0071
colombia,bancolombia,2004-03-16,2047054.411
colombia,bancolombia,2004-03-17,1991298.0652
colombia,bancolombia,2004-03-18,2051037.0071
colombia,bancolombia,2004-03-19,2066967.3917
colombia,bancolombia,2004-03-23,2055019.6033
colombia,bancolombia,2004-03-24,2082897.7762
colombia,bancolombia,2004-03-25,2070949.9878
colombia,bancolombia,2004-03-26,2090862.9684
colombia,bancolombia,2004-03-29,2122723.7375
colombia,bancolombia,2004-03-30,2150601.9104
colombia,bancolombia,2004-03-31,2150601.9104
colombia,bancolombia,2004-04-01,2142636.7181
colombia,bancolombia,2004-04-02,2142636.7181
colombia,bancolombia,2004-04-05,2150601.9104
colombia,bancolombia,2004-04-06,2150601.9104
colombia,bancolombia,2004-04-07,2154584.5065
colombia,bancolombia,2004-04-12,2154584.5065
colombia,bancolombia,2004-04-13,2130688.9297
colombia,bancolombia,2004-04-14,2190427.8717
colombia,bancolombia,2004-04-15,2170514.8911
colombia,bancolombia,2004-04-16,2190427.8717
colombia,bancolombia,2004-04-19,2210340.8524
colombia,bancolombia,2004-04-20,2170514.8911
colombia,bancolombia,2004-04-21,2142636.7181
colombia,bancolombia,2004-04-22,2142636.7181
colombia,bancolombia,2004-04-23,2170514.8911
colombia,bancolombia,2004-04-26,2210340.8524
colombia,bancolombia,2004-04-27,2250166.8137
colombia,bancolombia,2004-04-28,2210340.8524
colombia,bancolombia,2004-04-29,2154584.5065
colombia,bancolombia,2004-04-30,2142636.7181
colombia,bancolombia,2004-05-03,2070949.9878
colombia,bancolombia,2004-05-04,2130688.9297
colombia,bancolombia,2004-05-05,2090862.9684
colombia,bancolombia,2004-05-06,2070949.9878
colombia,bancolombia,2004-05-07,1991298.0652
colombia,bancolombia,2004-05-10,1871820.1813
colombia,bancolombia,2004-05-11,1772255.278
colombia,bancolombia,2004-05-12,1732429.3167
colombia,bancolombia,2004-05-13,1612951.4328
colombia,bancolombia,2004-05-14,1824029.0277
colombia,bancolombia,2004-05-17,1776237.8741
colombia,bancolombia,2004-05-18,1776237.8741
colombia,bancolombia,2004-05-19,1804116.0471
colombia,bancolombia,2004-05-20,1831994.22
colombia,bancolombia,2004-05-21,1812081.2393
colombia,bancolombia,2004-05-25,1792168.2587
colombia,bancolombia,2004-05-26,1784203.0664
colombia,bancolombia,2004-05-27,1792168.2587
colombia,bancolombia,2004-05-28,1792168.2587
colombia,bancolombia,2004-05-31,1792168.2587
colombia,bancolombia,2004-06-01,1831994.22
colombia,bancolombia,2004-06-02,1871820.1813
colombia,bancolombia,2004-06-03,1893724.46
colombia,bancolombia,2004-06-04,1923593.931
colombia,bancolombia,2004-06-07,1951472.1039
colombia,bancolombia,2004-06-08,1871820.1813
colombia,bancolombia,2004-06-09,1820046.4316
colombia,bancolombia,2004-06-10,1871820.1813
colombia,bancolombia,2004-06-11,1875802.7774
colombia,bancolombia,2004-06-15,1879785.3735
colombia,bancolombia,2004-06-16,1863854.989
colombia,bancolombia,2004-06-17,1835976.8161
colombia,bancolombia,2004-06-18,1828011.6238
colombia,bancolombia,2004-06-22,1830002.9219
colombia,bancolombia,2004-06-23,1796150.8548
colombia,bancolombia,2004-06-24,1831994.22
colombia,bancolombia,2004-06-25,1812081.2393
colombia,bancolombia,2004-06-28,1824029.0277
colombia,bancolombia,2004-06-29,1824029.0277
colombia,bancolombia,2004-06-30,1831994.22
colombia,bancolombia,2004-07-01,1845933.3064
colombia,bancolombia,2004-07-02,1828011.6238
colombia,bancolombia,2004-07-06,1831994.22
colombia,bancolombia,2004-07-07,1812081.2393
colombia,bancolombia,2004-07-08,1831994.22
colombia,bancolombia,2004-07-09,1843942.0084
colombia,bancolombia,2004-07-12,1831994.22
colombia,bancolombia,2004-07-13,1847924.6045
colombia,bancolombia,2004-07-14,1847924.6045
colombia,bancolombia,2004-07-15,1871820.1813
colombia,bancolombia,2004-07-16,1871820.1813
colombia,bancolombia,2004-07-19,1871820.1813
colombia,bancolombia,2004-07-21,1871820.1813
colombia,bancolombia,2004-07-22,1859872.3929
colombia,bancolombia,2004-07-23,1867837.5851
colombia,bancolombia,2004-07-26,1863854.989
colombia,bancolombia,2004-07-27,1800133.4509
colombia,bancolombia,2004-07-28,1804116.0471
colombia,bancolombia,2004-07-29,1835976.8161
colombia,bancolombia,2004-07-30,1851907.2006
colombia,bancolombia,2004-08-02,1831994.22
colombia,bancolombia,2004-08-03,1812081.2393
colombia,bancolombia,2004-08-04,1800133.4509
colombia,bancolombia,2004-08-05,1800133.4509
colombia,bancolombia,2004-08-06,1812081.2393
colombia,bancolombia,2004-08-09,1804116.0471
colombia,bancolombia,2004-08-10,1792168.2587
colombia,bancolombia,2004-08-11,1784203.0664
colombia,bancolombia,2004-08-12,1784203.0664
colombia,bancolombia,2004-08-13,1764290.0858
colombia,bancolombia,2004-08-17,1732429.3167
colombia,bancolombia,2004-08-18,1732429.3167
colombia,bancolombia,2004-08-19,1752342.2974
colombia,bancolombia,2004-08-20,1752342.2974
colombia,bancolombia,2004-08-23,1776237.8741
colombia,bancolombia,2004-08-24,1820046.4316
colombia,bancolombia,2004-08-25,1831994.22
colombia,bancolombia,2004-08-26,1851907.2006
colombia,bancolombia,2004-08-27,1881776.6716
colombia,bancolombia,2004-08-30,1879785.3735
colombia,bancolombia,2004-08-31,1891733.1619
colombia,bancolombia,2004-09-01,1951472.1039
colombia,bancolombia,2004-09-02,1947489.5078
colombia,bancolombia,2004-09-03,1971385.0845
colombia,bancolombia,2004-09-06,2110775.9491
colombia,bancolombia,2004-09-07,2150601.9104
colombia,bancolombia,2004-09-08,2218306.0446
colombia,bancolombia,2004-09-09,2138654.122
colombia,bancolombia,2004-09-10,2190427.8717
colombia,bancolombia,2004-09-13,2270079.7943
colombia,bancolombia,2004-09-14,2385575.0821
colombia,bancolombia,2004-09-15,2469209.6008
colombia,bancolombia,2004-09-16,2385575.0821
colombia,bancolombia,2004-09-17,2381592.486
colombia,bancolombia,2004-09-20,2377609.8898
colombia,bancolombia,2004-09-21,2377609.8898
colombia,bancolombia,2004-09-22,2349731.7169
colombia,bancolombia,2004-09-23,2317870.9479
colombia,bancolombia,2004-09-24,2250166.8137
colombia,bancolombia,2004-09-27,2266097.1982
colombia,bancolombia,2004-09-28,2230253.833
colombia,bancolombia,2004-09-29,2210340.8524
colombia,bancolombia,2004-09-30,2190427.8717
colombia,bancolombia,2004-10-01,2150601.9104
colombia,bancolombia,2004-10-04,2186445.2756
colombia,bancolombia,2004-10-05,2170514.8911
colombia,bancolombia,2004-10-06,2190427.8717
colombia,bancolombia,2004-10-07,2309905.7556
colombia,bancolombia,2004-10-08,2254149.4098
colombia,bancolombia,2004-10-11,2289992.775
colombia,bancolombia,2004-10-12,2309905.7556
colombia,bancolombia,2004-10-13,2309905.7556
colombia,bancolombia,2004-10-14,2309905.7556
colombia,bancolombia,2004-10-15,2309905.7556
colombia,bancolombia,2004-10-19,2305923.1595
colombia,bancolombia,2004-10-20,2297957.9672
colombia,bancolombia,2004-10-21,2297957.9672
colombia,bancolombia,2004-10-22,2286010.1788
colombia,bancolombia,2004-10-25,2289992.775
colombia,bancolombia,2004-10-26,2289992.775
colombia,bancolombia,2004-10-27,2289992.775
colombia,bancolombia,2004-10-28,2270079.7943
colombia,bancolombia,2004-10-29,2289992.775
colombia,bancolombia,2004-11-02,2377609.8898
colombia,bancolombia,2004-11-03,2429383.6395
colombia,bancolombia,2004-11-04,2489122.5815
colombia,bancolombia,2004-11-05,2489122.5815
colombia,bancolombia,2004-11-08,2524965.9467
colombia,bancolombia,2004-11-09,2493105.1776
colombia,bancolombia,2004-11-10,2509035.5621
colombia,bancolombia,2004-11-11,2544878.9273
colombia,bancolombia,2004-11-12,2568774.5041
colombia,bancolombia,2004-11-16,2544878.9273
colombia,bancolombia,2004-11-17,2489122.5815
colombia,bancolombia,2004-11-18,2540896.3312
colombia,bancolombia,2004-11-19,2608600.4654
colombia,bancolombia,2004-11-22,2747991.33
colombia,bancolombia,2004-11-23,2767904.3106
colombia,bancolombia,2004-11-24,2728078.3493
colombia,bancolombia,2004-11-25,2740026.1377
colombia,bancolombia,2004-11-26,2767904.3106
colombia,bancolombia,2004-11-29,2807730.2719
colombia,bancolombia,2004-11-30,2887382.1945
colombia,bancolombia,2004-12-01,2923225.5597
colombia,bancolombia,2004-12-02,2763921.7145
colombia,bancolombia,2004-12-03,2847556.2332
colombia,bancolombia,2004-12-06,2759939.1183
colombia,bancolombia,2004-12-07,2728078.3493
colombia,bancolombia,2004-12-09,2728078.3493
colombia,bancolombia,2004-12-10,2787817.2913
colombia,bancolombia,2004-12-13,2859504.0216
colombia,bancolombia,2004-12-14,2827643.2526
colombia,bancolombia,2004-12-15,2795782.4835
colombia,bancolombia,2004-12-16,2795782.4835
colombia,bancolombia,2004-12-17,2811712.868
colombia,bancolombia,2004-12-20,2819678.0603
colombia,bancolombia,2004-12-21,2827643.2526
colombia,bancolombia,2004-12-22,2867469.2139
colombia,bancolombia,2004-12-23,2887382.1945
colombia,bancolombia,2004-12-24,2927208.1558
colombia,bancolombia,2004-12-27,3022790.463
colombia,bancolombia,2004-12-28,3186076.9043
colombia,bancolombia,2004-12-29,3186076.9043
colombia,bancolombia,2004-12-30,3186076.9043
colombia,bancolombia,2005-01-03,3186076.9043
colombia,bancolombia,2005-01-04,3182094.3082
colombia,bancolombia,2005-01-05,3082529.4049
colombia,bancolombia,2005-01-06,3062616.4243
colombia,bancolombia,2005-01-07,3066599.0204
colombia,bancolombia,2005-01-11,3110407.5778
colombia,bancolombia,2005-01-12,3146250.943
colombia,bancolombia,2005-01-13,3106424.9817
colombia,bancolombia,2005-01-14,3086512.001
colombia,bancolombia,2005-01-17,3062616.4243
colombia,bancolombia,2005-01-18,3082529.4049
colombia,bancolombia,2005-01-19,3102442.3856
colombia,bancolombia,2005-01-20,3166163.9236
colombia,bancolombia,2005-01-21,3154216.1353
colombia,bancolombia,2005-01-24,3158198.7314
colombia,bancolombia,2005-01-25,3146250.943
colombia,bancolombia,2005-01-26,3126337.9623
colombia,bancolombia,2005-01-27,3126337.9623
colombia,bancolombia,2005-01-28,3205989.8849
colombia,bancolombia,2005-01-31,3229885.4617
colombia,bancolombia,2005-02-01,3285641.8076
colombia,bancolombia,2005-02-02,3321485.1727
colombia,bancolombia,2005-02-03,3381224.1147
colombia,bancolombia,2005-02-04,3468841.2296
colombia,bancolombia,2005-02-07,3524597.5754
colombia,bancolombia,2005-02-08,3524597.5754
colombia,bancolombia,2005-02-09,3460876.0373
colombia,bancolombia,2005-02-10,3520614.9792
colombia,bancolombia,2005-02-11,3464858.6334
colombia,bancolombia,2005-02-14,3504684.5947
colombia,bancolombia,2005-02-15,3624162.4786
colombia,bancolombia,2005-02-16,3584336.5173
colombia,bancolombia,2005-02-17,3564423.5367
colombia,bancolombia,2005-02-18,3584336.5173
colombia,bancolombia,2005-02-21,3743640.3625
colombia,bancolombia,2005-02-22,3683901.4206
colombia,bancolombia,2005-02-23,3731692.5742
colombia,bancolombia,2005-02-24,3731692.5742
colombia,bancolombia,2005-02-25,3695849.209
colombia,bancolombia,2005-02-28,3695849.209
colombia,bancolombia,2005-03-01,3612214.6902
colombia,bancolombia,2005-03-02,3544510.556
colombia,bancolombia,2005-03-03,3480789.0179
colombia,bancolombia,2005-03-04,3464858.6334
colombia,bancolombia,2005-03-07,3660005.8438
colombia,bancolombia,2005-03-08,3552475.7483
colombia,bancolombia,2005-03-09,3528580.1715
colombia,bancolombia,2005-03-10,3504684.5947
colombia,bancolombia,2005-03-11,3504684.5947
colombia,bancolombia,2005-03-14,3464858.6334
colombia,bancolombia,2005-03-15,3225902.8656
colombia,bancolombia,2005-03-16,3385206.7108
colombia,bancolombia,2005-03-17,3464858.6334
colombia,bancolombia,2005-03-18,3464858.6334
colombia,bancolombia,2005-03-22,3425032.6721
colombia,bancolombia,2005-03-23,3385206.7108
colombia,bancolombia,2005-03-28,3313519.9805
colombia,bancolombia,2005-03-29,3289624.4037
colombia,bancolombia,2005-03-30,3190059.5004
colombia,bancolombia,2005-03-31,3225902.8656
colombia,bancolombia,2005-04-01,3301572.1921
colombia,bancolombia,2005-04-04,3305554.7882
colombia,bancolombia,2005-04-05,3305554.7882
colombia,bancolombia,2005-04-06,3317502.5766
colombia,bancolombia,2005-04-07,3341398.1534
colombia,bancolombia,2005-04-08,3341398.1534
colombia,bancolombia,2005-04-11,3389189.3069
colombia,bancolombia,2005-04-12,3385206.7108
colombia,bancolombia,2005-04-13,3401137.0953
colombia,bancolombia,2005-04-14,3436980.4605
colombia,bancolombia,2005-04-15,3393171.9031
colombia,bancolombia,2005-04-18,3365293.7302
colombia,bancolombia,2005-04-19,3325467.7689
colombia,bancolombia,2005-04-20,3325467.7689
colombia,bancolombia,2005-04-21,3425032.6721
colombia,bancolombia,2005-04-22,3544510.556
colombia,bancolombia,2005-04-25,3524597.5754
colombia,bancolombia,2005-04-26,3568406.1328
colombia,bancolombia,2005-04-27,3504684.5947
colombia,bancolombia,2005-04-28,3504684.5947
colombia,bancolombia,2005-04-29,3464858.6334
colombia,bancolombia,2005-05-02,3492736.8063
colombia,bancolombia,2005-05-03,3444945.6528
colombia,bancolombia,2005-05-04,3532562.7676
colombia,bancolombia,2005-05-05,3524597.5754
colombia,bancolombia,2005-05-06,3524597.5754
colombia,bancolombia,2005-05-10,3544510.556
colombia,bancolombia,2005-05-11,3540527.9599
colombia,bancolombia,2005-05-12,3504684.5947
colombia,bancolombia,2005-05-13,3464858.6334
colombia,bancolombia,2005-05-16,3464858.6334
colombia,bancolombia,2005-05-17,3444945.6528
colombia,bancolombia,2005-05-18,3464858.6334
colombia,bancolombia,2005-05-19,3444945.6528
colombia,bancolombia,2005-05-20,3405119.6915
colombia,bancolombia,2005-05-23,3365293.7302
colombia,bancolombia,2005-05-24,3301572.1921
colombia,bancolombia,2005-05-25,3365293.7302
colombia,bancolombia,2005-05-26,3349363.3456
colombia,bancolombia,2005-05-27,3361311.134
colombia,bancolombia,2005-05-31,3325467.7689
colombia,bancolombia,2005-06-01,3353345.9418
colombia,bancolombia,2005-06-02,3369276.3263
colombia,bancolombia,2005-06-03,3460876.0373
colombia,bancolombia,2005-06-07,3460876.0373
colombia,bancolombia,2005-06-08,3484771.6141
colombia,bancolombia,2005-06-09,3504684.5947
colombia,bancolombia,2005-06-10,3512649.787
colombia,bancolombia,2005-06-13,3544510.556
colombia,bancolombia,2005-06-14,3576371.3251
colombia,bancolombia,2005-06-15,3632127.6709
colombia,bancolombia,2005-06-16,3640092.8632
colombia,bancolombia,2005-06-17,3644075.4593
colombia,bancolombia,2005-06-20,3644075.4593
colombia,bancolombia,2005-06-21,3644075.4593
colombia,bancolombia,2005-06-22,3644075.4593
colombia,bancolombia,2005-06-23,3663988.4399
colombia,bancolombia,2005-06-24,3663988.4399
colombia,bancolombia,2005-06-27,3644075.4593
colombia,bancolombia,2005-06-28,3683901.4206
colombia,bancolombia,2005-06-29,3723727.3819
colombia,bancolombia,2005-06-30,3759570.7471
colombia,bancolombia,2005-07-01,3743640.3625
colombia,bancolombia,2005-07-05,3723727.3819
colombia,bancolombia,2005-07-06,3743640.3625
colombia,bancolombia,2005-07-07,3779483.7277
colombia,bancolombia,2005-07-08,3811344.4968
colombia,bancolombia,2005-07-11,3974630.9381
colombia,bancolombia,2005-07-12,3950735.3613
colombia,bancolombia,2005-07-13,3922857.1884
colombia,bancolombia,2005-07-14,3930822.3807
colombia,bancolombia,2005-07-15,3942770.1691
colombia,bancolombia,2005-07-18,4062248.053
colombia,bancolombia,2005-07-19,4094108.822
colombia,bancolombia,2005-07-21,4181725.9369
colombia,bancolombia,2005-07-22,4484403.2428
colombia,bancolombia,2005-07-25,4635741.8958
colombia,bancolombia,2005-07-26,4579985.5499
colombia,bancolombia,2005-07-27,4468472.8583
colombia,bancolombia,2005-07-28,4532194.3964
colombia,bancolombia,2005-07-29,4556089.9731
colombia,bancolombia,2005-08-01,4540159.5886
colombia,bancolombia,2005-08-02,4603881.1267
colombia,bancolombia,2005-08-03,4619811.5112
colombia,bancolombia,2005-08-04,4643707.088
colombia,bancolombia,2005-08-05,4771150.1642
colombia,bancolombia,2005-08-08,4890628.0481
colombia,bancolombia,2005-08-09,5026036.3165
colombia,bancolombia,2005-08-10,5217200.9308
colombia,bancolombia,2005-08-11,5257026.8921
colombia,bancolombia,2005-08-12,5177374.9695
colombia,bancolombia,2005-08-16,5336678.8147
colombia,bancolombia,2005-08-17,5296852.8534
colombia,bancolombia,2005-08-18,5328713.6224
colombia,bancolombia,2005-08-19,5495982.6599
colombia,bancolombia,2005-08-22,5384469.9683
colombia,bancolombia,2005-08-23,5065862.2778
colombia,bancolombia,2005-08-24,5113653.4314
colombia,bancolombia,2005-08-25,5089757.8546
colombia,bancolombia,2005-08-26,4978245.163
colombia,bancolombia,2005-08-29,4763184.9719
colombia,bancolombia,2005-08-30,4818941.3177
colombia,bancolombia,2005-08-31,4938419.2017
colombia,bancolombia,2005-09-01,5057897.0856
colombia,bancolombia,2005-09-02,5169409.7772
colombia,bancolombia,2005-09-05,5137549.0082
colombia,bancolombia,2005-09-06,5113653.4314
colombia,bancolombia,2005-09-07,5217200.9308
colombia,bancolombia,2005-09-08,5065862.2778
colombia,bancolombia,2005-09-09,4970279.9707
colombia,bancolombia,2005-09-12,4763184.9719
colombia,bancolombia,2005-09-13,4739289.3951
colombia,bancolombia,2005-09-14,4898593.2404
colombia,bancolombia,2005-09-15,4818941.3177
colombia,bancolombia,2005-09-16,4707428.6261
colombia,bancolombia,2005-09-19,4803010.9332
colombia,bancolombia,2005-09-20,4747254.5874
colombia,bancolombia,2005-09-21,4755219.7797
colombia,bancolombia,2005-09-22,4707428.6261
colombia,bancolombia,2005-09-23,4763184.9719
colombia,bancolombia,2005-09-26,4826906.51
colombia,bancolombia,2005-09-27,4540159.5886
colombia,bancolombia,2005-09-28,4739289.3951
colombia,bancolombia,2005-09-29,4810976.1255
colombia,bancolombia,2005-09-30,4866732.4713
colombia,bancolombia,2005-10-03,4946384.3939
colombia,bancolombia,2005-10-04,4978245.163
colombia,bancolombia,2005-10-05,4858767.2791
colombia,bancolombia,2005-10-06,4683533.0493
colombia,bancolombia,2005-10-07,4595915.9344
colombia,bancolombia,2005-10-10,4564055.1654
colombia,bancolombia,2005-10-11,4579985.5499
colombia,bancolombia,2005-10-12,4627776.7035
colombia,bancolombia,2005-10-13,4731324.2029
colombia,bancolombia,2005-10-14,4779115.3564
colombia,bancolombia,2005-10-18,4850802.0868
colombia,bancolombia,2005-10-19,4874697.6636
colombia,bancolombia,2005-10-20,4890628.0481
colombia,bancolombia,2005-10-21,6010257.5757
colombia,bancolombia,2005-10-24,6069471.936
colombia,bancolombia,2005-10-25,6108948.1763
colombia,bancolombia,2005-10-26,6020126.6357
colombia,bancolombia,2005-10-27,5960912.2754
colombia,bancolombia,2005-10-28,5960912.2754
colombia,bancolombia,2005-10-31,6158293.4766
colombia,bancolombia,2005-11-01,6365543.7378
colombia,bancolombia,2005-11-02,6513578.4302
colombia,bancolombia,2005-11-03,6602399.9542
colombia,bancolombia,2005-11-04,6632007.1289
colombia,bancolombia,2005-11-08,6612269.0125
colombia,bancolombia,2005-11-09,6809650.177
colombia,bancolombia,2005-11-10,6908340.7593
colombia,bancolombia,2005-11-11,7056376.6327
colombia,bancolombia,2005-11-15,7007031.3416
colombia,bancolombia,2005-11-16,6967555.1086
colombia,bancolombia,2005-11-17,7076114.7491
colombia,bancolombia,2005-11-18,7204412.5061
colombia,bancolombia,2005-11-21,7273495.9137
colombia,bancolombia,2005-11-22,7391924.6124
colombia,bancolombia,2005-11-23,7224150.6226
colombia,bancolombia,2005-11-24,7194543.4479
colombia,bancolombia,2005-11-25,7234019.6808
colombia,bancolombia,2005-11-28,7234019.6808
colombia,bancolombia,2005-11-29,7085983.8074
colombia,bancolombia,2005-11-30,7056376.6327
colombia,bancolombia,2005-12-01,7007031.3416
colombia,bancolombia,2005-12-02,7164936.2732
colombia,bancolombia,2005-12-05,7253757.7972
colombia,bancolombia,2005-12-06,7352448.3795
colombia,bancolombia,2005-12-07,7155067.215
colombia,bancolombia,2005-12-09,7184674.3896
colombia,bancolombia,2005-12-12,7204412.5061
colombia,bancolombia,2005-12-13,7224150.6226
colombia,bancolombia,2005-12-14,7243888.739
colombia,bancolombia,2005-12-15,7204412.5061
colombia,bancolombia,2005-12-16,7105721.9238
colombia,bancolombia,2005-12-19,7016900.3998
colombia,bancolombia,2005-12-20,6957686.0504
colombia,bancolombia,2005-12-21,7352448.3795
colombia,bancolombia,2005-12-22,7421531.7871
colombia,bancolombia,2005-12-23,7411662.7289
colombia,bancolombia,2005-12-26,7530091.4276
colombia,bancolombia,2005-12-27,7549829.5441
colombia,bancolombia,2005-12-28,7559698.6023
colombia,bancolombia,2005-12-29,7569567.6605
colombia,bancolombia,2006-01-02,7411662.7289
colombia,bancolombia,2006-01-03,7900421.1426
colombia,bancolombia,2006-01-04,7992167.9688
colombia,bancolombia,2006-01-05,8012556.1523
colombia,bancolombia,2006-01-06,8155273.4375
colombia,bancolombia,2006-01-10,8348961.1816
colombia,bancolombia,2006-01-11,8532454.834
colombia,bancolombia,2006-01-12,8563037.1094
colombia,bancolombia,2006-01-13,8664978.0273
colombia,bancolombia,2006-01-16,8654783.9355
colombia,bancolombia,2006-01-17,8787307.1289
colombia,bancolombia,2006-01-18,8634395.752
colombia,bancolombia,2006-01-19,8501872.5586
colombia,bancolombia,2006-01-20,8532454.834
colombia,bancolombia,2006-01-23,8705754.3945
colombia,bancolombia,2006-01-24,8909636.2305
colombia,bancolombia,2006-01-25,8868859.8633
colombia,bancolombia,2006-01-26,9174682.6172
colombia,bancolombia,2006-01-27,9572252.1973
colombia,bancolombia,2006-01-30,9531475.8301
colombia,bancolombia,2006-01-31,9072741.6992
colombia,bancolombia,2006-02-01,8828083.4961
colombia,bancolombia,2006-02-02,8960606.6895
colombia,bancolombia,2006-02-03,8817889.4043
colombia,bancolombia,2006-02-06,8614007.5684
colombia,bancolombia,2006-02-07,8308184.8145
colombia,bancolombia,2006-02-08,8399931.6406
colombia,bancolombia,2006-02-09,8685366.2109
colombia,bancolombia,2006-02-10,8899442.1387
colombia,bancolombia,2006-02-13,8940218.5059
colombia,bancolombia,2006-02-14,8766918.9453
colombia,bancolombia,2006-02-15,8807695.3125
colombia,bancolombia,2006-02-16,8766918.9453
colombia,bancolombia,2006-02-17,8828083.4961
colombia,bancolombia,2006-02-20,8838277.5879
colombia,bancolombia,2006-02-21,8899442.1387
colombia,bancolombia,2006-02-22,9225653.0762
colombia,bancolombia,2006-02-23,9409146.7285
colombia,bancolombia,2006-02-24,9429534.9121
colombia,bancolombia,2006-02-27,9286817.627
colombia,bancolombia,2006-02-28,9347982.1777
colombia,bancolombia,2006-03-01,9562058.1055
colombia,bancolombia,2006-03-02,9633416.748
colombia,bancolombia,2006-03-03,9582446.2891
colombia,bancolombia,2006-03-06,9276623.5352
colombia,bancolombia,2006-03-07,9072741.6992
colombia,bancolombia,2006-03-08,9154294.4336
colombia,bancolombia,2006-03-09,9256235.3516
colombia,bancolombia,2006-03-10,9276623.5352
colombia,bancolombia,2006-03-13,9276623.5352
colombia,bancolombia,2006-03-14,9276623.5352
colombia,bancolombia,2006-03-15,9460117.1875
colombia,bancolombia,2006-03-16,9531475.8301
colombia,bancolombia,2006-03-17,9572252.1973
colombia,bancolombia,2006-03-21,9562058.1055
colombia,bancolombia,2006-03-22,9531475.8301
colombia,bancolombia,2006-03-23,9572252.1973
colombia,bancolombia,2006-03-24,9623222.6563
colombia,bancolombia,2006-03-27,9541669.9219
colombia,bancolombia,2006-03-28,9684387.207
colombia,bancolombia,2006-03-29,9867880.8594
colombia,bancolombia,2006-03-30,9888269.043
colombia,bancolombia,2006-03-31,9969821.7773
colombia,bancolombia,2006-04-03,10255256.3477
colombia,bancolombia,2006-04-04,10347003.1738
colombia,bancolombia,2006-04-05,10194091.7969
colombia,bancolombia,2006-04-06,10092150.8789
colombia,bancolombia,2006-04-07,9633416.748
colombia,bancolombia,2006-04-10,9613028.5645
colombia,bancolombia,2006-04-11,9786328.125
colombia,bancolombia,2006-04-12,9898463.1348
colombia,bancolombia,2006-04-17,9867880.8594
colombia,bancolombia,2006-04-18,9939239.502
colombia,bancolombia,2006-04-19,9929045.4102
colombia,bancolombia,2006-04-20,9918851.3184
colombia,bancolombia,2006-04-21,10051374.5117
colombia,bancolombia,2006-04-24,10092150.8789
colombia,bancolombia,2006-04-25,10041180.4199
colombia,bancolombia,2006-04-26,9918851.3184
colombia,bancolombia,2006-04-27,10041180.4199
colombia,bancolombia,2006-04-28,10000404.0527
colombia,bancolombia,2006-05-02,9857686.7676
colombia,bancolombia,2006-05-03,9796522.2168
colombia,bancolombia,2006-05-04,9663999.0234
colombia,bancolombia,2006-05-05,9725163.5742
colombia,bancolombia,2006-05-08,9633416.748
colombia,bancolombia,2006-05-09,9643610.8398
colombia,bancolombia,2006-05-10,9613028.5645
colombia,bancolombia,2006-05-11,9205264.8926
colombia,bancolombia,2006-05-12,8868859.8633
colombia,bancolombia,2006-05-15,8522260.7422
colombia,bancolombia,2006-05-16,8369349.3652
colombia,bancolombia,2006-05-17,7767897.9492
colombia,bancolombia,2006-05-18,7533433.8379
colombia,bancolombia,2006-05-19,7971779.7852
colombia,bancolombia,2006-05-22,7339746.0938
colombia,bancolombia,2006-05-23,7900421.1426
colombia,bancolombia,2006-05-24,7574210.2051
colombia,bancolombia,2006-05-25,7849450.6836
colombia,bancolombia,2006-05-26,8501872.5586
colombia,bancolombia,2006-05-30,7951391.6016
colombia,bancolombia,2006-05-31,8002362.0605
colombia,bancolombia,2006-06-01,8053332.5195
colombia,bancolombia,2006-06-02,8063526.6113
colombia,bancolombia,2006-06-05,8032944.3359
colombia,bancolombia,2006-06-06,7829062.5
colombia,bancolombia,2006-06-07,7390716.5527
colombia,bancolombia,2006-06-08,6881011.9629
colombia,bancolombia,2006-06-09,6982952.8809
colombia,bancolombia,2006-06-12,5698497.3145
colombia,bancolombia,2006-06-13,5280539.5508
colombia,bancolombia,2006-06-14,5810632.3242
colombia,bancolombia,2006-06-15,7033923.3398
colombia,bancolombia,2006-06-16,6840235.5957
colombia,bancolombia,2006-06-20,6779071.0449
colombia,bancolombia,2006-06-21,6881011.9629
colombia,bancolombia,2006-06-22,6982952.8809
colombia,bancolombia,2006-06-23,6881011.9629
colombia,bancolombia,2006-06-27,6564995.1172
colombia,bancolombia,2006-06-28,6514024.6582
colombia,bancolombia,2006-06-29,6626159.668
colombia,bancolombia,2006-06-30,6830041.5039
colombia,bancolombia,2006-07-04,7186834.7168
colombia,bancolombia,2006-07-05,7125670.166
colombia,bancolombia,2006-07-06,7146058.3496
colombia,bancolombia,2006-07-07,7074699.707
colombia,bancolombia,2006-07-10,7390716.5527
colombia,bancolombia,2006-07-11,7329552.002
colombia,bancolombia,2006-07-12,7380522.4609
colombia,bancolombia,2006-07-13,7084893.7988
colombia,bancolombia,2006-07-14,7105281.9824
colombia,bancolombia,2006-07-17,6748488.7695
colombia,bancolombia,2006-07-18,6789265.1367
colombia,bancolombia,2006-07-19,7207222.9004
colombia,bancolombia,2006-07-21,7166446.5332
colombia,bancolombia,2006-07-24,7217416.9922
colombia,bancolombia,2006-07-25,7135864.2578
colombia,bancolombia,2006-07-26,7298969.7266
colombia,bancolombia,2006-07-27,7686345.2148
colombia,bancolombia,2006-07-28,7849450.6836
colombia,bancolombia,2006-07-31,7941197.5098
colombia,bancolombia,2006-08-01,7859644.7754
colombia,bancolombia,2006-08-02,8032944.3359
colombia,bancolombia,2006-08-03,8155273.4375
colombia,bancolombia,2006-08-04,8277602.5391
colombia,bancolombia,2006-08-08,8461096.1914
colombia,bancolombia,2006-08-09,8522260.7422
colombia,bancolombia,2006-08-10,8512066.6504
colombia,bancolombia,2006-08-11,8450902.0996
colombia,bancolombia,2006-08-14,8257214.3555
colombia,bancolombia,2006-08-15,8399931.6406
colombia,bancolombia,2006-08-16,8410125.7324
colombia,bancolombia,2006-08-17,8563037.1094
colombia,bancolombia,2006-08-18,8532454.834
colombia,bancolombia,2006-08-22,8369349.3652
colombia,bancolombia,2006-08-23,8297990.7227
colombia,bancolombia,2006-08-24,8043138.4277
colombia,bancolombia,2006-08-25,8196049.8047
colombia,bancolombia,2006-08-28,8206243.8965
colombia,bancolombia,2006-08-29,8206243.8965
colombia,bancolombia,2006-08-30,8348961.1816
colombia,bancolombia,2006-08-31,8379543.457
colombia,bancolombia,2006-09-01,8359155.2734
colombia,bancolombia,2006-09-04,8369349.3652
colombia,bancolombia,2006-09-05,8155273.4375
colombia,bancolombia,2006-09-06,7971779.7852
colombia,bancolombia,2006-09-07,7900421.1426
colombia,bancolombia,2006-09-08,8002362.0605
colombia,bancolombia,2006-09-11,7900421.1426
colombia,bancolombia,2006-09-12,7808674.3164
colombia,bancolombia,2006-09-13,8032944.3359
colombia,bancolombia,2006-09-14,8104302.9785
colombia,bancolombia,2006-09-15,8104302.9785
colombia,bancolombia,2006-09-18,8053332.5195
colombia,bancolombia,2006-09-19,7951391.6016
colombia,bancolombia,2006-09-20,8032944.3359
colombia,bancolombia,2006-09-21,7849450.6836
colombia,bancolombia,2006-09-22,7829062.5
colombia,bancolombia,2006-09-25,7829062.5
colombia,bancolombia,2006-09-26,8002362.0605
colombia,bancolombia,2006-09-27,8002362.0605
colombia,bancolombia,2006-09-28,8002362.0605
colombia,bancolombia,2006-09-29,8053332.5195
colombia,bancolombia,2006-10-02,8053332.5195
colombia,bancolombia,2006-10-03,8063526.6113
colombia,bancolombia,2006-10-04,8155273.4375
colombia,bancolombia,2006-10-05,8399931.6406
colombia,bancolombia,2006-10-06,8563037.1094
colombia,bancolombia,2006-10-09,8542648.9258
colombia,bancolombia,2006-10-10,8563037.1094
colombia,bancolombia,2006-10-11,8603813.4766
colombia,bancolombia,2006-10-12,8369349.3652
colombia,bancolombia,2006-10-13,8481484.375
colombia,bancolombia,2006-10-17,8491678.4668
colombia,bancolombia,2006-10-18,8501872.5586
colombia,bancolombia,2006-10-19,8491678.4668
colombia,bancolombia,2006-10-20,8512066.6504
colombia,bancolombia,2006-10-23,8420319.8242
colombia,bancolombia,2006-10-24,8369349.3652
colombia,bancolombia,2006-10-25,8369349.3652
colombia,bancolombia,2006-10-26,8501872.5586
colombia,bancolombia,2006-10-27,8828083.4961
colombia,bancolombia,2006-10-30,8563037.1094
colombia,bancolombia,2006-10-31,8746530.7617
colombia,bancolombia,2006-11-01,8715948.4863
colombia,bancolombia,2006-11-02,8664978.0273
colombia,bancolombia,2006-11-03,8624201.6602
colombia,bancolombia,2006-11-07,8736336.6699
colombia,bancolombia,2006-11-08,8726142.5781
colombia,bancolombia,2006-11-09,8777113.0371
colombia,bancolombia,2006-11-10,8787307.1289
colombia,bancolombia,2006-11-14,8838277.5879
colombia,bancolombia,2006-11-15,8828083.4961
colombia,bancolombia,2006-11-16,8736336.6699
colombia,bancolombia,2006-11-17,8756724.8535
colombia,bancolombia,2006-11-20,8777113.0371
colombia,bancolombia,2006-11-21,8685366.2109
colombia,bancolombia,2006-11-22,8654783.9355
colombia,bancolombia,2006-11-23,8614007.5684
colombia,bancolombia,2006-11-24,8491678.4668
colombia,bancolombia,2006-11-27,8410125.7324
colombia,bancolombia,2006-11-28,8512066.6504
colombia,bancolombia,2006-11-29,8512066.6504
colombia,bancolombia,2006-11-30,8603813.4766
colombia,bancolombia,2006-12-01,8461096.1914
colombia,bancolombia,2006-12-04,8512066.6504
colombia,bancolombia,2006-12-05,8563037.1094
colombia,bancolombia,2006-12-06,8563037.1094
colombia,bancolombia,2006-12-07,8522260.7422
colombia,bancolombia,2006-12-11,8563037.1094
colombia,bancolombia,2006-12-12,8512066.6504
colombia,bancolombia,2006-12-13,8573231.2012
colombia,bancolombia,2006-12-14,12474955.2319
colombia,bancolombia,2006-12-15,12533181.394
colombia,bancolombia,2006-12-18,12635077.1777
colombia,bancolombia,2006-12-19,12605964.0967
colombia,bancolombia,2006-12-20,12533181.394
colombia,bancolombia,2006-12-21,12664190.2588
colombia,bancolombia,2006-12-22,12911651.4478
colombia,bancolombia,2006-12-26,12591407.5562
colombia,bancolombia,2006-12-27,12664190.2588
colombia,bancolombia,2006-12-28,12649633.7183
colombia,bancolombia,2007-01-02,12562294.4751
colombia,bancolombia,2007-01-03,12649633.7183
colombia,bancolombia,2007-01-04,12576851.0156
colombia,bancolombia,2007-01-05,11994589.3945
colombia,bancolombia,2007-01-09,11354101.6113
colombia,bancolombia,2007-01-10,12009145.9351
colombia,bancolombia,2007-01-11,12140154.7998
colombia,bancolombia,2007-01-12,12096485.1782
colombia,bancolombia,2007-01-15,12227494.043
colombia,bancolombia,2007-01-16,12081928.6377
colombia,bancolombia,2007-01-17,12111041.7188
colombia,bancolombia,2007-01-18,12081928.6377
colombia,bancolombia,2007-01-19,12023702.4756
colombia,bancolombia,2007-01-22,11805354.3677
colombia,bancolombia,2007-01-23,11892693.6108
colombia,bancolombia,2007-01-24,11936363.2324
colombia,bancolombia,2007-01-25,11732571.665
colombia,bancolombia,2007-01-26,11878137.0703
colombia,bancolombia,2007-01-29,11776241.2866
colombia,bancolombia,2007-01-30,11878137.0703
colombia,bancolombia,2007-01-31,12081928.6377
colombia,bancolombia,2007-02-01,12140154.7998
colombia,bancolombia,2007-02-02,12212937.5024
colombia,bancolombia,2007-02-05,12198380.9619
colombia,bancolombia,2007-02-06,12111041.7188
colombia,bancolombia,2007-02-07,12081928.6377
colombia,bancolombia,2007-02-08,12023702.4756
colombia,bancolombia,2007-02-09,11980032.854
colombia,bancolombia,2007-02-12,11790797.8271
colombia,bancolombia,2007-02-13,11805354.3677
colombia,bancolombia,2007-02-14,11980032.854
colombia,bancolombia,2007-02-15,11965476.3135
colombia,bancolombia,2007-02-16,11849023.9893
colombia,bancolombia,2007-02-19,11819910.9082
colombia,bancolombia,2007-02-20,11718015.1245
colombia,bancolombia,2007-02-21,11645232.4219
colombia,bancolombia,2007-02-22,11645232.4219
colombia,bancolombia,2007-02-23,11543336.6382
colombia,bancolombia,2007-02-26,11485110.4761
colombia,bancolombia,2007-02-27,10990188.0981
colombia,bancolombia,2007-02-28,11062970.8008
colombia,bancolombia,2007-03-01,11135753.5034
colombia,bancolombia,2007-03-02,11237649.2871
colombia,bancolombia,2007-03-05,10815509.6118
colombia,bancolombia,2007-03-06,10859179.2334
colombia,bancolombia,2007-03-07,10917405.3955
colombia,bancolombia,2007-03-08,11295875.4492
colombia,bancolombia,2007-03-09,11281318.9087
colombia,bancolombia,2007-03-12,11281318.9087
colombia,bancolombia,2007-03-13,11135753.5034
colombia,bancolombia,2007-03-14,10990188.0981
colombia,bancolombia,2007-03-15,11048414.2603
colombia,bancolombia,2007-03-16,10902848.855
colombia,bancolombia,2007-03-20,10917405.3955
colombia,bancolombia,2007-03-21,10844622.6929
colombia,bancolombia,2007-03-22,10888292.3145
colombia,bancolombia,2007-03-23,10990188.0981
colombia,bancolombia,2007-03-26,10946518.4766
colombia,bancolombia,2007-03-27,11208536.2061
colombia,bancolombia,2007-03-28,11004744.6387
colombia,bancolombia,2007-03-29,10990188.0981
colombia,bancolombia,2007-03-30,10917405.3955
colombia,bancolombia,2007-04-02,10873735.7739
colombia,bancolombia,2007-04-03,11033857.7197
colombia,bancolombia,2007-04-04,11019301.1792
colombia,bancolombia,2007-04-09,11135753.5034
colombia,bancolombia,2007-04-10,11106640.4224
colombia,bancolombia,2007-04-11,11062970.8008
colombia,bancolombia,2007-04-12,11062970.8008
colombia,bancolombia,2007-04-13,11150310.0439
colombia,bancolombia,2007-04-16,11252205.8276
colombia,bancolombia,2007-04-17,11135753.5034
colombia,bancolombia,2007-04-18,11252205.8276
colombia,bancolombia,2007-04-19,11164866.5845
colombia,bancolombia,2007-04-20,11150310.0439
colombia,bancolombia,2007-04-23,11121196.9629
colombia,bancolombia,2007-04-24,11106640.4224
colombia,bancolombia,2007-04-25,11048414.2603
colombia,bancolombia,2007-04-26,11004744.6387
colombia,bancolombia,2007-04-27,10990188.0981
colombia,bancolombia,2007-04-30,10873735.7739
colombia,bancolombia,2007-05-02,10626274.585
colombia,bancolombia,2007-05-03,10568048.4229
colombia,bancolombia,2007-05-04,10553491.8823
colombia,bancolombia,2007-05-07,10116795.6665
colombia,bancolombia,2007-05-08,10189578.3691
colombia,bancolombia,2007-05-09,10204134.9097
colombia,bancolombia,2007-05-10,10262361.0718
colombia,bancolombia,2007-05-11,10480709.1797
colombia,bancolombia,2007-05-14,10335143.7744
colombia,bancolombia,2007-05-15,10247804.5313
colombia,bancolombia,2007-05-16,10189578.3691
colombia,bancolombia,2007-05-17,10204134.9097
colombia,bancolombia,2007-05-18,10407926.4771
colombia,bancolombia,2007-05-22,10073126.0449
colombia,bancolombia,2007-05-23,10102239.126
colombia,bancolombia,2007-05-24,9767438.6938
colombia,bancolombia,2007-05-25,9825664.856
colombia,bancolombia,2007-05-28,9767438.6938
colombia,bancolombia,2007-05-29,9854777.937
colombia,bancolombia,2007-05-30,9752882.1533
colombia,bancolombia,2007-05-31,9796551.7749
colombia,bancolombia,2007-06-01,9752882.1533
colombia,bancolombia,2007-06-04,6911594.2383
colombia,bancolombia,2007-06-05,6962564.6973
colombia,bancolombia,2007-06-06,6952370.6055
colombia,bancolombia,2007-06-07,6972758.7891
colombia,bancolombia,2007-06-08,6982952.8809
colombia,bancolombia,2007-06-12,7186834.7168
colombia,bancolombia,2007-06-13,7625180.6641
colombia,bancolombia,2007-06-14,7747509.7656
colombia,bancolombia,2007-06-15,7696545.2972
colombia,bancolombia,2007-06-19,7818874.494
colombia,bancolombia,2007-06-20,7747515.7959
colombia,bancolombia,2007-06-21,7808680.3943
colombia,bancolombia,2007-06-22,7686351.1975
colombia,bancolombia,2007-06-25,7767903.9954
colombia,bancolombia,2007-06-26,7737321.6962
colombia,bancolombia,2007-06-27,7910621.3916
colombia,bancolombia,2007-06-28,7951397.7905
colombia,bancolombia,2007-06-29,7839262.6935
colombia,bancolombia,2007-07-03,7798486.2946
colombia,bancolombia,2007-07-04,7839262.6935
colombia,bancolombia,2007-07-05,7818874.494
colombia,bancolombia,2007-07-06,7890233.1921
colombia,bancolombia,2007-07-09,7941203.6908
colombia,bancolombia,2007-07-10,7910621.3916
colombia,bancolombia,2007-07-11,8012562.3889
colombia,bancolombia,2007-07-12,8297997.1814
colombia,bancolombia,2007-07-13,8206250.2838
colombia,bancolombia,2007-07-16,8206250.2838
colombia,bancolombia,2007-07-17,8552849.6747
colombia,bancolombia,2007-07-18,8624208.3728
colombia,bancolombia,2007-07-19,8563043.7744
colombia,bancolombia,2007-07-23,8542655.575
colombia,bancolombia,2007-07-24,8614014.2731
colombia,bancolombia,2007-07-25,8563043.7744
colombia,bancolombia,2007-07-26,8461102.7771
colombia,bancolombia,2007-07-27,8461102.7771
colombia,bancolombia,2007-07-30,8583425.293
colombia,bancolombia,2007-07-31,8675172.1191
colombia,bancolombia,2007-08-01,8563037.1094
colombia,bancolombia,2007-08-02,8542648.9258
colombia,bancolombia,2007-08-03,8614007.5684
colombia,bancolombia,2007-08-06,8522260.7422
colombia,bancolombia,2007-08-08,8644589.8438
colombia,bancolombia,2007-08-09,8420319.8242
colombia,bancolombia,2007-08-10,8318378.9063
colombia,bancolombia,2007-08-13,8297990.7227
colombia,bancolombia,2007-08-14,8145079.3457
colombia,bancolombia,2007-08-15,8155273.4375
colombia,bancolombia,2007-08-16,7788286.1328
colombia,bancolombia,2007-08-17,7931003.418
colombia,bancolombia,2007-08-21,7900421.1426
colombia,bancolombia,2007-08-22,8002362.0605
colombia,bancolombia,2007-08-23,8206243.8965
colombia,bancolombia,2007-08-24,8379543.457
colombia,bancolombia,2007-08-27,8318378.9063
colombia,bancolombia,2007-08-28,8359155.2734
colombia,bancolombia,2007-08-29,8369349.3652
colombia,bancolombia,2007-08-30,8552843.0176
colombia,bancolombia,2007-08-31,8563037.1094
colombia,bancolombia,2007-09-03,8563037.1094
colombia,bancolombia,2007-09-04,8614007.5684
colombia,bancolombia,2007-09-05,8552843.0176
colombia,bancolombia,2007-09-06,8522260.7422
colombia,bancolombia,2007-09-07,8461096.1914
colombia,bancolombia,2007-09-10,8614007.5684
colombia,bancolombia,2007-09-11,8461096.1914
colombia,bancolombia,2007-09-12,8512066.6504
colombia,bancolombia,2007-09-13,8481484.375
colombia,bancolombia,2007-09-14,8338767.0898
colombia,bancolombia,2007-09-17,8206243.8965
colombia,bancolombia,2007-09-18,8267408.4473
colombia,bancolombia,2007-09-19,8267408.4473
colombia,bancolombia,2007-09-20,8216437.9883
colombia,bancolombia,2007-09-21,8196049.8047
colombia,bancolombia,2007-09-24,8022750.2441
colombia,bancolombia,2007-09-25,8216437.9883
colombia,bancolombia,2007-09-26,8257214.3555
colombia,bancolombia,2007-09-27,8379543.457
colombia,bancolombia,2007-09-28,8359155.2734
colombia,bancolombia,2007-10-01,8512066.6504
colombia,bancolombia,2007-10-02,8563037.1094
colombia,bancolombia,2007-10-03,8583425.293
colombia,bancolombia,2007-10-04,8593619.3848
colombia,bancolombia,2007-10-05,8664978.0273
colombia,bancolombia,2007-10-08,8664978.0273
colombia,bancolombia,2007-10-09,8664978.0273
colombia,bancolombia,2007-10-10,8624201.6602
colombia,bancolombia,2007-10-11,8726142.5781
colombia,bancolombia,2007-10-12,8695560.3027
colombia,bancolombia,2007-10-16,8583425.293
colombia,bancolombia,2007-10-17,8420319.8242
colombia,bancolombia,2007-10-18,8512066.6504
colombia,bancolombia,2007-10-19,8369349.3652
colombia,bancolombia,2007-10-22,8389737.5488
colombia,bancolombia,2007-10-23,8552843.0176
colombia,bancolombia,2007-10-24,8532454.834
colombia,bancolombia,2007-10-25,8614007.5684
colombia,bancolombia,2007-10-26,8593619.3848
colombia,bancolombia,2007-10-29,8675172.1191
colombia,bancolombia,2007-10-30,8828083.4961
colombia,bancolombia,2007-10-31,8858665.7715
colombia,bancolombia,2007-11-01,8726142.5781
colombia,bancolombia,2007-11-02,8879053.9551
colombia,bancolombia,2007-11-06,9144100.3418
colombia,bancolombia,2007-11-07,9093129.8828
colombia,bancolombia,2007-11-08,9001383.0566
colombia,bancolombia,2007-11-09,9021771.2402
colombia,bancolombia,2007-11-13,8838277.5879
colombia,bancolombia,2007-11-14,9072741.6992
colombia,bancolombia,2007-11-15,9184876.709
colombia,bancolombia,2007-11-16,9174682.6172
colombia,bancolombia,2007-11-19,9133906.25
colombia,bancolombia,2007-11-20,9184876.709
colombia,bancolombia,2007-11-21,9072741.6992
colombia,bancolombia,2007-11-22,9123712.1582
colombia,bancolombia,2007-11-23,9184876.709
colombia,bancolombia,2007-11-26,9042159.4238
colombia,bancolombia,2007-11-27,9062547.6074
colombia,bancolombia,2007-11-28,9072741.6992
colombia,bancolombia,2007-11-29,9113518.0664
colombia,bancolombia,2007-11-30,9133906.25
colombia,bancolombia,2007-12-03,9113518.0664
colombia,bancolombia,2007-12-04,9011577.1484
colombia,bancolombia,2007-12-05,9042159.4238
colombia,bancolombia,2007-12-06,8950412.5977
colombia,bancolombia,2007-12-07,8919830.3223
colombia,bancolombia,2007-12-10,8868859.8633
colombia,bancolombia,2007-12-11,8940218.5059
colombia,bancolombia,2007-12-12,8777113.0371
colombia,bancolombia,2007-12-13,8746530.7617
colombia,bancolombia,2007-12-14,8664978.0273
colombia,bancolombia,2007-12-17,8450902.0996
colombia,bancolombia,2007-12-18,8236826.1719
colombia,bancolombia,2007-12-19,8308184.8145
colombia,bancolombia,2007-12-20,8563037.1094
colombia,bancolombia,2007-12-21,8512066.6504
colombia,bancolombia,2007-12-24,8624201.6602
colombia,bancolombia,2007-12-26,8614007.5684
colombia,bancolombia,2007-12-27,8563037.1094
colombia,bancolombia,2007-12-28,8614007.5684
colombia,bancolombia,2008-01-02,8461096.1914
colombia,bancolombia,2008-01-03,8461096.1914
colombia,bancolombia,2008-01-04,8440708.0078
colombia,bancolombia,2008-01-08,8308184.8145
colombia,bancolombia,2008-01-09,8389737.5488
colombia,bancolombia,2008-01-10,8359155.2734
colombia,bancolombia,2008-01-11,8216437.9883
colombia,bancolombia,2008-01-14,8012556.1523
colombia,bancolombia,2008-01-15,7747509.7656
colombia,bancolombia,2008-01-16,7645568.8477
colombia,bancolombia,2008-01-17,7441687.0117
colombia,bancolombia,2008-01-18,7186834.7168
colombia,bancolombia,2008-01-21,6646547.8516
colombia,bancolombia,2008-01-22,6931982.4219
colombia,bancolombia,2008-01-23,7084893.7988
colombia,bancolombia,2008-01-24,7513045.6543
colombia,bancolombia,2008-01-25,7665957.0313
colombia,bancolombia,2008-01-28,7686345.2148
colombia,bancolombia,2008-01-29,7747509.7656
colombia,bancolombia,2008-01-30,7696539.3066
colombia,bancolombia,2008-01-31,7543627.9297
colombia,bancolombia,2008-02-01,7747509.7656
colombia,bancolombia,2008-02-04,7747509.7656
colombia,bancolombia,2008-02-05,7584404.2969
colombia,bancolombia,2008-02-06,7288775.6348
colombia,bancolombia,2008-02-07,7197028.8086
colombia,bancolombia,2008-02-08,7288775.6348
colombia,bancolombia,2008-02-11,7411104.7363
colombia,bancolombia,2008-02-12,7441687.0117
colombia,bancolombia,2008-02-13,7492657.4707
colombia,bancolombia,2008-02-14,7502851.5625
colombia,bancolombia,2008-02-15,7543627.9297
colombia,bancolombia,2008-02-18,7635374.7559
colombia,bancolombia,2008-02-19,7727121.582
colombia,bancolombia,2008-02-20,7645568.8477
colombia,bancolombia,2008-02-21,7747509.7656
colombia,bancolombia,2008-02-22,7645568.8477
colombia,bancolombia,2008-02-25,7574210.2051
colombia,bancolombia,2008-02-26,7492657.4707
colombia,bancolombia,2008-02-27,7431492.9199
colombia,bancolombia,2008-02-28,7380522.4609
colombia,bancolombia,2008-02-29,7268387.4512
colombia,bancolombia,2008-03-03,7197028.8086
colombia,bancolombia,2008-03-04,6982952.8809
colombia,bancolombia,2008-03-05,7339746.0938
colombia,bancolombia,2008-03-06,7339746.0938
colombia,bancolombia,2008-03-07,7400910.6445
colombia,bancolombia,2008-03-10,7390716.5527
colombia,bancolombia,2008-03-11,7594598.3887
colombia,bancolombia,2008-03-12,7696539.3066
colombia,bancolombia,2008-03-13,7706733.3984
colombia,bancolombia,2008-03-14,7594598.3887
colombia,bancolombia,2008-03-17,7451881.1035
colombia,bancolombia,2008-03-18,7574210.2051
colombia,bancolombia,2008-03-19,7513045.6543
colombia,bancolombia,2008-03-25,7543627.9297
colombia,bancolombia,2008-03-26,7380522.4609
colombia,bancolombia,2008-03-27,7441687.0117
colombia,bancolombia,2008-03-28,7543627.9297
colombia,bancolombia,2008-03-31,7523239.7461
colombia,bancolombia,2008-04-01,7737315.6738
colombia,bancolombia,2008-04-02,7747509.7656
colombia,bancolombia,2008-04-03,7859644.7754
colombia,bancolombia,2008-04-04,7880032.959
colombia,bancolombia,2008-04-07,7951391.6016
colombia,bancolombia,2008-04-08,8012556.1523
colombia,bancolombia,2008-04-09,8043138.4277
colombia,bancolombia,2008-04-10,7910615.2344
colombia,bancolombia,2008-04-11,7910615.2344
colombia,bancolombia,2008-04-14,7931003.418
colombia,bancolombia,2008-04-15,8022750.2441
colombia,bancolombia,2008-04-16,8094108.8867
colombia,bancolombia,2008-04-17,8063526.6113
colombia,bancolombia,2008-04-18,8236826.1719
colombia,bancolombia,2008-04-21,8257214.3555
colombia,bancolombia,2008-04-22,8104302.9785
colombia,bancolombia,2008-04-23,8012556.1523
colombia,bancolombia,2008-04-24,8104302.9785
colombia,bancolombia,2008-04-25,8155273.4375
colombia,bancolombia,2008-04-28,8134885.2539
colombia,bancolombia,2008-04-29,8104302.9785
colombia,bancolombia,2008-04-30,8226632.0801
colombia,bancolombia,2008-05-02,8715948.4863
colombia,bancolombia,2008-05-06,8563037.1094
colombia,bancolombia,2008-05-07,8603813.4766
colombia,bancolombia,2008-05-08,8379543.457
colombia,bancolombia,2008-05-09,8348961.1816
colombia,bancolombia,2008-05-12,8410125.7324
colombia,bancolombia,2008-05-13,8450902.0996
colombia,bancolombia,2008-05-14,8542648.9258
colombia,bancolombia,2008-05-15,8583425.293
colombia,bancolombia,2008-05-16,8461096.1914
colombia,bancolombia,2008-05-19,8369349.3652
colombia,bancolombia,2008-05-20,8287796.6309
colombia,bancolombia,2008-05-21,8216437.9883
colombia,bancolombia,2008-05-22,8155273.4375
colombia,bancolombia,2008-05-23,7981973.877
colombia,bancolombia,2008-05-27,7951391.6016
colombia,bancolombia,2008-05-28,8032944.3359
colombia,bancolombia,2008-05-29,8104302.9785
colombia,bancolombia,2008-05-30,8308184.8145
colombia,bancolombia,2008-06-03,8094108.8867
colombia,bancolombia,2008-06-04,8155273.4375
colombia,bancolombia,2008-06-05,8053332.5195
colombia,bancolombia,2008-06-06,8002362.0605
colombia,bancolombia,2008-06-09,7747509.7656
colombia,bancolombia,2008-06-10,7492657.4707
colombia,bancolombia,2008-06-11,7574210.2051
colombia,bancolombia,2008-06-12,7543627.9297
colombia,bancolombia,2008-06-13,7543627.9297
colombia,bancolombia,2008-06-16,7594598.3887
colombia,bancolombia,2008-06-17,7400910.6445
colombia,bancolombia,2008-06-18,7339746.0938
colombia,bancolombia,2008-06-19,7084893.7988
colombia,bancolombia,2008-06-20,7339746.0938
colombia,bancolombia,2008-06-23,7288775.6348
colombia,bancolombia,2008-06-24,7237805.1758
colombia,bancolombia,2008-06-25,7288775.6348
colombia,bancolombia,2008-06-26,7166446.5332
colombia,bancolombia,2008-06-27,7247999.2676
colombia,bancolombia,2008-07-01,6942176.5137
colombia,bancolombia,2008-07-02,6982952.8809
colombia,bancolombia,2008-07-03,6891206.0547
colombia,bancolombia,2008-07-04,6982952.8809
colombia,bancolombia,2008-07-07,6911594.2383
colombia,bancolombia,2008-07-08,6850429.6875
colombia,bancolombia,2008-07-09,6870817.8711
colombia,bancolombia,2008-07-10,6840235.5957
colombia,bancolombia,2008-07-11,6677130.127
colombia,bancolombia,2008-07-14,6677130.127
colombia,bancolombia,2008-07-15,6554801.0254
colombia,bancolombia,2008-07-16,6575189.209
colombia,bancolombia,2008-07-17,6779071.0449
colombia,bancolombia,2008-07-18,6707712.4023
colombia,bancolombia,2008-07-21,6921788.3301
colombia,bancolombia,2008-07-22,6891206.0547
colombia,bancolombia,2008-07-23,7105281.9824
colombia,bancolombia,2008-07-24,7278581.543
colombia,bancolombia,2008-07-25,7482463.3789
colombia,bancolombia,2008-07-28,7258193.3594
colombia,bancolombia,2008-07-29,7441687.0117
colombia,bancolombia,2008-07-30,7594598.3887
colombia,bancolombia,2008-07-31,7543627.9297
colombia,bancolombia,2008-08-01,7411104.7363
colombia,bancolombia,2008-08-04,7400910.6445
colombia,bancolombia,2008-08-05,7390716.5527
colombia,bancolombia,2008-08-06,7258193.3594
colombia,bancolombia,2008-08-08,7390716.5527
colombia,bancolombia,2008-08-11,7543627.9297
colombia,bancolombia,2008-08-12,7492657.4707
colombia,bancolombia,2008-08-13,7472269.2871
colombia,bancolombia,2008-08-14,7451881.1035
colombia,bancolombia,2008-08-15,7482463.3789
colombia,bancolombia,2008-08-19,7339746.0938
colombia,bancolombia,2008-08-20,7492657.4707
colombia,bancolombia,2008-08-21,7543627.9297
colombia,bancolombia,2008-08-22,7665957.0313
colombia,bancolombia,2008-08-25,7543627.9297
colombia,bancolombia,2008-08-26,7604792.4805
colombia,bancolombia,2008-08-27,7645568.8477
colombia,bancolombia,2008-08-28,7747509.7656
colombia,bancolombia,2008-08-29,7900421.1426
colombia,bancolombia,2008-09-01,8206243.8965
colombia,bancolombia,2008-09-02,8267408.4473
colombia,bancolombia,2008-09-03,8430513.916
colombia,bancolombia,2008-09-04,8348961.1816
colombia,bancolombia,2008-09-05,8247020.2637
colombia,bancolombia,2008-09-08,8348961.1816
colombia,bancolombia,2008-09-09,8532454.834
colombia,bancolombia,2008-09-10,8481484.375
colombia,bancolombia,2008-09-11,8756724.8535
colombia,bancolombia,2008-09-12,8614007.5684
colombia,bancolombia,2008-09-15,8512066.6504
colombia,bancolombia,2008-09-16,8053332.5195
colombia,bancolombia,2008-09-17,7839256.5918
colombia,bancolombia,2008-09-18,7716927.4902
colombia,bancolombia,2008-09-19,8175661.6211
colombia,bancolombia,2008-09-22,7941197.5098
colombia,bancolombia,2008-09-23,7849450.6836
colombia,bancolombia,2008-09-24,7951391.6016
colombia,bancolombia,2008-09-25,8104302.9785
colombia,bancolombia,2008-09-26,7951391.6016
colombia,bancolombia,2008-09-29,7798480.2246
colombia,bancolombia,2008-09-30,7971779.7852
colombia,bancolombia,2008-10-01,7900421.1426
colombia,bancolombia,2008-10-02,7900421.1426
colombia,bancolombia,2008-10-03,7757703.8574
colombia,bancolombia,2008-10-06,7247999.2676
colombia,bancolombia,2008-10-07,7176640.625
colombia,bancolombia,2008-10-08,6789265.1367
colombia,bancolombia,2008-10-09,6432471.9238
colombia,bancolombia,2008-10-10,5851408.6914
colombia,bancolombia,2008-10-14,6564995.1172
colombia,bancolombia,2008-10-15,6014514.1602
colombia,bancolombia,2008-10-16,5606750.4883
colombia,bancolombia,2008-10-17,5769855.957
colombia,bancolombia,2008-10-20,5708691.4063
colombia,bancolombia,2008-10-21,5708691.4063
colombia,bancolombia,2008-10-22,5494615.4785
colombia,bancolombia,2008-10-23,5331510.0098
colombia,bancolombia,2008-10-24,5020590.21
colombia,bancolombia,2008-10-27,4959425.6592
colombia,bancolombia,2008-10-28,4974716.7969
colombia,bancolombia,2008-10-29,5535391.8457
colombia,bancolombia,2008-10-30,5912573.2422
colombia,bancolombia,2008-10-31,6167425.5371
colombia,bancolombia,2008-11-04,6371307.373
colombia,bancolombia,2008-11-05,6177619.6289
colombia,bancolombia,2008-11-06,5790244.1406
colombia,bancolombia,2008-11-07,6034902.3438
colombia,bancolombia,2008-11-10,5912573.2422
colombia,bancolombia,2008-11-11,5861602.7832
colombia,bancolombia,2008-11-12,5780050.0488
colombia,bancolombia,2008-11-13,5718885.498
colombia,bancolombia,2008-11-14,5963543.7012
colombia,bancolombia,2008-11-18,5729079.5898
colombia,bancolombia,2008-11-19,5749467.7734
colombia,bancolombia,2008-11-20,5861602.7832
colombia,bancolombia,2008-11-21,5647526.8555
colombia,bancolombia,2008-11-24,5841214.5996
colombia,bancolombia,2008-11-25,5871796.875
colombia,bancolombia,2008-11-26,5953349.6094
colombia,bancolombia,2008-11-27,5973737.793
colombia,bancolombia,2008-11-28,6065484.6191
colombia,bancolombia,2008-12-01,5922767.334
colombia,bancolombia,2008-12-02,6096066.8945
colombia,bancolombia,2008-12-03,6198007.8125
colombia,bancolombia,2008-12-04,6412083.7402
colombia,bancolombia,2008-12-05,6361113.2813
colombia,bancolombia,2008-12-09,6687324.2188
colombia,bancolombia,2008-12-10,6931982.4219
colombia,bancolombia,2008-12-11,6881011.9629
colombia,bancolombia,2008-12-12,6830041.5039
colombia,bancolombia,2008-12-15,6768876.9531
colombia,bancolombia,2008-12-16,6738294.6777
colombia,bancolombia,2008-12-17,6850429.6875
colombia,bancolombia,2008-12-18,6717906.4941
colombia,bancolombia,2008-12-19,6666936.0352
colombia,bancolombia,2008-12-22,6677130.127
colombia,bancolombia,2008-12-23,6677130.127
colombia,bancolombia,2008-12-24,6666936.0352
colombia,bancolombia,2008-12-26,6707712.4023
colombia,bancolombia,2008-12-29,6636353.7598
colombia,bancolombia,2008-12-30,6728100.5859
colombia,bancolombia,2009-01-02,6697518.3105
colombia,bancolombia,2009-01-05,6717906.4941
colombia,bancolombia,2009-01-06,6830041.5039
colombia,bancolombia,2009-01-07,6738294.6777
colombia,bancolombia,2009-01-08,6728100.5859
colombia,bancolombia,2009-01-09,6779071.0449
colombia,bancolombia,2009-01-13,6758682.8613
colombia,bancolombia,2009-01-14,6524218.75
colombia,bancolombia,2009-01-15,6432471.9238
colombia,bancolombia,2009-01-16,6534412.8418
colombia,bancolombia,2009-01-19,6626159.668
colombia,bancolombia,2009-01-20,6422277.832
colombia,bancolombia,2009-01-21,6371307.373
colombia,bancolombia,2009-01-22,6340725.0977
colombia,bancolombia,2009-01-23,6361113.2813
colombia,bancolombia,2009-01-26,6371307.373
colombia,bancolombia,2009-01-27,6412083.7402
colombia,bancolombia,2009-01-28,6524218.75
colombia,bancolombia,2009-01-29,6554801.0254
colombia,bancolombia,2009-01-30,6615965.5762
colombia,bancolombia,2009-02-02,6473248.291
colombia,bancolombia,2009-02-03,6534412.8418
colombia,bancolombia,2009-02-04,6575189.209
colombia,bancolombia,2009-02-05,6442666.0156
colombia,bancolombia,2009-02-06,6514024.6582
colombia,bancolombia,2009-02-09,6524218.75
colombia,bancolombia,2009-02-10,6432471.9238
colombia,bancolombia,2009-02-11,6452860.1074
colombia,bancolombia,2009-02-12,6289754.6387
colombia,bancolombia,2009-02-13,6320336.9141
colombia,bancolombia,2009-02-16,6269366.4551
colombia,bancolombia,2009-02-17,6116455.0781
colombia,bancolombia,2009-02-18,5994125.9766
colombia,bancolombia,2009-02-19,6014514.1602
colombia,bancolombia,2009-02-20,5820826.416
colombia,bancolombia,2009-02-23,5769855.957
colombia,bancolombia,2009-02-24,5637332.7637
colombia,bancolombia,2009-02-25,5667915.0391
colombia,bancolombia,2009-02-26,5749467.7734
colombia,bancolombia,2009-02-27,5912573.2422
colombia,bancolombia,2009-03-02,5657720.9473
colombia,bancolombia,2009-03-03,5616944.5801
colombia,bancolombia,2009-03-04,5769855.957
colombia,bancolombia,2009-03-05,5739273.6816
colombia,bancolombia,2009-03-06,5790244.1406
colombia,bancolombia,2009-03-09,5769855.957
colombia,bancolombia,2009-03-10,5892185.0586
colombia,bancolombia,2009-03-11,5892185.0586
colombia,bancolombia,2009-03-12,6004320.0684
colombia,bancolombia,2009-03-13,6116455.0781
colombia,bancolombia,2009-03-16,6269366.4551
colombia,bancolombia,2009-03-17,6147037.3535
colombia,bancolombia,2009-03-18,6248978.2715
colombia,bancolombia,2009-03-19,6269366.4551
colombia,bancolombia,2009-03-20,6289754.6387
colombia,bancolombia,2009-03-24,6320336.9141
colombia,bancolombia,2009-03-25,6208201.9043
colombia,bancolombia,2009-03-26,6228590.0879
colombia,bancolombia,2009-03-27,6218395.9961
colombia,bancolombia,2009-03-30,6136843.2617
colombia,bancolombia,2009-03-31,6228590.0879
colombia,bancolombia,2009-04-01,6248978.2715
colombia,bancolombia,2009-04-02,6473248.291
colombia,bancolombia,2009-04-03,6575189.209
colombia,bancolombia,2009-04-06,6554801.0254
colombia,bancolombia,2009-04-07,6524218.75
colombia,bancolombia,2009-04-08,6473248.291
colombia,bancolombia,2009-04-13,6524218.75
colombia,bancolombia,2009-04-14,6432471.9238
colombia,bancolombia,2009-04-15,6473248.291
colombia,bancolombia,2009-04-16,6463054.1992
colombia,bancolombia,2009-04-17,6422277.832
colombia,bancolombia,2009-04-20,6361113.2813
colombia,bancolombia,2009-04-21,6381501.4648
colombia,bancolombia,2009-04-22,6412083.7402
colombia,bancolombia,2009-04-23,6401889.6484
colombia,bancolombia,2009-04-24,6534412.8418
colombia,bancolombia,2009-04-27,6585383.3008
colombia,bancolombia,2009-04-28,6575189.209
colombia,bancolombia,2009-04-29,6779071.0449
colombia,bancolombia,2009-04-30,6819847.4121
colombia,bancolombia,2009-05-04,7033923.3398
colombia,bancolombia,2009-05-05,7084893.7988
colombia,bancolombia,2009-05-06,7135864.2578
colombia,bancolombia,2009-05-07,7441687.0117
colombia,bancolombia,2009-05-08,7818868.4082
colombia,bancolombia,2009-05-11,7808674.3164
colombia,bancolombia,2009-05-12,7747509.7656
colombia,bancolombia,2009-05-13,7513045.6543
colombia,bancolombia,2009-05-14,7625180.6641
colombia,bancolombia,2009-05-15,7645568.8477
colombia,bancolombia,2009-05-18,7951391.6016
colombia,bancolombia,2009-05-19,8032944.3359
colombia,bancolombia,2009-05-20,7981973.877
colombia,bancolombia,2009-05-21,7839256.5918
colombia,bancolombia,2009-05-22,7890227.0508
colombia,bancolombia,2009-05-26,8043138.4277
colombia,bancolombia,2009-05-27,7992167.9688
colombia,bancolombia,2009-05-28,7931003.418
colombia,bancolombia,2009-05-29,7900421.1426
colombia,bancolombia,2009-06-01,8053332.5195
colombia,bancolombia,2009-06-02,8053332.5195
colombia,bancolombia,2009-06-03,8002362.0605
colombia,bancolombia,2009-06-04,8104302.9785
colombia,bancolombia,2009-06-05,8104302.9785
colombia,bancolombia,2009-06-08,8134885.2539
colombia,bancolombia,2009-06-09,8124691.1621
colombia,bancolombia,2009-06-10,8165467.5293
colombia,bancolombia,2009-06-11,8206243.8965
colombia,bancolombia,2009-06-12,8155273.4375
colombia,bancolombia,2009-06-16,8104302.9785
colombia,bancolombia,2009-06-17,8196049.8047
colombia,bancolombia,2009-06-18,8145079.3457
colombia,bancolombia,2009-06-19,
colombia,bancolombia,2009-06-23,8287796.6309
colombia,bancolombia,2009-06-24,8216437.9883
colombia,bancolombia,2009-06-25,8308184.8145
colombia,bancolombia,2009-06-26,8247020.2637
colombia,bancolombia,2009-06-29,8247020.2637
colombia,bancolombia,2009-06-30,8359155.2734
colombia,bancolombia,2009-07-01,8410125.7324
colombia,bancolombia,2009-07-02,8389737.5488
colombia,bancolombia,2009-07-03,8399931.6406
colombia,bancolombia,2009-07-06,8308184.8145
colombia,bancolombia,2009-07-07,8257214.3555
colombia,bancolombia,2009-07-08,8145079.3457
colombia,bancolombia,2009-07-09,7849450.6836
colombia,bancolombia,2009-07-10,7849450.6836
colombia,bancolombia,2009-07-13,7716927.4902
colombia,bancolombia,2009-07-14,7778092.041
colombia,bancolombia,2009-07-15,7747509.7656
colombia,bancolombia,2009-07-16,7737315.6738
colombia,bancolombia,2009-07-17,7778092.041
colombia,bancolombia,2009-07-21,7910615.2344
colombia,bancolombia,2009-07-22,7951391.6016
colombia,bancolombia,2009-07-23,8053332.5195
colombia,bancolombia,2009-07-24,8094108.8867
colombia,bancolombia,2009-07-27,8155273.4375
colombia,bancolombia,2009-07-28,8145079.3457
colombia,bancolombia,2009-07-29,8124691.1621
colombia,bancolombia,2009-07-30,8308184.8145
colombia,bancolombia,2009-07-31,8359155.2734
colombia,bancolombia,2009-08-03,8461096.1914
colombia,bancolombia,2009-08-04,8593619.3848
colombia,bancolombia,2009-08-05,8522260.7422
colombia,bancolombia,2009-08-06,8664978.0273
colombia,bancolombia,2009-08-10,8736336.6699
colombia,bancolombia,2009-08-11,8603813.4766
colombia,bancolombia,2009-08-12,8715948.4863
colombia,bancolombia,2009-08-13,8838277.5879
colombia,bancolombia,2009-08-14,8960606.6895
colombia,bancolombia,2009-08-18,8838277.5879
colombia,bancolombia,2009-08-19,8858665.7715
colombia,bancolombia,2009-08-20,8991188.9648
colombia,bancolombia,2009-08-21,9123712.1582
colombia,bancolombia,2009-08-24,9378564.4531
colombia,bancolombia,2009-08-25,9388758.5449
colombia,bancolombia,2009-08-26,9409146.7285
colombia,bancolombia,2009-08-27,9266429.4434
colombia,bancolombia,2009-08-28,9246041.2598
colombia,bancolombia,2009-08-31,9286817.627
colombia,bancolombia,2009-09-01,9021771.2402
colombia,bancolombia,2009-09-02,8940218.5059
colombia,bancolombia,2009-09-03,8838277.5879
colombia,bancolombia,2009-09-04,8970800.7813
colombia,bancolombia,2009-09-07,9082935.791
colombia,bancolombia,2009-09-08,9225653.0762
colombia,bancolombia,2009-09-09,9235847.168
colombia,bancolombia,2009-09-10,9195070.8008
colombia,bancolombia,2009-09-11,9286817.627
colombia,bancolombia,2009-09-14,9276623.5352
colombia,bancolombia,2009-09-15,9419340.8203
colombia,bancolombia,2009-09-16,9531475.8301
colombia,bancolombia,2009-09-17,9562058.1055
colombia,bancolombia,2009-09-18,9918851.3184
colombia,bancolombia,2009-09-21,9735357.666
colombia,bancolombia,2009-09-22,9745551.7578
colombia,bancolombia,2009-09-23,9827104.4922
colombia,bancolombia,2009-09-24,9857686.7676
colombia,bancolombia,2009-09-25,9786328.125
colombia,bancolombia,2009-09-28,10214479.9805
colombia,bancolombia,2009-09-29,10326614.9902
colombia,bancolombia,2009-09-30,10397973.6328
colombia,bancolombia,2009-10-01,10347003.1738
colombia,bancolombia,2009-10-02,10265450.4395
colombia,bancolombia,2009-10-05,10377585.4492
colombia,bancolombia,2009-10-06,10561079.1016
colombia,bancolombia,2009-10-07,10499914.5508
colombia,bancolombia,2009-10-08,10469332.2754
colombia,bancolombia,2009-10-09,10275644.5313
colombia,bancolombia,2009-10-13,10051374.5117
colombia,bancolombia,2009-10-14,10041180.4199
colombia,bancolombia,2009-10-15,9939239.502
colombia,bancolombia,2009-10-16,9888269.043
colombia,bancolombia,2009-10-19,10194091.7969
colombia,bancolombia,2009-10-20,10245062.2559
colombia,bancolombia,2009-10-21,10204285.8887
colombia,bancolombia,2009-10-22,10296032.7148
colombia,bancolombia,2009-10-23,10306226.8066
colombia,bancolombia,2009-10-26,10296032.7148
colombia,bancolombia,2009-10-27,10194091.7969
colombia,bancolombia,2009-10-28,10132927.2461
colombia,bancolombia,2009-10-29,10296032.7148
colombia,bancolombia,2009-10-30,9939239.502
colombia,bancolombia,2009-11-03,9837298.584
colombia,bancolombia,2009-11-04,10061568.6035
colombia,bancolombia,2009-11-05,10296032.7148
colombia,bancolombia,2009-11-06,10296032.7148
colombia,bancolombia,2009-11-09,10448944.0918
colombia,bancolombia,2009-11-10,10499914.5508
colombia,bancolombia,2009-11-11,10418361.8164
colombia,bancolombia,2009-11-12,10489720.459
colombia,bancolombia,2009-11-13,10479526.3672
colombia,bancolombia,2009-11-17,10561079.1016
colombia,bancolombia,2009-11-18,10469332.2754
colombia,bancolombia,2009-11-19,10601855.4688
colombia,bancolombia,2009-11-20,10663020.0195
colombia,bancolombia,2009-11-23,10754766.8457
colombia,bancolombia,2009-11-24,10785349.1211
colombia,bancolombia,2009-11-25,10958648.6816
colombia,bancolombia,2009-11-26,10703796.3867
colombia,bancolombia,2009-11-27,10948454.5898
colombia,bancolombia,2009-11-30,11009619.1406
colombia,bancolombia,2009-12-01,11213500.9766
colombia,bancolombia,2009-12-02,11356218.2617
colombia,bancolombia,2009-12-03,11672235.1074
colombia,bancolombia,2009-12-04,11621264.6484
colombia,bancolombia,2009-12-07,11590682.373
colombia,bancolombia,2009-12-09,11488741.4551
colombia,bancolombia,2009-12-10,11549906.0059
colombia,bancolombia,2009-12-11,11672235.1074
colombia,bancolombia,2009-12-14,11621264.6484
colombia,bancolombia,2009-12-15,11692623.291
colombia,bancolombia,2009-12-16,11876116.9434
colombia,bancolombia,2009-12-17,12090192.8711
colombia,bancolombia,2009-12-18,11978057.8613
colombia,bancolombia,2009-12-21,11916893.3105
colombia,bancolombia,2009-12-22,11865922.8516
colombia,bancolombia,2009-12-23,11682429.1992
colombia,bancolombia,2009-12-24,11814952.3926
colombia,bancolombia,2009-12-28,11723205.5664
colombia,bancolombia,2009-12-29,11621264.6484
colombia,bancolombia,2009-12-30,11794564.209
colombia,bancolombia,2010-01-04,11631458.7402
colombia,bancolombia,2010-01-05,11825146.4844
colombia,bancolombia,2010-01-06,11539711.9141
colombia,bancolombia,2010-01-07,11437770.9961
colombia,bancolombia,2010-01-08,11417382.8125
colombia,bancolombia,2010-01-12,11325635.9863
colombia,bancolombia,2010-01-13,11366412.3535
colombia,bancolombia,2010-01-14,11325635.9863
colombia,bancolombia,2010-01-15,11244083.252
colombia,bancolombia,2010-01-18,11284859.6191
colombia,bancolombia,2010-01-19,11427576.9043
colombia,bancolombia,2010-01-20,11468353.2715
colombia,bancolombia,2010-01-21,11325635.9863
colombia,bancolombia,2010-01-22,11417382.8125
colombia,bancolombia,2010-01-25,11254277.3438
colombia,bancolombia,2010-01-26,11213500.9766
colombia,bancolombia,2010-01-27,11009619.1406
colombia,bancolombia,2010-01-28,11030007.3242
colombia,bancolombia,2010-01-29,11315441.8945
colombia,bancolombia,2010-02-01,11131948.2422
colombia,bancolombia,2010-02-02,11203306.8848
colombia,bancolombia,2010-02-03,11152336.4258
colombia,bancolombia,2010-02-04,11152336.4258
colombia,bancolombia,2010-02-05,10805737.3047
colombia,bancolombia,2010-02-08,10601855.4688
colombia,bancolombia,2010-02-09,10652825.9277
colombia,bancolombia,2010-02-10,10856707.7637
colombia,bancolombia,2010-02-11,10856707.7637
colombia,bancolombia,2010-02-12,10764960.9375
colombia,bancolombia,2010-02-15,10805737.3047
colombia,bancolombia,2010-02-16,10917872.3145
colombia,bancolombia,2010-02-17,10989230.957
colombia,bancolombia,2010-02-18,10907678.2227
colombia,bancolombia,2010-02-19,11162530.5176
colombia,bancolombia,2010-02-22,11254277.3438
colombia,bancolombia,2010-02-23,11121754.1504
colombia,bancolombia,2010-02-24,11376606.4453
colombia,bancolombia,2010-02-25,11172724.6094
colombia,bancolombia,2010-02-26,11366412.3535
colombia,bancolombia,2010-03-01,11447965.0879
colombia,bancolombia,2010-03-02,11274665.5273
colombia,bancolombia,2010-03-03,11396994.6289
colombia,bancolombia,2010-03-04,11386800.5371
colombia,bancolombia,2010-03-05,11223695.0684
colombia,bancolombia,2010-03-08,11325635.9863
colombia,bancolombia,2010-03-09,11203306.8848
colombia,bancolombia,2010-03-10,11050395.5078
colombia,bancolombia,2010-03-11,11060589.5996
colombia,bancolombia,2010-03-12,11162530.5176
colombia,bancolombia,2010-03-15,11111560.0586
colombia,bancolombia,2010-03-16,11121754.1504
colombia,bancolombia,2010-03-17,11315441.8945
colombia,bancolombia,2010-03-18,11356218.2617
colombia,bancolombia,2010-03-19,11101365.9668
colombia,bancolombia,2010-03-23,11274665.5273
colombia,bancolombia,2010-03-24,11274665.5273
colombia,bancolombia,2010-03-25,11172724.6094
colombia,bancolombia,2010-03-26,11203306.8848
colombia,bancolombia,2010-03-29,11223695.0684
colombia,bancolombia,2010-03-30,11315441.8945
colombia,bancolombia,2010-03-31,11356218.2617
colombia,bancolombia,2010-04-05,11417382.8125
colombia,bancolombia,2010-04-06,11396994.6289
colombia,bancolombia,2010-04-07,11611070.5566
colombia,bancolombia,2010-04-08,11855728.7598
colombia,bancolombia,2010-04-09,11774176.0254
colombia,bancolombia,2010-04-12,11753787.8418
colombia,bancolombia,2010-04-13,11896505.127
colombia,bancolombia,2010-04-14,12130969.2383
colombia,bancolombia,2010-04-15,12141163.3301
colombia,bancolombia,2010-04-16,11886311.0352
colombia,bancolombia,2010-04-19,11774176.0254
colombia,bancolombia,2010-04-20,11876116.9434
colombia,bancolombia,2010-04-21,11774176.0254
colombia,bancolombia,2010-04-22,11825146.4844
colombia,bancolombia,2010-04-23,11876116.9434
colombia,bancolombia,2010-04-26,11733399.6582
colombia,bancolombia,2010-04-27,11621264.6484
colombia,bancolombia,2010-04-28,11560100.0977
colombia,bancolombia,2010-04-29,11763981.9336
colombia,bancolombia,2010-04-30,11733399.6582
colombia,bancolombia,2010-05-03,11916893.3105
colombia,bancolombia,2010-05-04,11774176.0254
colombia,bancolombia,2010-05-05,11621264.6484
colombia,bancolombia,2010-05-06,11366412.3535
colombia,bancolombia,2010-05-07,11865922.8516
colombia,bancolombia,2010-05-10,11519323.7305
colombia,bancolombia,2010-05-11,11570294.1895
colombia,bancolombia,2010-05-12,11723205.5664
colombia,bancolombia,2010-05-13,11723205.5664
colombia,bancolombia,2010-05-14,11590669.1876
colombia,bancolombia,2010-05-18,11590669.1876
colombia,bancolombia,2010-05-19,11366399.4232
colombia,bancolombia,2010-05-20,11437757.9846
colombia,bancolombia,2010-05-21,11376593.5034
colombia,bancolombia,2010-05-24,11407175.744
colombia,bancolombia,2010-05-25,11182905.9796
colombia,bancolombia,2010-05-26,11570281.0272
colombia,bancolombia,2010-05-27,11621251.4282
colombia,bancolombia,2010-05-28,11978044.2352
colombia,bancolombia,2010-05-31,11978044.2352
colombia,bancolombia,2010-06-01,11978044.2352
colombia,bancolombia,2010-06-02,12079985.0372
colombia,bancolombia,2010-06-03,12069790.957
colombia,bancolombia,2010-06-04,11927073.8342
colombia,bancolombia,2010-06-08,11835327.1124
colombia,bancolombia,2010-06-09,12039208.7164
colombia,bancolombia,2010-06-10,11947461.9946
colombia,bancolombia,2010-06-11,11937267.9144
colombia,bancolombia,2010-06-15,11947461.9946
colombia,bancolombia,2010-06-16,11978044.2352
colombia,bancolombia,2010-06-17,11967850.155
colombia,bancolombia,2010-06-18,12100373.1976
colombia,bancolombia,2010-06-21,12029014.6362
colombia,bancolombia,2010-06-22,12181925.8392
colombia,bancolombia,2010-06-23,12171731.759
colombia,bancolombia,2010-06-24,12171731.759
colombia,bancolombia,2010-06-25,12171731.759
colombia,bancolombia,2010-06-28,12181925.8392
colombia,bancolombia,2010-06-29,12029014.6362
colombia,bancolombia,2010-06-30,12110567.2778
colombia,bancolombia,2010-07-01,12039208.7164
colombia,bancolombia,2010-07-02,12029014.6362
colombia,bancolombia,2010-07-06,12222702.16
colombia,bancolombia,2010-07-07,12334837.0422
colombia,bancolombia,2010-07-08,12365419.2828
colombia,bancolombia,2010-07-09,12487748.2452
colombia,bancolombia,2010-07-12,12752794.3304
colombia,bancolombia,2010-07-13,12844541.0522
colombia,bancolombia,2010-07-14,12844541.0522
colombia,bancolombia,2010-07-15,12997452.2552
colombia,bancolombia,2010-07-16,12854735.1324
colombia,bancolombia,2010-07-19,12844541.0522
colombia,bancolombia,2010-07-21,13272692.4207
colombia,bancolombia,2010-07-22,13354245.0623
colombia,bancolombia,2010-07-23,13762008.2703
colombia,bancolombia,2010-07-26,14016860.2753
colombia,bancolombia,2010-07-27,14261518.2001
colombia,bancolombia,2010-07-28,14016860.2753
colombia,bancolombia,2010-07-29,13507156.2653
colombia,bancolombia,2010-07-30,13405215.4633
colombia,bancolombia,2010-08-02,13354245.0623
colombia,bancolombia,2010-08-03,13333856.9019
colombia,bancolombia,2010-08-04,13496962.1851
colombia,bancolombia,2010-08-05,13252304.2603
colombia,bancolombia,2010-08-06,13068810.8167
colombia,bancolombia,2010-08-09,12946481.8542
colombia,bancolombia,2010-08-10,13017840.4156
colombia,bancolombia,2010-08-11,12844541.0522
colombia,bancolombia,2010-08-12,12793570.6512
colombia,bancolombia,2010-08-13,13099393.0573
colombia,bancolombia,2010-08-17,12864929.2126
colombia,bancolombia,2010-08-18,13201333.8593
colombia,bancolombia,2010-08-19,13242110.1801
colombia,bancolombia,2010-08-20,13252304.2603
colombia,bancolombia,2010-08-23,13425603.6237
colombia,bancolombia,2010-08-24,13598902.9871
colombia,bancolombia,2010-08-25,13649873.3881
colombia,bancolombia,2010-08-26,13700843.7891
colombia,bancolombia,2010-08-27,13955695.7941
colombia,bancolombia,2010-08-30,13945501.7139
colombia,bancolombia,2010-08-31,14485787.9645
colombia,bancolombia,2010-09-01,14883357.0923
colombia,bancolombia,2010-09-02,14526564.2853
colombia,bancolombia,2010-09-03,14628505.0873
colombia,bancolombia,2010-09-06,14771222.2101
colombia,bancolombia,2010-09-07,14577534.6863
colombia,bancolombia,2010-09-08,14373653.0823
colombia,bancolombia,2010-09-09,14322682.6813
colombia,bancolombia,2010-09-10,13955695.7941
colombia,bancolombia,2010-09-13,14271712.2803
colombia,bancolombia,2010-09-14,14455205.7239
colombia,bancolombia,2010-09-15,14322682.6813
colombia,bancolombia,2010-09-16,14577534.6863
colombia,bancolombia,2010-09-17,14373653.0823
colombia,bancolombia,2010-09-20,14455205.7239
colombia,bancolombia,2010-09-21,14373653.0823
colombia,bancolombia,2010-09-22,14271712.2803
colombia,bancolombia,2010-09-23,14220741.8793
colombia,bancolombia,2010-09-24,14251324.1199
colombia,bancolombia,2010-09-27,14230935.9595
colombia,bancolombia,2010-09-28,14730445.8893
colombia,bancolombia,2010-09-29,14883357.0923
colombia,bancolombia,2010-09-30,14975103.8141
colombia,bancolombia,2010-10-01,14862968.9319
colombia,bancolombia,2010-10-04,14781416.2903
colombia,bancolombia,2010-10-05,14934327.4933
colombia,bancolombia,2010-10-06,14924133.4131
colombia,bancolombia,2010-10-07,14710057.7289
colombia,bancolombia,2010-10-08,14883357.0923
colombia,bancolombia,2010-10-11,14832386.6913
colombia,bancolombia,2010-10-12,14822192.6111
colombia,bancolombia,2010-10-13,15026074.2151
colombia,bancolombia,2010-10-14,14771222.2101
colombia,bancolombia,2010-10-15,14679475.4883
colombia,bancolombia,2010-10-19,14791610.3705
colombia,bancolombia,2010-10-20,14862968.9319
colombia,bancolombia,2010-10-21,14954715.6537
colombia,bancolombia,2010-10-22,15036268.2953
colombia,bancolombia,2010-10-25,15036268.2953
colombia,bancolombia,2010-10-26,14628505.0873
colombia,bancolombia,2010-10-27,14679475.4883
colombia,bancolombia,2010-10-28,14862968.9319
colombia,bancolombia,2010-10-29,15087238.6963
colombia,bancolombia,2010-11-02,15393061.1023
colombia,bancolombia,2010-11-03,15545972.3053
colombia,bancolombia,2010-11-04,15688689.4281
colombia,bancolombia,2010-11-05,15627524.9469
colombia,bancolombia,2010-11-08,15413449.2627
colombia,bancolombia,2010-11-09,15413449.2627
colombia,bancolombia,2010-11-10,15280926.2201
colombia,bancolombia,2010-11-11,14883357.0923
colombia,bancolombia,2010-11-12,14903745.2527
colombia,bancolombia,2010-11-16,14271712.2803
colombia,bancolombia,2010-11-17,14771222.2101
colombia,bancolombia,2010-11-18,14679475.4883
colombia,bancolombia,2010-11-19,14373653.0823
colombia,bancolombia,2010-11-22,14373653.0823
colombia,bancolombia,2010-11-23,14128995.1575
colombia,bancolombia,2010-11-24,14516370.2051
colombia,bancolombia,2010-11-25,14424623.4833
colombia,bancolombia,2010-11-26,14424623.4833
colombia,bancolombia,2010-11-29,14312488.6011
colombia,bancolombia,2010-11-30,14445011.6437
colombia,bancolombia,2010-12-01,14822192.6111
colombia,bancolombia,2010-12-02,14995491.9745
colombia,bancolombia,2010-12-03,15087238.6963
colombia,bancolombia,2010-12-06,15189179.4983
colombia,bancolombia,2010-12-07,15138209.0973
colombia,bancolombia,2010-12-09,15291120.3003
colombia,bancolombia,2010-12-10,15189179.4983
colombia,bancolombia,2010-12-13,15342090.7013
colombia,bancolombia,2010-12-14,15393061.1023
colombia,bancolombia,2010-12-15,15036268.2953
colombia,bancolombia,2010-12-16,15077044.6161
colombia,bancolombia,2010-12-17,15066850.5359
colombia,bancolombia,2010-12-20,14832386.6913
colombia,bancolombia,2010-12-21,14750834.0497
colombia,bancolombia,2010-12-22,14883357.0923
colombia,bancolombia,2010-12-23,14924133.4131
colombia,bancolombia,2010-12-24,14934327.4933
colombia,bancolombia,2010-12-27,15189179.4983
colombia,bancolombia,2010-12-28,14995491.9745
colombia,bancolombia,2010-12-29,15036268.2953
colombia,bancolombia,2010-12-30,15036268.2953
colombia,bancolombia,2011-01-03,15036268.2953
colombia,bancolombia,2011-01-04,14862968.9319
colombia,bancolombia,2011-01-05,14771222.2101
colombia,bancolombia,2011-01-06,14526564.2853
colombia,bancolombia,2011-01-07,14781416.2903
colombia,bancolombia,2011-01-11,13904725.3931
colombia,bancolombia,2011-01-12,14139189.2377
colombia,bancolombia,2011-01-13,14373653.0823
colombia,bancolombia,2011-01-14,14281906.3605
colombia,bancolombia,2011-01-17,14302294.5209
colombia,bancolombia,2011-01-18,13965889.8743
colombia,bancolombia,2011-01-19,13711037.8693
colombia,bancolombia,2011-01-20,13537738.5059
colombia,bancolombia,2011-01-21,13690649.7089
colombia,bancolombia,2011-01-24,13863949.0723
colombia,bancolombia,2011-01-25,14118801.0773
colombia,bancolombia,2011-01-26,14190159.6387
colombia,bancolombia,2011-01-27,14128995.1575
colombia,bancolombia,2011-01-28,13772202.3505
colombia,bancolombia,2011-01-31,13772202.3505
colombia,bancolombia,2011-02-01,13812978.6713
colombia,bancolombia,2011-02-02,13812978.6713
colombia,bancolombia,2011-02-03,13772202.3505
colombia,bancolombia,2011-02-04,13609097.0673
colombia,bancolombia,2011-02-07,13405215.4633
colombia,bancolombia,2011-02-08,13762008.2703
colombia,bancolombia,2011-02-09,13476574.0247
colombia,bancolombia,2011-02-10,13323662.8217
colombia,bancolombia,2011-02-11,13496962.1851
colombia,bancolombia,2011-02-14,13333856.9019
colombia,bancolombia,2011-02-15,13201333.8593
colombia,bancolombia,2011-02-16,13201333.8593
colombia,bancolombia,2011-02-17,13150363.4583
colombia,bancolombia,2011-02-18,13079004.8969
colombia,bancolombia,2011-02-21,13048422.6563
colombia,bancolombia,2011-02-22,13028034.4958
colombia,bancolombia,2011-02-23,13099393.0573
colombia,bancolombia,2011-02-24,13099393.0573
colombia,bancolombia,2011-02-25,13252304.2603
colombia,bancolombia,2011-02-28,13711037.8693
colombia,bancolombia,2011-03-01,14057636.5961
colombia,bancolombia,2011-03-02,14037248.4357
colombia,bancolombia,2011-03-03,14078024.7565
colombia,bancolombia,2011-03-04,14027054.3555
colombia,bancolombia,2011-03-07,14108606.9971
colombia,bancolombia,2011-03-08,14016860.2753
colombia,bancolombia,2011-03-09,14292100.4407
colombia,bancolombia,2011-03-10,14098412.9169
colombia,bancolombia,2011-03-11,14016860.2753
colombia,bancolombia,2011-03-14,14159577.3981
colombia,bancolombia,2011-03-15,13894531.3129
colombia,bancolombia,2011-03-16,14169771.4783
colombia,bancolombia,2011-03-17,14526564.2853
colombia,bancolombia,2011-03-18,14883357.0923
colombia,bancolombia,2011-03-22,14781416.2903
colombia,bancolombia,2011-03-23,14720251.8091
colombia,bancolombia,2011-03-24,14822192.6111
colombia,bancolombia,2011-03-25,14669281.4081
colombia,bancolombia,2011-03-28,14587728.7665
colombia,bancolombia,2011-03-29,14526564.2853
colombia,bancolombia,2011-03-30,14781416.2903
colombia,bancolombia,2011-03-31,14883357.0923
colombia,bancolombia,2011-04-01,14934327.4933
colombia,bancolombia,2011-04-04,14679475.4883
colombia,bancolombia,2011-04-05,14883357.0923
colombia,bancolombia,2011-04-06,14893551.1725
colombia,bancolombia,2011-04-07,14985297.8943
colombia,bancolombia,2011-04-08,14934327.4933
colombia,bancolombia,2011-04-11,14862968.9319
colombia,bancolombia,2011-04-12,14322682.6813
colombia,bancolombia,2011-04-13,14445011.6437
colombia,bancolombia,2011-04-14,14261518.2001
colombia,bancolombia,2011-04-15,14271712.2803
colombia,bancolombia,2011-04-18,14271712.2803
colombia,bancolombia,2011-04-19,14118801.0773
colombia,bancolombia,2011-04-20,14169771.4783
colombia,bancolombia,2011-04-25,14261518.2001
colombia,bancolombia,2011-04-26,14363459.0021
colombia,bancolombia,2011-04-27,14526564.2853
colombia,bancolombia,2011-04-28,14475593.8843
colombia,bancolombia,2011-04-29,14679475.4883
colombia,bancolombia,2011-05-02,14526564.2853
colombia,bancolombia,2011-05-03,14312488.6011
colombia,bancolombia,2011-05-04,14271712.2803
colombia,bancolombia,2011-05-05,13884337.2327
colombia,bancolombia,2011-05-06,13914919.4733
colombia,bancolombia,2011-05-09,14128995.1575
colombia,bancolombia,2011-05-10,14536758.3655
colombia,bancolombia,2011-05-11,14771222.2101
colombia,bancolombia,2011-05-12,14679475.4883
colombia,bancolombia,2011-05-13,14526564.2853
colombia,bancolombia,2011-05-16,14679475.4883
colombia,bancolombia,2011-05-17,14934327.4933
colombia,bancolombia,2011-05-18,14985297.8943
colombia,bancolombia,2011-05-19,14628505.0873
colombia,bancolombia,2011-05-20,14873163.0121
colombia,bancolombia,2011-05-23,14791610.3705
colombia,bancolombia,2011-05-24,14852774.8517
colombia,bancolombia,2011-05-25,14832386.6913
colombia,bancolombia,2011-05-26,14985297.8943
colombia,bancolombia,2011-05-27,14842580.7715
colombia,bancolombia,2011-05-30,14934327.4933
colombia,bancolombia,2011-05-31,14832386.6913
colombia,bancolombia,2011-06-01,15026074.2151
colombia,bancolombia,2011-06-02,15087238.6963
colombia,bancolombia,2011-06-03,14913939.3329
colombia,bancolombia,2011-06-07,15077044.6161
colombia,bancolombia,2011-06-08,15077044.6161
colombia,bancolombia,2011-06-09,14964909.7339
colombia,bancolombia,2011-06-10,14883357.0923
colombia,bancolombia,2011-06-13,15026074.2151
colombia,bancolombia,2011-06-14,15036268.2953
colombia,bancolombia,2011-06-15,14985297.8943
colombia,bancolombia,2011-06-16,14832386.6913
colombia,bancolombia,2011-06-17,15189179.4983
colombia,bancolombia,2011-06-20,14883357.0923
colombia,bancolombia,2011-06-21,14903745.2527
colombia,bancolombia,2011-06-22,14985297.8943
colombia,bancolombia,2011-06-23,15138209.0973
colombia,bancolombia,2011-06-24,14903745.2527
colombia,bancolombia,2011-06-28,14985297.8943
colombia,bancolombia,2011-06-29,14934327.4933
colombia,bancolombia,2011-06-30,14883357.0923
colombia,bancolombia,2011-07-01,14934327.4933
colombia,bancolombia,2011-07-05,14883357.0923
colombia,bancolombia,2011-07-06,14832386.6913
colombia,bancolombia,2011-07-07,14679475.4883
colombia,bancolombia,2011-07-08,14659087.3279
colombia,bancolombia,2011-07-11,14485787.9645
colombia,bancolombia,2011-07-12,14088218.8367
colombia,bancolombia,2011-07-13,14862968.9319
colombia,bancolombia,2011-07-14,14322682.6813
colombia,bancolombia,2011-07-15,14322682.6813
colombia,bancolombia,2011-07-18,14322682.6813
colombia,bancolombia,2011-07-19,14577534.6863
colombia,bancolombia,2011-07-21,14628505.0873
colombia,bancolombia,2011-07-22,14669281.4081
colombia,bancolombia,2011-07-25,14771222.2101
colombia,bancolombia,2011-07-26,14730445.8893
colombia,bancolombia,2011-07-27,14434817.5635
colombia,bancolombia,2011-07-28,14679475.4883
colombia,bancolombia,2011-07-29,14781416.2903
colombia,bancolombia,2011-08-01,14750834.0497
colombia,bancolombia,2011-08-02,14669281.4081
colombia,bancolombia,2011-08-03,14526564.2853
colombia,bancolombia,2011-08-04,13884337.2327
colombia,bancolombia,2011-08-05,13507156.2653
colombia,bancolombia,2011-08-08,12987258.175
colombia,bancolombia,2011-08-09,13507156.2653
colombia,bancolombia,2011-08-10,13690649.7089
colombia,bancolombia,2011-08-11,13762008.2703
colombia,bancolombia,2011-08-12,13762008.2703
colombia,bancolombia,2011-08-16,14078024.7565
colombia,bancolombia,2011-08-17,14322682.6813
colombia,bancolombia,2011-08-18,14078024.7565
colombia,bancolombia,2011-08-19,13609097.0673
colombia,bancolombia,2011-08-22,13711037.8693
colombia,bancolombia,2011-08-23,13935307.6337
colombia,bancolombia,2011-08-24,13945501.7139
colombia,bancolombia,2011-08-25,13965889.8743
colombia,bancolombia,2011-08-26,13904725.3931
colombia,bancolombia,2011-08-29,14210547.7991
colombia,bancolombia,2011-08-30,14445011.6437
colombia,bancolombia,2011-08-31,14679475.4883
colombia,bancolombia,2011-09-01,14485787.9645
colombia,bancolombia,2011-09-02,14526564.2853
colombia,bancolombia,2011-09-05,14271712.2803
colombia,bancolombia,2011-09-06,14516370.2051
colombia,bancolombia,2011-09-07,14587728.7665
colombia,bancolombia,2011-09-08,14628505.0873
colombia,bancolombia,2011-09-09,14557146.5259
colombia,bancolombia,2011-09-12,14424623.4833
colombia,bancolombia,2011-09-13,14424623.4833
colombia,bancolombia,2011-09-14,14577534.6863
colombia,bancolombia,2011-09-15,14618311.0071
colombia,bancolombia,2011-09-16,14883357.0923
colombia,bancolombia,2011-09-19,14862968.9319
colombia,bancolombia,2011-09-20,14618311.0071
colombia,bancolombia,2011-09-21,14526564.2853
colombia,bancolombia,2011-09-22,14027054.3555
colombia,bancolombia,2011-09-23,13762008.2703
colombia,bancolombia,2011-09-26,13558126.6663
colombia,bancolombia,2011-09-27,13812978.6713
colombia,bancolombia,2011-09-28,13578514.8267
colombia,bancolombia,2011-09-29,13711037.8693
colombia,bancolombia,2011-09-30,14424623.4833
colombia,bancolombia,2011-10-03,13344050.9821
colombia,bancolombia,2011-10-04,13955695.7941
colombia,bancolombia,2011-10-05,13792590.5109
colombia,bancolombia,2011-10-06,13863949.0723
colombia,bancolombia,2011-10-07,14210547.7991
colombia,bancolombia,2011-10-10,14108606.9971
colombia,bancolombia,2011-10-11,14108606.9971
colombia,bancolombia,2011-10-12,13986278.0347
colombia,bancolombia,2011-10-13,14220741.8793
colombia,bancolombia,2011-10-14,14067830.6763
colombia,bancolombia,2011-10-18,14373653.0823
colombia,bancolombia,2011-10-19,14414429.4031
colombia,bancolombia,2011-10-20,14149383.3179
colombia,bancolombia,2011-10-21,14292100.4407
colombia,bancolombia,2011-10-24,14394041.2427
colombia,bancolombia,2011-10-25,14506176.1249
colombia,bancolombia,2011-10-26,14353264.9219
colombia,bancolombia,2011-10-27,14781416.2903
colombia,bancolombia,2011-10-28,14873163.0121
colombia,bancolombia,2011-10-31,14781416.2903
colombia,bancolombia,2011-11-01,14577534.6863
colombia,bancolombia,2011-11-02,14526564.2853
colombia,bancolombia,2011-11-03,14577534.6863
colombia,bancolombia,2011-11-04,14577534.6863
colombia,bancolombia,2011-11-08,14638699.1675
colombia,bancolombia,2011-11-09,14710057.7289
colombia,bancolombia,2011-11-10,14220741.8793
colombia,bancolombia,2011-11-11,14628505.0873
colombia,bancolombia,2011-11-15,14475593.8843
colombia,bancolombia,2011-11-16,14322682.6813
colombia,bancolombia,2011-11-17,14220741.8793
colombia,bancolombia,2011-11-18,14006666.1951
colombia,bancolombia,2011-11-21,13976083.9545
colombia,bancolombia,2011-11-22,13619291.1475
colombia,bancolombia,2011-11-23,13201333.8593
colombia,bancolombia,2011-11-24,13089198.9771
colombia,bancolombia,2011-11-25,13089198.9771
colombia,bancolombia,2011-11-28,13751814.1901
colombia,bancolombia,2011-11-29,13863949.0723
colombia,bancolombia,2011-11-30,14067830.6763
colombia,bancolombia,2011-12-01,14271712.2803
colombia,bancolombia,2011-12-02,14251324.1199
colombia,bancolombia,2011-12-05,13976083.9545
colombia,bancolombia,2011-12-06,13833366.8317
colombia,bancolombia,2011-12-07,14261518.2001
colombia,bancolombia,2011-12-09,14027054.3555
colombia,bancolombia,2011-12-12,14577534.6863
colombia,bancolombia,2011-12-13,14628505.0873
colombia,bancolombia,2011-12-14,14516370.2051
colombia,bancolombia,2011-12-15,14271712.2803
colombia,bancolombia,2011-12-16,14720251.8091
colombia,bancolombia,2011-12-19,14577534.6863
colombia,bancolombia,2011-12-20,14679475.4883
colombia,bancolombia,2011-12-21,14730445.8893
colombia,bancolombia,2011-12-22,14761028.1299
colombia,bancolombia,2011-12-23,14740639.9695
colombia,bancolombia,2011-12-26,14781416.2903
colombia,bancolombia,2011-12-27,14557146.5259
colombia,bancolombia,2011-12-28,14465399.8041
colombia,bancolombia,2011-12-29,14516370.2051
colombia,bancolombia,2011-12-30,14516370.2051
colombia,bancolombia,2012-01-02,14506176.1249
colombia,bancolombia,2012-01-03,14495982.0447
colombia,bancolombia,2012-01-04,14475593.8843
colombia,bancolombia,2012-01-05,14465399.8041
colombia,bancolombia,2012-01-06,13751814.1901
colombia,bancolombia,2012-01-10,13741620.1099
colombia,bancolombia,2012-01-11,14736199.5447
colombia,bancolombia,2012-01-12,14570871.9507
colombia,bancolombia,2012-01-13,14581893.7903
colombia,bancolombia,2012-01-16,14328391.4795
colombia,bancolombia,2012-01-17,14328391.4795
colombia,bancolombia,2012-01-18,14328391.4795
colombia,bancolombia,2012-01-19,14328391.4795
colombia,bancolombia,2012-01-20,14383500.6775
colombia,bancolombia,2012-01-23,14339413.3191
colombia,bancolombia,2012-01-24,14416566.1963
colombia,bancolombia,2012-01-25,14383500.6775
colombia,bancolombia,2012-01-26,14383500.6775
colombia,bancolombia,2012-01-27,14273282.2815
colombia,bancolombia,2012-01-30,13863964.8438
colombia,bancolombia,2012-01-31,14261534.4238
colombia,bancolombia,2012-02-01,13762023.9258
colombia,bancolombia,2012-02-02,13741635.7422
colombia,bancolombia,2012-02-03,13874158.9355
colombia,bancolombia,2012-02-06,13874158.9355
colombia,bancolombia,2012-02-07,13925129.3945
colombia,bancolombia,2012-02-08,14016876.2207
colombia,bancolombia,2012-02-09,14016876.2207
colombia,bancolombia,2012-02-10,14067846.6797
colombia,bancolombia,2012-02-13,14067846.6797
colombia,bancolombia,2012-02-14,14118817.1387
colombia,bancolombia,2012-02-15,14027070.3125
colombia,bancolombia,2012-02-16,14108623.0469
colombia,bancolombia,2012-02-17,14251340.332
colombia,bancolombia,2012-02-20,14169787.5977
colombia,bancolombia,2012-02-21,14322698.9746
colombia,bancolombia,2012-02-22,14332893.0664
colombia,bancolombia,2012-02-23,14353281.25
colombia,bancolombia,2012-02-24,14271728.5156
colombia,bancolombia,2012-02-27,14067846.6797
colombia,bancolombia,2012-02-28,14037264.4043
colombia,bancolombia,2012-02-29,14220758.0566
colombia,bancolombia,2012-03-01,14241146.2402
colombia,bancolombia,2012-03-02,14261534.4238
colombia,bancolombia,2012-03-05,14210563.9648
colombia,bancolombia,2012-03-06,13782412.1094
colombia,bancolombia,2012-03-07,14067846.6797
colombia,bancolombia,2012-03-08,14220758.0566
colombia,bancolombia,2012-03-09,14190175.7813
colombia,bancolombia,2012-03-12,14118817.1387
colombia,bancolombia,2012-03-13,14271728.5156
colombia,bancolombia,2012-03-14,14363475.3418
colombia,bancolombia,2012-03-15,14322698.9746
colombia,bancolombia,2012-03-16,13812994.3848
colombia,bancolombia,2012-03-20,14190175.7813
colombia,bancolombia,2012-03-21,14098428.9551
colombia,bancolombia,2012-03-22,14179981.6895
colombia,bancolombia,2012-03-23,14210563.9648
colombia,bancolombia,2012-03-26,14261534.4238
colombia,bancolombia,2012-03-27,14261534.4238
colombia,bancolombia,2012-03-28,14322698.9746
colombia,bancolombia,2012-03-29,14404251.709
colombia,bancolombia,2012-03-30,14322698.9746
colombia,bancolombia,2012-04-02,14220758.0566
colombia,bancolombia,2012-04-03,14322698.9746
colombia,bancolombia,2012-04-04,14312504.8828
colombia,bancolombia,2012-04-09,14322698.9746
colombia,bancolombia,2012-04-10,14261534.4238
colombia,bancolombia,2012-04-11,14363475.3418
colombia,bancolombia,2012-04-12,14414445.8008
colombia,bancolombia,2012-04-13,14373669.4336
colombia,bancolombia,2012-04-16,14445028.0762
colombia,bancolombia,2012-04-17,14475610.3516
colombia,bancolombia,2012-04-18,14475610.3516
colombia,bancolombia,2012-04-19,14475610.3516
colombia,bancolombia,2012-04-20,14526580.8105
colombia,bancolombia,2012-04-23,14506192.627
colombia,bancolombia,2012-04-24,14179981.6895
colombia,bancolombia,2012-04-25,14475610.3516
colombia,bancolombia,2012-04-26,14526580.8105
colombia,bancolombia,2012-04-27,14526580.8105
colombia,bancolombia,2012-04-30,14730462.6465
colombia,bancolombia,2012-05-02,14873179.9316
colombia,bancolombia,2012-05-03,14883374.0234
colombia,bancolombia,2012-05-04,14903762.207
colombia,bancolombia,2012-05-07,14924150.3906
colombia,bancolombia,2012-05-08,14954732.666
colombia,bancolombia,2012-05-09,14944538.5742
colombia,bancolombia,2012-05-10,14689686.2793
colombia,bancolombia,2012-05-11,14373669.4336
colombia,bancolombia,2012-05-14,14230952.1484
colombia,bancolombia,2012-05-15,14169787.5977
colombia,bancolombia,2012-05-16,14037264.4043
colombia,bancolombia,2012-05-17,14057652.5879
colombia,bancolombia,2012-05-18,13874158.9355
colombia,bancolombia,2012-05-22,14037264.4043
colombia,bancolombia,2012-05-23,13925129.3945
colombia,bancolombia,2012-05-24,14027070.3125
colombia,bancolombia,2012-05-25,13843576.6602
colombia,bancolombia,2012-05-28,13802800.293
colombia,bancolombia,2012-05-29,13721247.5586
colombia,bancolombia,2012-05-30,13649888.916
colombia,bancolombia,2012-05-31,13863964.8438
colombia,bancolombia,2012-06-01,13639694.8242
colombia,bancolombia,2012-06-04,13211542.9688
colombia,bancolombia,2012-06-05,13272707.5195
colombia,bancolombia,2012-06-06,13558142.0898
colombia,bancolombia,2012-06-07,13762023.9258
colombia,bancolombia,2012-06-08,13262513.4277
colombia,bancolombia,2012-06-12,13476589.3555
colombia,bancolombia,2012-06-13,13711053.4668
colombia,bancolombia,2012-06-14,13456201.1719
colombia,bancolombia,2012-06-15,13517365.7227
colombia,bancolombia,2012-06-19,13823188.4766
colombia,bancolombia,2012-06-20,13863964.8438
colombia,bancolombia,2012-06-21,13435812.9883
colombia,bancolombia,2012-06-22,13609112.5488
colombia,bancolombia,2012-06-25,13303289.7949
colombia,bancolombia,2012-06-26,13354260.2539
colombia,bancolombia,2012-06-27,13680471.1914
colombia,bancolombia,2012-06-28,13660083.0078
colombia,bancolombia,2012-06-29,13751829.834
colombia,bancolombia,2012-07-03,14108623.0469
colombia,bancolombia,2012-07-04,14108623.0469
colombia,bancolombia,2012-07-05,14108623.0469
colombia,bancolombia,2012-07-06,14169787.5977
colombia,bancolombia,2012-07-09,13976099.8535
colombia,bancolombia,2012-07-10,13945517.5781
colombia,bancolombia,2012-07-11,14139205.3223
colombia,bancolombia,2012-07-12,13853770.752
colombia,bancolombia,2012-07-13,14108623.0469
colombia,bancolombia,2012-07-16,13812994.3848
colombia,bancolombia,2012-07-17,13904741.2109
colombia,bancolombia,2012-07-18,14016876.2207
colombia,bancolombia,2012-07-19,14078040.7715
colombia,bancolombia,2012-07-23,13721247.5586
colombia,bancolombia,2012-07-24,13762023.9258
colombia,bancolombia,2012-07-25,13660083.0078
colombia,bancolombia,2012-07-26,13588724.3652
colombia,bancolombia,2012-07-27,14016876.2207
colombia,bancolombia,2012-07-30,13996488.0371
colombia,bancolombia,2012-07-31,13853770.752
colombia,bancolombia,2012-08-01,13853770.752
colombia,bancolombia,2012-08-02,13344066.1621
colombia,bancolombia,2012-08-03,12722226.5625
colombia,bancolombia,2012-08-06,12732420.6543
colombia,bancolombia,2012-08-08,12436791.9922
colombia,bancolombia,2012-08-09,12875137.9395
colombia,bancolombia,2012-08-10,12977078.8574
colombia,bancolombia,2012-08-13,12936302.4902
colombia,bancolombia,2012-08-14,12987272.9492
colombia,bancolombia,2012-08-15,13252319.3359
colombia,bancolombia,2012-08-16,13191154.7852
colombia,bancolombia,2012-08-17,12997467.041
colombia,bancolombia,2012-08-21,12875137.9395
colombia,bancolombia,2012-08-22,13089213.8672
colombia,bancolombia,2012-08-23,13201348.877
colombia,bancolombia,2012-08-24,13211542.9688
colombia,bancolombia,2012-08-27,13129990.2344
colombia,bancolombia,2012-08-28,13242125.2441
colombia,bancolombia,2012-08-29,13150378.418
colombia,bancolombia,2012-08-30,12946496.582
colombia,bancolombia,2012-08-31,13150378.418
colombia,bancolombia,2012-09-03,13099407.959
colombia,bancolombia,2012-09-04,13017855.2246
colombia,bancolombia,2012-09-05,12997467.041
colombia,bancolombia,2012-09-06,13129990.2344
colombia,bancolombia,2012-09-07,13160572.5098
colombia,bancolombia,2012-09-10,13211542.9688
colombia,bancolombia,2012-09-11,13272707.5195
colombia,bancolombia,2012-09-12,13354260.2539
colombia,bancolombia,2012-09-13,13517365.7227
colombia,bancolombia,2012-09-14,13711053.4668
colombia,bancolombia,2012-09-17,13670277.0996
colombia,bancolombia,2012-09-18,13558142.0898
colombia,bancolombia,2012-09-19,13588724.3652
colombia,bancolombia,2012-09-20,13660083.0078
colombia,bancolombia,2012-09-21,13537753.9063
colombia,bancolombia,2012-09-24,13558142.0898
colombia,bancolombia,2012-09-25,13496977.5391
colombia,bancolombia,2012-09-26,13262513.4277
colombia,bancolombia,2012-09-27,13619306.6406
colombia,bancolombia,2012-09-28,13456201.1719
colombia,bancolombia,2012-10-01,13405230.7129
colombia,bancolombia,2012-10-02,13629500.7324
colombia,bancolombia,2012-10-03,13435812.9883
colombia,bancolombia,2012-10-04,13507171.6309
colombia,bancolombia,2012-10-05,13558142.0898
colombia,bancolombia,2012-10-08,13588724.3652
colombia,bancolombia,2012-10-09,13456201.1719
colombia,bancolombia,2012-10-10,13486783.4473
colombia,bancolombia,2012-10-11,13619306.6406
colombia,bancolombia,2012-10-12,13670277.0996
colombia,bancolombia,2012-10-16,13629500.7324
colombia,bancolombia,2012-10-17,13863964.8438
colombia,bancolombia,2012-10-18,14159593.5059
colombia,bancolombia,2012-10-19,14016876.2207
colombia,bancolombia,2012-10-22,14159593.5059
colombia,bancolombia,2012-10-23,14067846.6797
colombia,bancolombia,2012-10-24,14037264.4043
colombia,bancolombia,2012-10-25,14455222.168
colombia,bancolombia,2012-10-26,14404251.709
colombia,bancolombia,2012-10-29,14434833.9844
colombia,bancolombia,2012-10-30,14373669.4336
colombia,bancolombia,2012-10-31,14608133.5449
colombia,bancolombia,2012-11-01,14322698.9746
colombia,bancolombia,2012-11-02,14271728.5156
colombia,bancolombia,2012-11-06,14078040.7715
colombia,bancolombia,2012-11-07,14037264.4043
colombia,bancolombia,2012-11-08,14067846.6797
colombia,bancolombia,2012-11-09,14424639.8926
colombia,bancolombia,2012-11-13,14129011.2305
colombia,bancolombia,2012-11-14,14169787.5977
colombia,bancolombia,2012-11-15,14251340.332
colombia,bancolombia,2012-11-16,14139205.3223
colombia,bancolombia,2012-11-19,14241146.2402
colombia,bancolombia,2012-11-20,14190175.7813
colombia,bancolombia,2012-11-21,14098428.9551
colombia,bancolombia,2012-11-22,14271728.5156
colombia,bancolombia,2012-11-23,14261534.4238
colombia,bancolombia,2012-11-26,14363475.3418
colombia,bancolombia,2012-11-27,14271728.5156
colombia,bancolombia,2012-11-28,14394057.6172
colombia,bancolombia,2012-11-29,14414445.8008
colombia,bancolombia,2012-11-30,14129011.2305
colombia,bancolombia,2012-12-03,14455222.168
colombia,bancolombia,2012-12-04,14781433.1055
colombia,bancolombia,2012-12-05,14883374.0234
colombia,bancolombia,2012-12-06,14781433.1055
colombia,bancolombia,2012-12-07,14862985.8398
colombia,bancolombia,2012-12-10,14862985.8398
colombia,bancolombia,2012-12-11,14862985.8398
colombia,bancolombia,2012-12-12,14883374.0234
colombia,bancolombia,2012-12-13,14883374.0234
colombia,bancolombia,2012-12-14,15026091.3086
colombia,bancolombia,2012-12-17,14944538.5742
colombia,bancolombia,2012-12-18,14801821.2891
colombia,bancolombia,2012-12-19,15036285.4004
colombia,bancolombia,2012-12-20,15026091.3086
colombia,bancolombia,2012-12-21,14934344.4824
colombia,bancolombia,2012-12-24,14934344.4824
colombia,bancolombia,2012-12-26,14975120.8496
colombia,bancolombia,2012-12-27,15036285.4004
colombia,bancolombia,2012-12-28,15291137.6953
colombia,bancolombia,2013-01-02,14985314.9414
colombia,bancolombia,2013-01-03,15128032.2266
colombia,bancolombia,2013-01-04,15270749.5117
colombia,bancolombia,2013-01-08,15189196.7773
colombia,bancolombia,2013-01-09,15291137.6953
colombia,bancolombia,2013-01-10,15291137.6953
colombia,bancolombia,2013-01-11,15321719.9707
colombia,bancolombia,2013-01-14,15393078.6133
colombia,bancolombia,2013-01-15,15444049.0723
colombia,bancolombia,2013-01-16,15535795.8984
colombia,bancolombia,2013-01-17,15545989.9902
colombia,bancolombia,2013-01-18,15545989.9902
colombia,bancolombia,2013-01-21,15545989.9902
colombia,bancolombia,2013-01-22,15545989.9902
colombia,bancolombia,2013-01-23,15637736.8164
colombia,bancolombia,2013-01-24,15627542.7246
colombia,bancolombia,2013-01-25,15627542.7246
colombia,bancolombia,2013-01-28,15596960.4492
colombia,bancolombia,2013-01-29,15576572.2656
colombia,bancolombia,2013-01-30,15545989.9902
colombia,bancolombia,2013-01-31,15535795.8984
colombia,bancolombia,2013-02-01,15637736.8164
colombia,bancolombia,2013-02-04,15444049.0723
colombia,bancolombia,2013-02-05,15647930.9082
colombia,bancolombia,2013-02-06,15586766.3574
colombia,bancolombia,2013-02-07,15535795.8984
colombia,bancolombia,2013-02-08,15403272.7051
colombia,bancolombia,2013-02-11,14934344.4824
colombia,bancolombia,2013-02-12,14975120.8496
colombia,bancolombia,2013-02-13,15148420.4102
colombia,bancolombia,2013-02-14,15270749.5117
colombia,bancolombia,2013-02-15,15270749.5117
colombia,bancolombia,2013-02-18,14924150.3906
colombia,bancolombia,2013-02-19,14934344.4824
colombia,bancolombia,2013-02-20,14985314.9414
colombia,bancolombia,2013-02-21,14781433.1055
colombia,bancolombia,2013-02-22,14934344.4824
colombia,bancolombia,2013-02-25,14832403.5645
colombia,bancolombia,2013-02-26,14740656.7383
colombia,bancolombia,2013-02-27,14781433.1055
colombia,bancolombia,2013-02-28,14679492.1875
colombia,bancolombia,2013-03-01,14628521.7285
colombia,bancolombia,2013-03-04,14281922.6074
colombia,bancolombia,2013-03-05,14169787.5977
colombia,bancolombia,2013-03-06,14404251.709
colombia,bancolombia,2013-03-07,14516386.7188
colombia,bancolombia,2013-03-08,14434833.9844
colombia,bancolombia,2013-03-11,14526580.8105
colombia,bancolombia,2013-03-12,14577551.2695
colombia,bancolombia,2013-03-13,14506192.627
colombia,bancolombia,2013-03-14,14373669.4336
colombia,bancolombia,2013-03-15,14526580.8105
colombia,bancolombia,2013-03-18,14567357.1777
colombia,bancolombia,2013-03-19,14343087.1582
colombia,bancolombia,2013-03-20,14424639.8926
colombia,bancolombia,2013-03-21,14190175.7813
colombia,bancolombia,2013-03-22,14271728.5156
colombia,bancolombia,2013-03-26,14567357.1777
colombia,bancolombia,2013-03-27,14679492.1875
colombia,bancolombia,2013-04-01,14475610.3516
colombia,bancolombia,2013-04-02,14414445.8008
colombia,bancolombia,2013-04-03,14373669.4336
colombia,bancolombia,2013-04-04,14445028.0762
colombia,bancolombia,2013-04-05,14302310.791
colombia,bancolombia,2013-04-08,14312504.8828
colombia,bancolombia,2013-04-09,14577551.2695
colombia,bancolombia,2013-04-10,14577551.2695
colombia,bancolombia,2013-04-11,14883374.0234
colombia,bancolombia,2013-04-12,14975120.8496
colombia,bancolombia,2013-04-15,14353281.25
colombia,bancolombia,2013-04-16,14587745.3613
colombia,bancolombia,2013-04-17,14781433.1055
colombia,bancolombia,2013-04-18,14954732.666
colombia,bancolombia,2013-04-19,15066867.6758
colombia,bancolombia,2013-04-22,15128032.2266
colombia,bancolombia,2013-04-23,15087255.8594
colombia,bancolombia,2013-04-24,15107644.043
colombia,bancolombia,2013-04-25,15229973.1445
colombia,bancolombia,2013-04-26,15189196.7773
colombia,bancolombia,2013-04-29,15240167.2363
colombia,bancolombia,2013-04-30,15291137.6953
colombia,bancolombia,2013-05-02,15291137.6953
colombia,bancolombia,2013-05-03,15260555.4199
colombia,bancolombia,2013-05-06,15270749.5117
colombia,bancolombia,2013-05-07,15291137.6953
colombia,bancolombia,2013-05-08,15077061.7676
colombia,bancolombia,2013-05-09,14638715.8203
colombia,bancolombia,2013-05-10,14434833.9844
colombia,bancolombia,2013-05-14,14526580.8105
colombia,bancolombia,2013-05-15,14475610.3516
colombia,bancolombia,2013-05-16,14220758.0566
colombia,bancolombia,2013-05-17,14424639.8926
colombia,bancolombia,2013-05-20,14373669.4336
colombia,bancolombia,2013-05-21,14383863.5254
colombia,bancolombia,2013-05-22,14445028.0762
colombia,bancolombia,2013-05-23,14230952.1484
colombia,bancolombia,2013-05-24,14353281.25
colombia,bancolombia,2013-05-27,14516386.7188
colombia,bancolombia,2013-05-28,14373669.4336
colombia,bancolombia,2013-05-29,14220758.0566
colombia,bancolombia,2013-05-30,14292116.6992
colombia,bancolombia,2013-05-31,14016876.2207
colombia,bancolombia,2013-06-04,13965905.7617
colombia,bancolombia,2013-06-05,13823188.4766
colombia,bancolombia,2013-06-06,13955711.6699
colombia,bancolombia,2013-06-07,13914935.3027
colombia,bancolombia,2013-06-11,13782412.1094
colombia,bancolombia,2013-06-12,13619306.6406
colombia,bancolombia,2013-06-13,13517365.7227
colombia,bancolombia,2013-06-14,13415424.8047
colombia,bancolombia,2013-06-17,13456201.1719
colombia,bancolombia,2013-06-18,13762023.9258
colombia,bancolombia,2013-06-19,13598918.457
colombia,bancolombia,2013-06-20,13527559.8145
colombia,bancolombia,2013-06-21,13150378.418
colombia,bancolombia,2013-06-24,13099407.959
colombia,bancolombia,2013-06-25,12946496.582
colombia,bancolombia,2013-06-26,13058631.5918
colombia,bancolombia,2013-06-27,13201348.877
colombia,bancolombia,2013-06-28,13456201.1719
colombia,bancolombia,2013-07-02,13201348.877
colombia,bancolombia,2013-07-03,13048437.5
colombia,bancolombia,2013-07-04,13028049.3164
colombia,bancolombia,2013-07-05,13068825.6836
colombia,bancolombia,2013-07-08,12946496.582
colombia,bancolombia,2013-07-09,12956690.6738
colombia,bancolombia,2013-07-10,12732420.6543
colombia,bancolombia,2013-07-11,12630479.7363
colombia,bancolombia,2013-07-12,12742614.7461
colombia,bancolombia,2013-07-15,13048437.5
colombia,bancolombia,2013-07-16,12997467.041
colombia,bancolombia,2013-07-17,13191154.7852
colombia,bancolombia,2013-07-18,13507171.6309
colombia,bancolombia,2013-07-19,13303289.7949
colombia,bancolombia,2013-07-22,13099407.959
colombia,bancolombia,2013-07-23,13558142.0898
colombia,bancolombia,2013-07-24,13568336.1816
colombia,bancolombia,2013-07-25,13711053.4668
colombia,bancolombia,2013-07-26,13711053.4668
colombia,bancolombia,2013-07-29,13660083.0078
colombia,bancolombia,2013-07-30,13711053.4668
colombia,bancolombia,2013-07-31,13660083.0078
colombia,bancolombia,2013-08-01,13721247.5586
colombia,bancolombia,2013-08-02,13833382.5684
colombia,bancolombia,2013-08-05,13996488.0371
colombia,bancolombia,2013-08-06,13507171.6309
colombia,bancolombia,2013-08-08,13456201.1719
colombia,bancolombia,2013-08-09,13558142.0898
colombia,bancolombia,2013-08-12,13700859.375
colombia,bancolombia,2013-08-13,13823188.4766
colombia,bancolombia,2013-08-14,14006682.1289
colombia,bancolombia,2013-08-15,13874158.9355
colombia,bancolombia,2013-08-16,13609112.5488
colombia,bancolombia,2013-08-20,13609112.5488
colombia,bancolombia,2013-08-21,13711053.4668
colombia,bancolombia,2013-08-22,13568336.1816
colombia,bancolombia,2013-08-23,13527559.8145
colombia,bancolombia,2013-08-26,13558142.0898
colombia,bancolombia,2013-08-27,13588724.3652
colombia,bancolombia,2013-08-28,13588724.3652
colombia,bancolombia,2013-08-29,13476589.3555
colombia,bancolombia,2013-08-30,13446007.0801
colombia,bancolombia,2013-09-02,13374648.4375
colombia,bancolombia,2013-09-03,13262513.4277
colombia,bancolombia,2013-09-04,13354260.2539
colombia,bancolombia,2013-09-05,13507171.6309
colombia,bancolombia,2013-09-06,13364454.3457
colombia,bancolombia,2013-09-09,13619306.6406
colombia,bancolombia,2013-09-10,13914935.3027
colombia,bancolombia,2013-09-11,13884353.0273
colombia,bancolombia,2013-09-12,13690665.2832
colombia,bancolombia,2013-09-13,13558142.0898
colombia,bancolombia,2013-09-16,13649888.916
colombia,bancolombia,2013-09-17,13812994.3848
colombia,bancolombia,2013-09-18,13762023.9258
colombia,bancolombia,2013-09-19,13721247.5586
colombia,bancolombia,2013-09-20,13609112.5488
colombia,bancolombia,2013-09-23,13721247.5586
colombia,bancolombia,2013-09-24,13762023.9258
colombia,bancolombia,2013-09-25,13741635.7422
colombia,bancolombia,2013-09-26,13639694.8242
colombia,bancolombia,2013-09-27,13700859.375
colombia,bancolombia,2013-09-30,13711053.4668
colombia,bancolombia,2013-10-01,13619306.6406
colombia,bancolombia,2013-10-02,13741635.7422
colombia,bancolombia,2013-10-03,13660083.0078
colombia,bancolombia,2013-10-04,13700859.375
colombia,bancolombia,2013-10-07,13649888.916
colombia,bancolombia,2013-10-08,13578530.2734
colombia,bancolombia,2013-10-09,13527559.8145
colombia,bancolombia,2013-10-10,13558142.0898
colombia,bancolombia,2013-10-11,13598918.457
colombia,bancolombia,2013-10-15,13609112.5488
colombia,bancolombia,2013-10-16,13517365.7227
colombia,bancolombia,2013-10-17,13537753.9063
colombia,bancolombia,2013-10-18,13568336.1816
colombia,bancolombia,2013-10-21,13558142.0898
colombia,bancolombia,2013-10-22,13252319.3359
colombia,bancolombia,2013-10-23,13344066.1621
colombia,bancolombia,2013-10-24,13313483.8867
colombia,bancolombia,2013-10-25,13496977.5391
colombia,bancolombia,2013-10-28,13496977.5391
colombia,bancolombia,2013-10-29,13507171.6309
colombia,bancolombia,2013-10-30,13354260.2539
colombia,bancolombia,2013-10-31,13303289.7949
colombia,bancolombia,2013-11-01,13507171.6309
colombia,bancolombia,2013-11-05,13221737.0605
colombia,bancolombia,2013-11-06,13170766.6016
colombia,bancolombia,2013-11-07,12895526.123
colombia,bancolombia,2013-11-08,12742614.7461
colombia,bancolombia,2013-11-12,12589703.3691
colombia,bancolombia,2013-11-13,12854749.7559
colombia,bancolombia,2013-11-14,12763002.9297
colombia,bancolombia,2013-11-15,12732420.6543
colombia,bancolombia,2013-11-18,13242125.2441
colombia,bancolombia,2013-11-19,12773197.0215
colombia,bancolombia,2013-11-20,12742614.7461
colombia,bancolombia,2013-11-21,12650867.9199
colombia,bancolombia,2013-11-22,12569315.1855
colombia,bancolombia,2013-11-25,12253298.3398
colombia,bancolombia,2013-11-26,11978057.8613
colombia,bancolombia,2013-11-27,11927087.4023
colombia,bancolombia,2013-11-28,12130969.2383
colombia,bancolombia,2013-11-29,12385821.5332
colombia,bancolombia,2013-12-02,11978057.8613
colombia,bancolombia,2013-12-03,11967863.7695
colombia,bancolombia,2013-12-04,11682429.1992
colombia,bancolombia,2013-12-05,11672235.1074
colombia,bancolombia,2013-12-06,11876116.9434
colombia,bancolombia,2013-12-09,11865922.8516
colombia,bancolombia,2013-12-10,11978057.8613
colombia,bancolombia,2013-12-11,11825146.4844
colombia,bancolombia,2013-12-12,11957669.6777
colombia,bancolombia,2013-12-13,11876116.9434
colombia,bancolombia,2013-12-16,12079998.7793
colombia,bancolombia,2013-12-17,11978057.8613
colombia,bancolombia,2013-12-18,11876116.9434
colombia,bancolombia,2013-12-19,11978057.8613
colombia,bancolombia,2013-12-20,12630479.7363
colombia,bancolombia,2013-12-23,12181939.6973
colombia,bancolombia,2013-12-24,11998446.0449
colombia,bancolombia,2013-12-26,11876116.9434
colombia,bancolombia,2013-12-27,11876116.9434
colombia,bancolombia,2013-12-30,12141163.3301
colombia,bancolombia,2014-01-02,12049416.5039
colombia,bancolombia,2014-01-03,11978057.8613
colombia,bancolombia,2014-01-07,11774176.0254
colombia,bancolombia,2014-01-08,11967863.7695
colombia,bancolombia,2014-01-09,11835340.5762
colombia,bancolombia,2014-01-10,11560100.0977
colombia,bancolombia,2014-01-13,11468353.2715
colombia,bancolombia,2014-01-14,11498935.5469
colombia,bancolombia,2014-01-15,11396994.6289
colombia,bancolombia,2014-01-16,11417382.8125
colombia,bancolombia,2014-01-17,11478547.3633
colombia,bancolombia,2014-01-20,11366412.3535
colombia,bancolombia,2014-01-21,11468353.2715
colombia,bancolombia,2014-01-22,11672235.1074
colombia,bancolombia,2014-01-23,11437770.9961
colombia,bancolombia,2014-01-24,11121754.1504
colombia,bancolombia,2014-01-27,11131948.2422
colombia,bancolombia,2014-01-28,11060589.5996
colombia,bancolombia,2014-01-29,11203306.8848
colombia,bancolombia,2014-01-30,11111560.0586
colombia,bancolombia,2014-01-31,11213500.9766
colombia,bancolombia,2014-02-03,11162530.5176
colombia,bancolombia,2014-02-04,10826125.4883
colombia,bancolombia,2014-02-05,10907678.2227
colombia,bancolombia,2014-02-06,11162530.5176
colombia,bancolombia,2014-02-07,11458159.1797
colombia,bancolombia,2014-02-10,11213500.9766
colombia,bancolombia,2014-02-11,11407188.7207
colombia,bancolombia,2014-02-12,11366412.3535
colombia,bancolombia,2014-02-13,11223695.0684
colombia,bancolombia,2014-02-14,11284859.6191
colombia,bancolombia,2014-02-17,11223695.0684
colombia,bancolombia,2014-02-18,11458159.1797
colombia,bancolombia,2014-02-19,11407188.7207
colombia,bancolombia,2014-02-20,11396994.6289
colombia,bancolombia,2014-02-21,11417382.8125
colombia,bancolombia,2014-02-24,11876116.9434
colombia,bancolombia,2014-02-25,11723205.5664
colombia,bancolombia,2014-02-26,11906699.2188
colombia,bancolombia,2014-02-27,12090192.8711
colombia,bancolombia,2014-02-28,12283880.6152
colombia,bancolombia,2014-03-03,12151357.4219
colombia,bancolombia,2014-03-04,12559121.0938
colombia,bancolombia,2014-03-05,12691644.2871
colombia,bancolombia,2014-03-06,13099407.959
colombia,bancolombia,2014-03-07,12987272.9492
colombia,bancolombia,2014-03-10,12671256.1035
colombia,bancolombia,2014-03-11,12742614.7461
colombia,bancolombia,2014-03-12,12895526.123
colombia,bancolombia,2014-03-13,12803779.2969
colombia,bancolombia,2014-03-14,13028049.3164
colombia,bancolombia,2014-03-17,12977078.8574
colombia,bancolombia,2014-03-18,13007661.1328
colombia,bancolombia,2014-03-19,12946496.582
colombia,bancolombia,2014-03-20,13007661.1328
colombia,bancolombia,2014-03-21,12844555.6641
colombia,bancolombia,2014-03-25,13252319.3359
colombia,bancolombia,2014-03-26,13099407.959
colombia,bancolombia,2014-03-27,13252319.3359
colombia,bancolombia,2014-03-28,13456201.1719
colombia,bancolombia,2014-03-31,13731441.6504
colombia,bancolombia,2014-04-01,13690665.2832
colombia,bancolombia,2014-04-02,13649888.916
colombia,bancolombia,2014-04-03,13802800.293
colombia,bancolombia,2014-04-04,13762023.9258
colombia,bancolombia,2014-04-07,13700859.375
colombia,bancolombia,2014-04-08,13660083.0078
colombia,bancolombia,2014-04-09,13446007.0801
colombia,bancolombia,2014-04-10,13609112.5488
colombia,bancolombia,2014-04-11,13660083.0078
colombia,bancolombia,2014-04-14,13711053.4668
colombia,bancolombia,2014-04-15,13507171.6309
colombia,bancolombia,2014-04-16,13537753.9063
colombia,bancolombia,2014-04-21,13558142.0898
colombia,bancolombia,2014-04-22,13690665.2832
colombia,bancolombia,2014-04-23,13517365.7227
colombia,bancolombia,2014-04-24,13456201.1719
colombia,bancolombia,2014-04-25,13405230.7129
colombia,bancolombia,2014-04-28,13252319.3359
colombia,bancolombia,2014-04-29,13751829.834
colombia,bancolombia,2014-04-30,13558142.0898
colombia,bancolombia,2014-05-02,13619306.6406
colombia,bancolombia,2014-05-05,13588724.3652
colombia,bancolombia,2014-05-06,13609112.5488
colombia,bancolombia,2014-05-07,13507171.6309
colombia,bancolombia,2014-05-08,13609112.5488
colombia,bancolombia,2014-05-09,13568336.1816
colombia,bancolombia,2014-05-12,13588724.3652
colombia,bancolombia,2014-05-13,13456201.1719
colombia,bancolombia,2014-05-14,13333872.0703
colombia,bancolombia,2014-05-15,12946496.582
colombia,bancolombia,2014-05-16,13099407.959
colombia,bancolombia,2014-05-19,12946496.582
colombia,bancolombia,2014-05-20,12763002.9297
colombia,bancolombia,2014-05-21,12895526.123
colombia,bancolombia,2014-05-22,13038243.4082
colombia,bancolombia,2014-05-23,13058631.5918
colombia,bancolombia,2014-05-26,12966884.7656
colombia,bancolombia,2014-05-27,12875137.9395
colombia,bancolombia,2014-05-28,12864943.8477
colombia,bancolombia,2014-05-29,12915914.3066
colombia,bancolombia,2014-05-30,13048437.5
colombia,bancolombia,2014-06-03,13354260.2539
colombia,bancolombia,2014-06-04,13211542.9688
colombia,bancolombia,2014-06-05,13252319.3359
colombia,bancolombia,2014-06-06,13333872.0703
colombia,bancolombia,2014-06-09,13425618.8965
colombia,bancolombia,2014-06-10,13609112.5488
colombia,bancolombia,2014-06-11,13558142.0898
colombia,bancolombia,2014-06-12,13558142.0898
colombia,bancolombia,2014-06-13,13537753.9063
colombia,bancolombia,2014-06-16,13751829.834
colombia,bancolombia,2014-06-17,13762023.9258
colombia,bancolombia,2014-06-18,13731441.6504
colombia,bancolombia,2014-06-19,13731441.6504
colombia,bancolombia,2014-06-20,13741635.7422
colombia,bancolombia,2014-06-24,13547947.998
colombia,bancolombia,2014-06-25,13537753.9063
colombia,bancolombia,2014-06-26,13456201.1719
colombia,bancolombia,2014-06-27,13527559.8145
colombia,bancolombia,2014-07-01,13507171.6309
colombia,bancolombia,2014-07-02,13405230.7129
colombia,bancolombia,2014-07-03,13466395.2637
colombia,bancolombia,2014-07-04,13507171.6309
colombia,bancolombia,2014-07-07,13476589.3555
colombia,bancolombia,2014-07-08,13507171.6309
colombia,bancolombia,2014-07-09,13456201.1719
colombia,bancolombia,2014-07-10,13405230.7129
colombia,bancolombia,2014-07-11,13446007.0801
colombia,bancolombia,2014-07-14,13568336.1816
colombia,bancolombia,2014-07-15,13904741.2109
colombia,bancolombia,2014-07-16,13965905.7617
colombia,bancolombia,2014-07-17,13965905.7617
colombia,bancolombia,2014-07-18,14016876.2207
colombia,bancolombia,2014-07-21,13955711.6699
colombia,bancolombia,2014-07-22,13976099.8535
colombia,bancolombia,2014-07-23,14118817.1387
colombia,bancolombia,2014-07-24,14271728.5156
colombia,bancolombia,2014-07-25,14363475.3418
colombia,bancolombia,2014-07-28,14720268.5547
colombia,bancolombia,2014-07-29,14536774.9023
colombia,bancolombia,2014-07-30,14669298.0957
colombia,bancolombia,2014-07-31,14424639.8926
colombia,bancolombia,2014-08-01,14526580.8105
colombia,bancolombia,2014-08-04,14791627.1973
colombia,bancolombia,2014-08-05,14781433.1055
colombia,bancolombia,2014-08-06,14557163.0859
colombia,bancolombia,2014-08-08,14597939.4531
colombia,bancolombia,2014-08-11,14781433.1055
colombia,bancolombia,2014-08-12,14913956.2988
colombia,bancolombia,2014-08-13,14954732.666
colombia,bancolombia,2014-08-14,15117838.1348
colombia,bancolombia,2014-08-15,15158614.502
colombia,bancolombia,2014-08-19,15138226.3184
colombia,bancolombia,2014-08-20,15189196.7773
colombia,bancolombia,2014-08-21,15168808.5938
colombia,bancolombia,2014-08-22,14964926.7578
colombia,bancolombia,2014-08-25,15005703.125
colombia,bancolombia,2014-08-26,14893568.1152
colombia,bancolombia,2014-08-27,14781433.1055
colombia,bancolombia,2014-08-28,14781433.1055
colombia,bancolombia,2014-08-29,15036285.4004
colombia,bancolombia,2014-09-01,15036285.4004
colombia,bancolombia,2014-09-02,15138226.3184
colombia,bancolombia,2014-09-03,15280943.6035
colombia,bancolombia,2014-09-04,15107644.043
colombia,bancolombia,2014-09-05,15005703.125
colombia,bancolombia,2014-09-08,14883374.0234
colombia,bancolombia,2014-09-09,14383863.5254
colombia,bancolombia,2014-09-10,14618327.6367
colombia,bancolombia,2014-09-11,14526580.8105
colombia,bancolombia,2014-09-12,14679492.1875
colombia,bancolombia,2014-09-15,14526580.8105
colombia,bancolombia,2014-09-16,14536774.9023
colombia,bancolombia,2014-09-17,14465416.2598
colombia,bancolombia,2014-09-18,14475610.3516
colombia,bancolombia,2014-09-19,14526580.8105
colombia,bancolombia,2014-09-22,14577551.2695
colombia,bancolombia,2014-09-23,14516386.7188
colombia,bancolombia,2014-09-24,14383863.5254
colombia,bancolombia,2014-09-25,14118817.1387
colombia,bancolombia,2014-09-26,14200369.873
colombia,bancolombia,2014-09-29,14078040.7715
colombia,bancolombia,2014-09-30,14108623.0469
colombia,bancolombia,2014-10-01,14179981.6895
colombia,bancolombia,2014-10-02,13802800.293
colombia,bancolombia,2014-10-03,14169787.5977
colombia,bancolombia,2014-10-06,14271728.5156
colombia,bancolombia,2014-10-07,14332893.0664
colombia,bancolombia,2014-10-08,14526580.8105
colombia,bancolombia,2014-10-09,14516386.7188
colombia,bancolombia,2014-10-10,14383863.5254
colombia,bancolombia,2014-10-14,14169787.5977
colombia,bancolombia,2014-10-15,13894547.1191
colombia,bancolombia,2014-10-16,13935323.4863
colombia,bancolombia,2014-10-17,14261534.4238
colombia,bancolombia,2014-10-20,14271728.5156
colombia,bancolombia,2014-10-21,14200369.873
colombia,bancolombia,2014-10-22,14016876.2207
colombia,bancolombia,2014-10-23,14067846.6797
colombia,bancolombia,2014-10-24,14016876.2207
colombia,bancolombia,2014-10-27,13853770.752
colombia,bancolombia,2014-10-28,14016876.2207
colombia,bancolombia,2014-10-29,14016876.2207
colombia,bancolombia,2014-10-30,14169787.5977
colombia,bancolombia,2014-10-31,14373669.4336
colombia,bancolombia,2014-11-04,14271728.5156
colombia,bancolombia,2014-11-05,14373669.4336
colombia,bancolombia,2014-11-06,14679492.1875
colombia,bancolombia,2014-11-07,14577551.2695
colombia,bancolombia,2014-11-10,14781433.1055
colombia,bancolombia,2014-11-11,14781433.1055
colombia,bancolombia,2014-11-12,14883374.0234
colombia,bancolombia,2014-11-13,14883374.0234
colombia,bancolombia,2014-11-14,14781433.1055
colombia,bancolombia,2014-11-18,14648909.9121
colombia,bancolombia,2014-11-19,14801821.2891
colombia,bancolombia,2014-11-20,14832403.5645
colombia,bancolombia,2014-11-21,14394057.6172
colombia,bancolombia,2014-11-24,14781433.1055
colombia,bancolombia,2014-11-25,14679492.1875
colombia,bancolombia,2014-11-26,14608133.5449
colombia,bancolombia,2014-11-27,14292116.6992
colombia,bancolombia,2014-11-28,14067846.6797
colombia,bancolombia,2014-12-01,14159593.5059
colombia,bancolombia,2014-12-02,14302310.791
colombia,bancolombia,2014-12-03,14485804.4434
colombia,bancolombia,2014-12-04,14027070.3125
colombia,bancolombia,2014-12-05,14190175.7813
colombia,bancolombia,2014-12-09,14067846.6797
colombia,bancolombia,2014-12-10,13965905.7617
colombia,bancolombia,2014-12-11,13405230.7129
colombia,bancolombia,2014-12-12,12987272.9492
colombia,bancolombia,2014-12-15,12752808.8379
colombia,bancolombia,2014-12-16,13150378.418
colombia,bancolombia,2014-12-17,13609112.5488
colombia,bancolombia,2014-12-18,13914935.3027
colombia,bancolombia,2014-12-19,13833382.5684
colombia,bancolombia,2014-12-22,14404251.709
colombia,bancolombia,2014-12-23,14424639.8926
colombia,bancolombia,2014-12-24,14271728.5156
colombia,bancolombia,2014-12-26,14271728.5156
colombia,bancolombia,2014-12-29,14016876.2207
colombia,bancolombia,2014-12-30,14088234.8633
colombia,bancolombia,2015-01-02,14088234.8633
colombia,bancolombia,2015-01-05,13894547.1191
colombia,bancolombia,2015-01-06,13996488.0371
colombia,bancolombia,2015-01-07,13863964.8438
colombia,bancolombia,2015-01-08,13558142.0898
colombia,bancolombia,2015-01-09,13609112.5488
colombia,bancolombia,2015-01-13,13762023.9258
colombia,bancolombia,2015-01-14,13354260.2539
colombia,bancolombia,2015-01-15,13527559.8145
colombia,bancolombia,2015-01-16,13456201.1719
colombia,bancolombia,2015-01-19,13507171.6309
colombia,bancolombia,2015-01-20,13507171.6309
colombia,bancolombia,2015-01-21,13496977.5391
colombia,bancolombia,2015-01-22,13711053.4668
colombia,bancolombia,2015-01-23,13772218.0176
colombia,bancolombia,2015-01-26,14027070.3125
colombia,bancolombia,2015-01-27,14006682.1289
colombia,bancolombia,2015-01-28,13935323.4863
colombia,bancolombia,2015-01-29,13996488.0371
colombia,bancolombia,2015-01-30,13996488.0371
colombia,bancolombia,2015-02-02,13598918.457
colombia,bancolombia,2015-02-03,13741635.7422
colombia,bancolombia,2015-02-04,13660083.0078
colombia,bancolombia,2015-02-05,13711053.4668
colombia,bancolombia,2015-02-06,13751829.834
colombia,bancolombia,2015-02-09,13609112.5488
colombia,bancolombia,2015-02-10,13415424.8047
colombia,bancolombia,2015-02-11,13395036.6211
colombia,bancolombia,2015-02-12,13048437.5
colombia,bancolombia,2015-02-13,13129990.2344
colombia,bancolombia,2015-02-16,12966884.7656
colombia,bancolombia,2015-02-17,12936302.4902
colombia,bancolombia,2015-02-18,12977078.8574
colombia,bancolombia,2015-02-19,12997467.041
colombia,bancolombia,2015-02-20,12936302.4902
colombia,bancolombia,2015-02-23,12977078.8574
colombia,bancolombia,2015-02-24,12844555.6641
colombia,bancolombia,2015-02-25,12640673.8281
colombia,bancolombia,2015-02-26,12610091.5527
colombia,bancolombia,2015-02-27,12783391.1133
colombia,bancolombia,2015-03-02,12457180.1758
colombia,bancolombia,2015-03-03,12467374.2676
colombia,bancolombia,2015-03-04,12406209.7168
colombia,bancolombia,2015-03-05,12232910.1563
colombia,bancolombia,2015-03-06,11876116.9434
colombia,bancolombia,2015-03-09,11723205.5664
colombia,bancolombia,2015-03-10,11876116.9434
colombia,bancolombia,2015-03-11,11366412.3535
colombia,bancolombia,2015-03-12,11927087.4023
colombia,bancolombia,2015-03-13,12161551.5137
colombia,bancolombia,2015-03-16,12579509.2773
colombia,bancolombia,2015-03-17,12589703.3691
colombia,bancolombia,2015-03-18,12793585.2051
colombia,bancolombia,2015-03-19,12895526.123
colombia,bancolombia,2015-03-20,12793585.2051
colombia,bancolombia,2015-03-24,11906699.2188
colombia,bancolombia,2015-03-25,12477568.3594
colombia,bancolombia,2015-03-26,12222716.0645
colombia,bancolombia,2015-03-27,12130969.2383
colombia,bancolombia,2015-03-30,12171745.6055
colombia,bancolombia,2015-03-31,12487762.4512
colombia,bancolombia,2015-04-01,12436791.9922
colombia,bancolombia,2015-04-06,12915914.3066
colombia,bancolombia,2015-04-07,12742614.7461
colombia,bancolombia,2015-04-08,12640673.8281
colombia,bancolombia,2015-04-09,12763002.9297
colombia,bancolombia,2015-04-10,12732420.6543
colombia,bancolombia,2015-04-13,12936302.4902
colombia,bancolombia,2015-04-14,13028049.3164
colombia,bancolombia,2015-04-15,12946496.582
colombia,bancolombia,2015-04-16,12864943.8477
colombia,bancolombia,2015-04-17,12854749.7559
colombia,bancolombia,2015-04-20,12793585.2051
colombia,bancolombia,2015-04-21,12691644.2871
colombia,bancolombia,2015-04-22,12997467.041
colombia,bancolombia,2015-04-23,13231931.1523
colombia,bancolombia,2015-04-24,13507171.6309
colombia,bancolombia,2015-04-27,13558142.0898
colombia,bancolombia,2015-04-28,13721247.5586
colombia,bancolombia,2015-04-29,13456201.1719
colombia,bancolombia,2015-04-30,12844555.6641
colombia,bancolombia,2015-05-04,13231931.1523
colombia,bancolombia,2015-05-05,13354260.2539
colombia,bancolombia,2015-05-06,13231931.1523
colombia,bancolombia,2015-05-07,13129990.2344
colombia,bancolombia,2015-05-08,13089213.8672
colombia,bancolombia,2015-05-11,13252319.3359
colombia,bancolombia,2015-05-12,13242125.2441
colombia,bancolombia,2015-05-13,13272707.5195
colombia,bancolombia,2015-05-14,13323677.9785
colombia,bancolombia,2015-05-15,13344066.1621
colombia,bancolombia,2015-05-19,13547947.998
colombia,bancolombia,2015-05-20,13588724.3652
colombia,bancolombia,2015-05-21,13262513.4277
colombia,bancolombia,2015-05-22,13201348.877
colombia,bancolombia,2015-05-25,13099407.959
colombia,bancolombia,2015-05-26,12844555.6641
colombia,bancolombia,2015-05-27,12681450.1953
colombia,bancolombia,2015-05-28,12508150.6348
colombia,bancolombia,2015-05-29,12538732.9102
colombia,bancolombia,2015-06-01,12355239.2578
colombia,bancolombia,2015-06-02,12640673.8281
colombia,bancolombia,2015-06-03,12528538.8184
colombia,bancolombia,2015-06-04,12436791.9922
colombia,bancolombia,2015-06-05,12620285.6445
colombia,bancolombia,2015-06-09,12294074.707
colombia,bancolombia,2015-06-10,12610091.5527
colombia,bancolombia,2015-06-11,12895526.123
colombia,bancolombia,2015-06-12,12895526.123
colombia,bancolombia,2015-06-16,13354260.2539
colombia,bancolombia,2015-06-17,13303289.7949
colombia,bancolombia,2015-06-18,13446007.0801
colombia,bancolombia,2015-06-19,13374648.4375
colombia,bancolombia,2015-06-22,13435812.9883
colombia,bancolombia,2015-06-23,13486783.4473
colombia,bancolombia,2015-06-24,13374648.4375
colombia,bancolombia,2015-06-25,13282901.6113
colombia,bancolombia,2015-06-26,13486783.4473
colombia,bancolombia,2015-06-30,13609112.5488
colombia,bancolombia,2015-07-01,13405230.7129
colombia,bancolombia,2015-07-02,13303289.7949
colombia,bancolombia,2015-07-03,13303289.7949
colombia,bancolombia,2015-07-06,13119796.1426
colombia,bancolombia,2015-07-07,13048437.5
colombia,bancolombia,2015-07-08,12956690.6738
colombia,bancolombia,2015-07-09,13089213.8672
colombia,bancolombia,2015-07-10,13507171.6309
colombia,bancolombia,2015-07-13,13456201.1719
colombia,bancolombia,2015-07-14,13507171.6309
colombia,bancolombia,2015-07-15,13405230.7129
colombia,bancolombia,2015-07-16,13446007.0801
colombia,bancolombia,2015-07-17,13313483.8867
colombia,bancolombia,2015-07-21,12997467.041
colombia,bancolombia,2015-07-22,12956690.6738
colombia,bancolombia,2015-07-23,13140184.3262
colombia,bancolombia,2015-07-24,13140184.3262
colombia,bancolombia,2015-07-27,13160572.5098
colombia,bancolombia,2015-07-28,13405230.7129
colombia,bancolombia,2015-07-29,13456201.1719
colombia,bancolombia,2015-07-30,13496977.5391
colombia,bancolombia,2015-07-31,13262513.4277
colombia,bancolombia,2015-08-03,13384842.5293
colombia,bancolombia,2015-08-04,13384842.5293
colombia,bancolombia,2015-08-05,13558142.0898
colombia,bancolombia,2015-08-06,13598918.457
colombia,bancolombia,2015-08-10,13496977.5391
colombia,bancolombia,2015-08-11,13354260.2539
colombia,bancolombia,2015-08-12,13282901.6113
colombia,bancolombia,2015-08-13,13119796.1426
colombia,bancolombia,2015-08-14,12997467.041
colombia,bancolombia,2015-08-18,12589703.3691
colombia,bancolombia,2015-08-19,12181939.6973
colombia,bancolombia,2015-08-20,12232910.1563
colombia,bancolombia,2015-08-21,11743593.75
colombia,bancolombia,2015-08-24,11702817.3828
colombia,bancolombia,2015-08-25,11784370.1172
colombia,bancolombia,2015-08-26,12069804.6875
colombia,bancolombia,2015-08-27,12487762.4512
colombia,bancolombia,2015-08-28,12457180.1758
colombia,bancolombia,2015-08-31,12722226.5625
colombia,bancolombia,2015-09-01,12334851.0742
colombia,bancolombia,2015-09-02,12732420.6543
colombia,bancolombia,2015-09-03,12824167.4805
colombia,bancolombia,2015-09-04,12477568.3594
colombia,bancolombia,2015-09-07,12518344.7266
colombia,bancolombia,2015-09-08,12742614.7461
colombia,bancolombia,2015-09-09,12497956.543
colombia,bancolombia,2015-09-10,12467374.2676
colombia,bancolombia,2015-09-11,12406209.7168
colombia,bancolombia,2015-09-14,12467374.2676
colombia,bancolombia,2015-09-15,12508150.6348
colombia,bancolombia,2015-09-16,12834361.5723
colombia,bancolombia,2015-09-17,12681450.1953
colombia,bancolombia,2015-09-18,12396015.625
colombia,bancolombia,2015-09-21,12283880.6152
colombia,bancolombia,2015-09-22,11927087.4023
colombia,bancolombia,2015-09-23,11723205.5664
colombia,bancolombia,2015-09-24,12079998.7793
colombia,bancolombia,2015-09-25,11794564.209
colombia,bancolombia,2015-09-28,11876116.9434
colombia,bancolombia,2015-09-29,12039222.4121
colombia,bancolombia,2015-09-30,12090192.8711
colombia,bancolombia,2015-10-01,11978057.8613
colombia,bancolombia,2015-10-02,12100386.9629
colombia,bancolombia,2015-10-05,12589703.3691
colombia,bancolombia,2015-10-06,12854749.7559
colombia,bancolombia,2015-10-07,13231931.1523
colombia,bancolombia,2015-10-08,13252319.3359
colombia,bancolombia,2015-10-09,13517365.7227
colombia,bancolombia,2015-10-13,12844555.6641
colombia,bancolombia,2015-10-14,13099407.959
colombia,bancolombia,2015-10-15,12915914.3066
colombia,bancolombia,2015-10-16,12895526.123
colombia,bancolombia,2015-10-19,12895526.123
colombia,bancolombia,2015-10-20,12956690.6738
colombia,bancolombia,2015-10-21,12926108.3984
colombia,bancolombia,2015-10-22,12752808.8379
colombia,bancolombia,2015-10-23,12834361.5723
colombia,bancolombia,2015-10-26,12793585.2051
colombia,bancolombia,2015-10-27,12589703.3691
colombia,bancolombia,2015-10-28,12202327.8809
colombia,bancolombia,2015-10-29,12069804.6875
colombia,bancolombia,2015-10-30,11998446.0449
colombia,bancolombia,2015-11-03,11723205.5664
colombia,bancolombia,2015-11-04,11723205.5664
colombia,bancolombia,2015-11-05,12039222.4121
colombia,bancolombia,2015-11-06,12079998.7793
colombia,bancolombia,2015-11-09,12069804.6875
colombia,bancolombia,2015-11-10,12008640.1367
colombia,bancolombia,2015-11-11,11876116.9434
colombia,bancolombia,2015-11-12,11723205.5664
colombia,bancolombia,2015-11-13,11468353.2715
colombia,bancolombia,2015-11-17,10897484.1309
colombia,bancolombia,2015-11-18,11019813.2324
colombia,bancolombia,2015-11-19,10897484.1309
colombia,bancolombia,2015-11-20,11295053.7109
colombia,bancolombia,2015-11-23,11264471.4355
colombia,bancolombia,2015-11-24,10897484.1309
colombia,bancolombia,2015-11-25,10581467.2852
colombia,bancolombia,2015-11-26,10622243.6523
colombia,bancolombia,2015-11-27,10622243.6523
colombia,bancolombia,2015-11-30,11040201.416
colombia,bancolombia,2015-12-01,10652825.9277
colombia,bancolombia,2015-12-02,10489720.459
colombia,bancolombia,2015-12-03,10245062.2559
colombia,bancolombia,2015-12-04,10153315.4297
colombia,bancolombia,2015-12-07,9878074.9512
colombia,bancolombia,2015-12-09,9714969.4824
colombia,bancolombia,2015-12-10,9735357.666
colombia,bancolombia,2015-12-11,9929045.4102
colombia,bancolombia,2015-12-14,9929045.4102
colombia,bancolombia,2015-12-15,10194091.7969
colombia,bancolombia,2015-12-16,10958648.6816
colombia,bancolombia,2015-12-17,11142142.334
colombia,bancolombia,2015-12-18,10928066.4063
colombia,bancolombia,2015-12-21,10703796.3867
colombia,bancolombia,2015-12-22,10703796.3867
colombia,bancolombia,2015-12-23,11060589.5996
colombia,bancolombia,2015-12-24,11111560.0586
colombia,bancolombia,2015-12-28,10591661.377
colombia,bancolombia,2015-12-29,10550885.0098
colombia,bancolombia,2015-12-30,10693602.2949
colombia,bancolombia,2016-01-04,10448944.0918
colombia,bancolombia,2016-01-05,10642631.8359
colombia,bancolombia,2016-01-06,10336809.082
colombia,bancolombia,2016-01-07,10245062.2559
colombia,bancolombia,2016-01-08,10143121.3379
colombia,bancolombia,2016-01-12,10000404.0527
colombia,bancolombia,2016-01-13,10051374.5117
colombia,bancolombia,2016-01-14,10438750.0
colombia,bancolombia,2016-01-15,10173703.6133
colombia,bancolombia,2016-01-18,10092150.8789
colombia,bancolombia,2016-01-19,10245062.2559
colombia,bancolombia,2016-01-20,10550885.0098
colombia,bancolombia,2016-01-21,10907678.2227
colombia,bancolombia,2016-01-22,11203306.8848
colombia,bancolombia,2016-01-25,11060589.5996
colombia,bancolombia,2016-01-26,10948454.5898
colombia,bancolombia,2016-01-27,11080977.7832
colombia,bancolombia,2016-01-28,11213500.9766
colombia,bancolombia,2016-01-29,11519323.7305
colombia,bancolombia,2016-02-01,11580488.2813
colombia,bancolombia,2016-02-02,11468353.2715
colombia,bancolombia,2016-02-03,11723205.5664
colombia,bancolombia,2016-02-04,11723205.5664
colombia,bancolombia,2016-02-05,11978057.8613
colombia,bancolombia,2016-02-08,11825146.4844
colombia,bancolombia,2016-02-09,11825146.4844
colombia,bancolombia,2016-02-10,11825146.4844
colombia,bancolombia,2016-02-11,11774176.0254
colombia,bancolombia,2016-02-12,11978057.8613
colombia,bancolombia,2016-02-15,12008640.1367
colombia,bancolombia,2016-02-16,11988251.9531
colombia,bancolombia,2016-02-17,12181939.6973
colombia,bancolombia,2016-02-18,12008640.1367
colombia,bancolombia,2016-02-19,11978057.8613
colombia,bancolombia,2016-02-22,11876116.9434
colombia,bancolombia,2016-02-23,11978057.8613
colombia,bancolombia,2016-02-24,11733399.6582
colombia,bancolombia,2016-02-25,11774176.0254
colombia,bancolombia,2016-02-26,12110581.0547
colombia,bancolombia,2016-02-29,12130969.2383
colombia,bancolombia,2016-03-01,12029028.3203
colombia,bancolombia,2016-03-02,12079998.7793
colombia,bancolombia,2016-03-03,12538732.9102
colombia,bancolombia,2016-03-04,12528538.8184
colombia,bancolombia,2016-03-07,12661062.0117
colombia,bancolombia,2016-03-08,12589703.3691
colombia,bancolombia,2016-03-09,12803779.2969
colombia,bancolombia,2016-03-10,12844555.6641
colombia,bancolombia,2016-03-11,12946496.582
colombia,bancolombia,2016-03-14,12936302.4902
colombia,bancolombia,2016-03-15,12579509.2773
colombia,bancolombia,2016-03-16,12253298.3398
colombia,bancolombia,2016-03-17,12436791.9922
colombia,bancolombia,2016-03-18,12487762.4512
colombia,bancolombia,2016-03-22,12640673.8281
colombia,bancolombia,2016-03-23,12365433.3496
colombia,bancolombia,2016-03-28,12079998.7793
colombia,bancolombia,2016-03-29,12079998.7793
colombia,bancolombia,2016-03-30,12232910.1563
colombia,bancolombia,2016-03-31,12589703.3691
colombia,bancolombia,2016-04-01,12589703.3691
colombia,bancolombia,2016-04-04,12579509.2773
colombia,bancolombia,2016-04-05,12569315.1855
colombia,bancolombia,2016-04-06,12559121.0938
colombia,bancolombia,2016-04-07,12559121.0938
colombia,bancolombia,2016-04-08,12548927.002
colombia,bancolombia,2016-04-11,12844555.6641
colombia,bancolombia,2016-04-12,13252319.3359
colombia,bancolombia,2016-04-13,13466395.2637
colombia,bancolombia,2016-04-14,13425618.8965
colombia,bancolombia,2016-04-15,13354260.2539
colombia,bancolombia,2016-04-18,13252319.3359
colombia,bancolombia,2016-04-19,13446007.0801
colombia,bancolombia,2016-04-20,13588724.3652
colombia,bancolombia,2016-04-21,13598918.457
colombia,bancolombia,2016-04-22,13598918.457
colombia,bancolombia,2016-04-25,13466395.2637
colombia,bancolombia,2016-04-26,13496977.5391
colombia,bancolombia,2016-04-27,13517365.7227
colombia,bancolombia,2016-04-28,13507171.6309
colombia,bancolombia,2016-04-29,12997467.041
colombia,bancolombia,2016-05-02,12905720.2148
colombia,bancolombia,2016-05-03,12742614.7461
colombia,bancolombia,2016-05-04,12650867.9199
colombia,bancolombia,2016-05-05,12345045.166
colombia,bancolombia,2016-05-06,12426597.9004
colombia,bancolombia,2016-05-10,12854749.7559
colombia,bancolombia,2016-05-11,12946496.582
colombia,bancolombia,2016-05-12,12997467.041
colombia,bancolombia,2016-05-13,13099407.959
colombia,bancolombia,2016-05-16,13099407.959
colombia,bancolombia,2016-05-17,12926108.3984
colombia,bancolombia,2016-05-18,12803779.2969
colombia,bancolombia,2016-05-19,12773197.0215
colombia,bancolombia,2016-05-20,12946496.582
colombia,bancolombia,2016-05-23,12946496.582
colombia,bancolombia,2016-05-24,12650867.9199
colombia,bancolombia,2016-05-25,12273686.5234
colombia,bancolombia,2016-05-26,12334851.0742
colombia,bancolombia,2016-05-27,12232910.1563
colombia,bancolombia,2016-05-31,12079998.7793
colombia,bancolombia,2016-06-01,12039222.4121
colombia,bancolombia,2016-06-02,11998446.0449
colombia,bancolombia,2016-06-03,12181939.6973
colombia,bancolombia,2016-06-07,11957669.6777
colombia,bancolombia,2016-06-08,12253298.3398
colombia,bancolombia,2016-06-09,12263492.4316
colombia,bancolombia,2016-06-10,12079998.7793
colombia,bancolombia,2016-06-13,11988251.9531
colombia,bancolombia,2016-06-14,11825146.4844
colombia,bancolombia,2016-06-15,11876116.9434
colombia,bancolombia,2016-06-16,12029028.3203
colombia,bancolombia,2016-06-17,12222716.0645
colombia,bancolombia,2016-06-20,12192133.7891
colombia,bancolombia,2016-06-21,12232910.1563
colombia,bancolombia,2016-06-22,12253298.3398
colombia,bancolombia,2016-06-23,12436791.9922
colombia,bancolombia,2016-06-24,12232910.1563
colombia,bancolombia,2016-06-27,11967863.7695
colombia,bancolombia,2016-06-28,11947475.5859
colombia,bancolombia,2016-06-29,12181939.6973
colombia,bancolombia,2016-06-30,12130969.2383
colombia,bancolombia,2016-07-01,12232910.1563
colombia,bancolombia,2016-07-05,12029028.3203
colombia,bancolombia,2016-07-06,12130969.2383
colombia,bancolombia,2016-07-07,11978057.8613
colombia,bancolombia,2016-07-08,11978057.8613
colombia,bancolombia,2016-07-11,11988251.9531
colombia,bancolombia,2016-07-12,12232910.1563
colombia,bancolombia,2016-07-13,12232910.1563
colombia,bancolombia,2016-07-14,12283880.6152
colombia,bancolombia,2016-07-15,12334851.0742
colombia,bancolombia,2016-07-18,12263492.4316
colombia,bancolombia,2016-07-19,12232910.1563
colombia,bancolombia,2016-07-21,12294074.707
colombia,bancolombia,2016-07-22,12334851.0742
colombia,bancolombia,2016-07-25,12141163.3301
colombia,bancolombia,2016-07-26,12212521.9727
colombia,bancolombia,2016-07-27,12283880.6152
colombia,bancolombia,2016-07-28,12304268.7988
colombia,bancolombia,2016-07-29,12385821.5332
colombia,bancolombia,2016-08-01,12334851.0742
colombia,bancolombia,2016-08-02,12334851.0742
colombia,bancolombia,2016-08-03,12426597.9004
colombia,bancolombia,2016-08-04,12426597.9004
colombia,bancolombia,2016-08-05,12487762.4512
colombia,bancolombia,2016-08-08,12457180.1758
colombia,bancolombia,2016-08-09,12722226.5625
colombia,bancolombia,2016-08-10,12773197.0215
colombia,bancolombia,2016-08-11,12854749.7559
colombia,bancolombia,2016-08-12,12793585.2051
colombia,bancolombia,2016-08-16,12987272.9492
colombia,bancolombia,2016-08-17,12905720.2148
colombia,bancolombia,2016-08-18,12834361.5723
colombia,bancolombia,2016-08-19,13068825.6836
colombia,bancolombia,2016-08-22,13150378.418
colombia,bancolombia,2016-08-23,13231931.1523
colombia,bancolombia,2016-08-24,13354260.2539
colombia,bancolombia,2016-08-25,13354260.2539
colombia,bancolombia,2016-08-26,13456201.1719
colombia,bancolombia,2016-08-29,13476589.3555
colombia,bancolombia,2016-08-30,13537753.9063
colombia,bancolombia,2016-08-31,13660083.0078
colombia,bancolombia,2016-09-01,13711053.4668
colombia,bancolombia,2016-09-02,14016876.2207
colombia,bancolombia,2016-09-05,13986293.9453
colombia,bancolombia,2016-09-06,13925129.3945
colombia,bancolombia,2016-09-07,14098428.9551
colombia,bancolombia,2016-09-08,13965905.7617
colombia,bancolombia,2016-09-09,13904741.2109
colombia,bancolombia,2016-09-12,13853770.752
colombia,bancolombia,2016-09-13,13598918.457
colombia,bancolombia,2016-09-14,13558142.0898
colombia,bancolombia,2016-09-15,13670277.0996
colombia,bancolombia,2016-09-16,13242125.2441
colombia,bancolombia,2016-09-19,13242125.2441
colombia,bancolombia,2016-09-20,12875137.9395
colombia,bancolombia,2016-09-21,12895526.123
colombia,bancolombia,2016-09-22,13048437.5
colombia,bancolombia,2016-09-23,12997467.041
colombia,bancolombia,2016-09-26,12946496.582
colombia,bancolombia,2016-09-27,12793585.2051
colombia,bancolombia,2016-09-28,13231931.1523
colombia,bancolombia,2016-09-29,13099407.959
colombia,bancolombia,2016-09-30,13303289.7949
colombia,bancolombia,2016-10-03,12997467.041
colombia,bancolombia,2016-10-04,13048437.5
colombia,bancolombia,2016-10-05,12997467.041
colombia,bancolombia,2016-10-06,12997467.041
colombia,bancolombia,2016-10-07,13201348.877
colombia,bancolombia,2016-10-10,13099407.959
colombia,bancolombia,2016-10-11,13262513.4277
colombia,bancolombia,2016-10-12,13323677.9785
colombia,bancolombia,2016-10-13,13323677.9785
colombia,bancolombia,2016-10-14,13323677.9785
colombia,bancolombia,2016-10-18,13313483.8867
colombia,bancolombia,2016-10-19,13456201.1719
colombia,bancolombia,2016-10-20,13537753.9063
colombia,bancolombia,2016-10-21,13598918.457
colombia,bancolombia,2016-10-24,13547947.998
colombia,bancolombia,2016-10-25,13578530.2734
colombia,bancolombia,2016-10-26,13537753.9063
colombia,bancolombia,2016-10-27,13507171.6309
colombia,bancolombia,2016-10-28,
colombia,bancolombia,2016-10-31,13507171.6309
colombia,bancolombia,2016-11-01,13812994.3848
colombia,bancolombia,2016-11-02,13812994.3848
colombia,bancolombia,2016-11-03,13812994.3848
colombia,bancolombia,2016-11-04,13527559.8145
colombia,bancolombia,2016-11-08,13700859.375
colombia,bancolombia,2016-11-09,13486783.4473
colombia,bancolombia,2016-11-10,13048437.5
colombia,bancolombia,2016-11-11,12946496.582
colombia,bancolombia,2016-11-15,12885332.0313
colombia,bancolombia,2016-11-16,12824167.4805
colombia,bancolombia,2016-11-17,12854749.7559
colombia,bancolombia,2016-11-18,12834361.5723
colombia,bancolombia,2016-11-21,12793585.2051
colombia,bancolombia,2016-11-22,12630479.7363
colombia,bancolombia,2016-11-23,12742614.7461
colombia,bancolombia,2016-11-24,12742614.7461
colombia,bancolombia,2016-11-25,12681450.1953
colombia,bancolombia,2016-11-28,12528538.8184
colombia,bancolombia,2016-11-29,12334851.0742
colombia,bancolombia,2016-11-30,12691644.2871
colombia,bancolombia,2016-12-01,12681450.1953
colombia,bancolombia,2016-12-02,12732420.6543
colombia,bancolombia,2016-12-05,12661062.0117
colombia,bancolombia,2016-12-06,12671256.1035
colombia,bancolombia,2016-12-07,12722226.5625
colombia,bancolombia,2016-12-09,12783391.1133
colombia,bancolombia,2016-12-12,12742614.7461
colombia,bancolombia,2016-12-13,12763002.9297
colombia,bancolombia,2016-12-14,12773197.0215
colombia,bancolombia,2016-12-15,13099407.959
colombia,bancolombia,2016-12-16,13170766.6016
colombia,bancolombia,2016-12-19,12977078.8574
colombia,bancolombia,2016-12-20,12936302.4902
colombia,bancolombia,2016-12-21,12844555.6641
colombia,bancolombia,2016-12-22,12895526.123
colombia,bancolombia,2016-12-23,12895526.123
colombia,bancolombia,2016-12-26,12895526.123
colombia,bancolombia,2016-12-27,12813973.3887
colombia,bancolombia,2016-12-28,12987272.9492
colombia,bancolombia,2016-12-29,12854749.7559
colombia,bancolombia,2017-01-02,12946496.582
colombia,bancolombia,2017-01-03,12997467.041
colombia,bancolombia,2017-01-04,13099407.959
colombia,bancolombia,2017-01-05,13099407.959
colombia,bancolombia,2017-01-06,13099407.959
colombia,bancolombia,2017-01-10,13252319.3359
colombia,bancolombia,2017-01-11,13242125.2441
colombia,bancolombia,2017-01-12,13180960.6934
colombia,bancolombia,2017-01-13,13191154.7852
colombia,bancolombia,2017-01-16,13068825.6836
colombia,bancolombia,2017-01-17,13058631.5918
colombia,bancolombia,2017-01-18,12956690.6738
colombia,bancolombia,2017-01-19,12977078.8574
colombia,bancolombia,2017-01-20,12977078.8574
colombia,bancolombia,2017-01-23,12997467.041
colombia,bancolombia,2017-01-24,13017855.2246
colombia,bancolombia,2017-01-25,12997467.041
colombia,bancolombia,2017-01-26,13099407.959
colombia,bancolombia,2017-01-27,13007661.1328
colombia,bancolombia,2017-01-30,12997467.041
colombia,bancolombia,2017-01-31,12987272.9492
colombia,bancolombia,2017-02-01,12895526.123
colombia,bancolombia,2017-02-02,13017855.2246
colombia,bancolombia,2017-02-03,13028049.3164
colombia,bancolombia,2017-02-06,13017855.2246
colombia,bancolombia,2017-02-07,12895526.123
colombia,bancolombia,2017-02-08,12803779.2969
colombia,bancolombia,2017-02-09,12803779.2969
colombia,bancolombia,2017-02-10,12854749.7559
colombia,bancolombia,2017-02-13,12854749.7559
colombia,bancolombia,2017-02-14,12599897.4609
colombia,bancolombia,2017-02-15,12701838.3789
colombia,bancolombia,2017-02-16,12895526.123
colombia,bancolombia,2017-02-17,12773197.0215
colombia,bancolombia,2017-02-20,12763002.9297
colombia,bancolombia,2017-02-21,12752808.8379
colombia,bancolombia,2017-02-22,12793585.2051
colombia,bancolombia,2017-02-23,12977078.8574
colombia,bancolombia,2017-02-24,12712032.4707
colombia,bancolombia,2017-02-27,12895526.123
colombia,bancolombia,2017-02-28,12742614.7461
colombia,bancolombia,2017-03-01,12895526.123
colombia,bancolombia,2017-03-02,12763002.9297
colombia,bancolombia,2017-03-03,12844555.6641
colombia,bancolombia,2017-03-06,12895526.123
colombia,bancolombia,2017-03-07,12885332.0313
colombia,bancolombia,2017-03-08,12864943.8477
colombia,bancolombia,2017-03-09,12803779.2969
colombia,bancolombia,2017-03-10,12885332.0313
colombia,bancolombia,2017-03-13,12956690.6738
colombia,bancolombia,2017-03-14,12640673.8281
colombia,bancolombia,2017-03-15,12793585.2051
colombia,bancolombia,2017-03-16,12895526.123
colombia,bancolombia,2017-03-17,12936302.4902
colombia,bancolombia,2017-03-21,13038243.4082
colombia,bancolombia,2017-03-22,13211542.9688
colombia,bancolombia,2017-03-23,13211542.9688
colombia,bancolombia,2017-03-24,13201348.877
colombia,bancolombia,2017-03-27,13405230.7129
colombia,bancolombia,2017-03-28,13456201.1719
colombia,bancolombia,2017-03-29,13405230.7129
colombia,bancolombia,2017-03-30,13496977.5391
colombia,bancolombia,2017-03-31,
colombia,bancolombia,2017-04-03,13537753.9063
colombia,bancolombia,2017-04-04,13446007.0801
colombia,bancolombia,2017-04-05,13558142.0898
colombia,bancolombia,2017-04-06,13507171.6309
colombia,bancolombia,2017-04-07,13446007.0801
colombia,bancolombia,2017-04-10,13660083.0078
colombia,bancolombia,2017-04-11,13609112.5488
colombia,bancolombia,2017-04-12,13649888.916
colombia,bancolombia,2017-04-17,13558142.0898
colombia,bancolombia,2017-04-18,13456201.1719
colombia,bancolombia,2017-04-19,13160572.5098
colombia,bancolombia,2017-04-20,13262513.4277
colombia,bancolombia,2017-04-21,13507171.6309
colombia,bancolombia,2017-04-24,13609112.5488
colombia,bancolombia,2017-04-25,13731441.6504
colombia,bancolombia,2017-04-26,13802800.293
colombia,bancolombia,2017-04-27,13588724.3652
colombia,bancolombia,2017-04-28,13782412.1094
colombia,bancolombia,2017-05-02,13782412.1094
colombia,bancolombia,2017-05-03,13802800.293
colombia,bancolombia,2017-05-04,13914935.3027
colombia,bancolombia,2017-05-05,13955711.6699
colombia,bancolombia,2017-05-08,14118817.1387
colombia,bancolombia,2017-05-09,14271728.5156
colombia,bancolombia,2017-05-10,14536774.9023
colombia,bancolombia,2017-05-11,14628521.7285
colombia,bancolombia,2017-05-12,14628521.7285
colombia,bancolombia,2017-05-15,14730462.6465
colombia,bancolombia,2017-05-16,15199390.8691
colombia,bancolombia,2017-05-17,15240167.2363
colombia,bancolombia,2017-05-18,14944538.5742
colombia,bancolombia,2017-05-19,15229973.1445
colombia,bancolombia,2017-05-22,15280943.6035
colombia,bancolombia,2017-05-23,15331914.0625
colombia,bancolombia,2017-05-24,15342108.1543
colombia,bancolombia,2017-05-25,15280943.6035
colombia,bancolombia,2017-05-26,15311525.8789
colombia,bancolombia,2017-05-30,15219779.0527
colombia,bancolombia,2017-05-31,15535795.8984
colombia,bancolombia,2017-06-01,15525601.8066
colombia,bancolombia,2017-06-02,15413466.7969
colombia,bancolombia,2017-06-05,15678513.1836
colombia,bancolombia,2017-06-06,15770260.0098
colombia,bancolombia,2017-06-07,15709095.459
colombia,bancolombia,2017-06-08,15637736.8164
colombia,bancolombia,2017-06-09,15556184.082
colombia,bancolombia,2017-06-12,15688707.2754
colombia,bancolombia,2017-06-13,15698901.3672
colombia,bancolombia,2017-06-14,15892588.9291
colombia,bancolombia,2017-06-15,15749871.6456
colombia,bancolombia,2017-06-16,16300352.5963
colombia,bancolombia,2017-06-20,16147441.2211
colombia,bancolombia,2017-06-21,15637736.6371
colombia,bancolombia,2017-06-22,15291137.52
colombia,bancolombia,2017-06-23,15342107.9784
colombia,bancolombia,2017-06-27,15495019.3536
colombia,bancolombia,2017-06-28,15800842.104
colombia,bancolombia,2017-06-29,16106664.8544
colombia,bancolombia,2017-06-30,16198411.6795
colombia,bancolombia,2017-07-04,16361517.1464
colombia,bancolombia,2017-07-05,16463458.0632
colombia,bancolombia,2017-07-06,16412487.6048
colombia,bancolombia,2017-07-07,16147441.2211
colombia,bancolombia,2017-07-10,16259576.2296
colombia,bancolombia,2017-07-11,16555204.8883
colombia,bancolombia,2017-07-12,16810057.1803
colombia,bancolombia,2017-07-13,16769280.8136
colombia,bancolombia,2017-07-14,16504234.4299
colombia,bancolombia,2017-07-17,16463458.0632
colombia,bancolombia,2017-07-18,16310546.688
colombia,bancolombia,2017-07-19,15811036.1957
colombia,bancolombia,2017-07-21,15902783.0208
colombia,bancolombia,2017-07-24,16045500.3043
colombia,bancolombia,2017-07-25,15953753.4792
colombia,bancolombia,2017-07-26,15698901.1872
colombia,bancolombia,2017-07-27,15800842.104
colombia,bancolombia,2017-07-28,16157635.3128
colombia,bancolombia,2017-07-31,15596960.2704
colombia,bancolombia,2017-08-01,15729483.4622
colombia,bancolombia,2017-08-02,15780453.9206
colombia,bancolombia,2017-08-03,15749871.6456
colombia,bancolombia,2017-08-04,15688707.0955
colombia,bancolombia,2017-08-08,15505213.4453
colombia,bancolombia,2017-08-09,15464437.0786
colombia,bancolombia,2017-08-10,15372690.2534
colombia,bancolombia,2017-08-11,15556183.9037
colombia,bancolombia,2017-08-14,15658124.8205
colombia,bancolombia,2017-08-15,15199390.6949
colombia,bancolombia,2017-08-16,15596960.2704
colombia,bancolombia,2017-08-17,15647930.7288
colombia,bancolombia,2017-08-18,15811036.1957
colombia,bancolombia,2017-08-22,15933365.2958
colombia,bancolombia,2017-08-23,16198411.6795
colombia,bancolombia,2017-08-24,15902783.0208
colombia,bancolombia,2017-08-25,15780453.9206
colombia,bancolombia,2017-08-28,15800842.104
colombia,bancolombia,2017-08-29,16004723.9376
colombia,bancolombia,2017-08-30,15821230.2874
colombia,bancolombia,2017-08-31,16820251.272
colombia,bancolombia,2017-09-01,17166850.3891
colombia,bancolombia,2017-09-04,17442090.8645
colombia,bancolombia,2017-09-05,17217820.8475
colombia,bancolombia,2017-09-06,17431896.7728
colombia,bancolombia,2017-09-07,17329955.856
colombia,bancolombia,2017-09-08,17207626.7558
colombia,bancolombia,2017-09-11,17350344.0394
colombia,bancolombia,2017-09-12,17319761.7643
colombia,bancolombia,2017-09-13,17217820.8475
colombia,bancolombia,2017-09-14,17064909.4723
colombia,bancolombia,2017-09-15,16942580.3722
colombia,bancolombia,2017-09-18,16922192.1888
colombia,bancolombia,2017-09-19,16922192.1888
colombia,bancolombia,2017-09-20,16565398.98
colombia,bancolombia,2017-09-21,16667339.8968
colombia,bancolombia,2017-09-22,16922192.1888
colombia,bancolombia,2017-09-25,16667339.8968
colombia,bancolombia,2017-09-26,16565398.98
colombia,bancolombia,2017-09-27,16636757.6218
colombia,bancolombia,2017-09-28,16565398.98
colombia,bancolombia,2017-09-29,16687728.0802
colombia,bancolombia,2017-10-02,16667339.8968
colombia,bancolombia,2017-10-03,16748892.6302
colombia,bancolombia,2017-10-04,16565398.98
colombia,bancolombia,2017-10-05,16667339.8968
colombia,bancolombia,2017-10-06,16657145.8051
colombia,bancolombia,2017-10-09,16310546.688
colombia,bancolombia,2017-10-10,16351323.0547
colombia,bancolombia,2017-10-11,16310546.688
colombia,bancolombia,2017-10-12,16300352.5963
colombia,bancolombia,2017-10-13,16310546.688
colombia,bancolombia,2017-10-17,16045500.3043
colombia,bancolombia,2017-10-18,15933365.2958
colombia,bancolombia,2017-10-19,15800842.104
colombia,bancolombia,2017-10-20,15739677.5539
colombia,bancolombia,2017-10-23,15729483.4622
colombia,bancolombia,2017-10-24,15535795.7203
colombia,bancolombia,2017-10-25,15678513.0038
colombia,bancolombia,2017-10-26,15658124.8205
colombia,bancolombia,2017-10-27,14710074.2942
colombia,bancolombia,2017-10-30,14302310.627
colombia,bancolombia,2017-10-31,14373669.2688
colombia,bancolombia,2017-11-01,14373669.2688
colombia,bancolombia,2017-11-02,14037264.2434
colombia,bancolombia,2017-11-03,13894546.9598
colombia,bancolombia,2017-11-07,14149399.2518
colombia,bancolombia,2017-11-08,14322698.8104
colombia,bancolombia,2017-11-09,14567357.0107
colombia,bancolombia,2017-11-10,14536774.7357
colombia,bancolombia,2017-11-14,14251340.1686
colombia,bancolombia,2017-11-15,14210563.8019
colombia,bancolombia,2017-11-16,14414445.6355
colombia,bancolombia,2017-11-17,14720268.3859
colombia,bancolombia,2017-11-20,14689686.1109
colombia,bancolombia,2017-11-21,14781432.936
colombia,bancolombia,2017-11-22,14781432.936
colombia,bancolombia,2017-11-23,14669297.9275
colombia,bancolombia,2017-11-24,14730462.4776
colombia,bancolombia,2017-11-27,14669297.9275
colombia,bancolombia,2017-11-28,14689686.1109
colombia,bancolombia,2017-11-29,14801821.1194
colombia,bancolombia,2017-11-30,14781432.936
colombia,bancolombia,2017-12-01,14628521.5608
colombia,bancolombia,2017-12-04,14526580.644
colombia,bancolombia,2017-12-05,14659103.8358
colombia,bancolombia,2017-12-06,14781432.936
colombia,bancolombia,2017-12-07,14852791.5778
colombia,bancolombia,2017-12-11,15138226.1448
colombia,bancolombia,2017-12-12,15138226.1448
colombia,bancolombia,2017-12-13,15087255.6864
colombia,bancolombia,2017-12-14,14924150.2195
colombia,bancolombia,2017-12-15,14679492.0192
colombia,bancolombia,2017-12-18,15107643.8698
colombia,bancolombia,2017-12-19,14985314.7696
colombia,bancolombia,2017-12-20,14985314.7696
colombia,bancolombia,2017-12-21,15046479.3197
colombia,bancolombia,2017-12-22,15087255.6864
colombia,bancolombia,2017-12-26,15087255.6864
colombia,bancolombia,2017-12-27,15219778.8782
colombia,bancolombia,2017-12-28,15280943.4283
colombia,bancolombia,2018-01-02,15260555.245
colombia,bancolombia,2018-01-03,15280943.4283
colombia,bancolombia,2018-01-04,15433854.8035
colombia,bancolombia,2018-01-05,15698901.1872
colombia,bancolombia,2018-01-09,15647930.7288
colombia,bancolombia,2018-01-10,15495019.3536
colombia,bancolombia,2018-01-11,15291137.52
colombia,bancolombia,2018-01-12,15342107.9784
colombia,bancolombia,2018-01-15,15433854.8035
colombia,bancolombia,2018-01-16,15933365.2958
colombia,bancolombia,2018-01-17,15882394.8374
colombia,bancolombia,2018-01-18,15984335.7542
colombia,bancolombia,2018-01-19,15800842.104
colombia,bancolombia,2018-01-22,15607154.3621
colombia,bancolombia,2018-01-23,15790648.0123
colombia,bancolombia,2018-01-24,15953753.4792
colombia,bancolombia,2018-01-25,16228993.9546
colombia,bancolombia,2018-01-26,16504234.4299
colombia,bancolombia,2018-01-29,16494040.3382
colombia,bancolombia,2018-01-30,16514428.5216
colombia,bancolombia,2018-01-31,16575593.0717
colombia,bancolombia,2018-02-01,16504234.4299
colombia,bancolombia,2018-02-02,16361517.1464
colombia,bancolombia,2018-02-05,15821230.2874
colombia,bancolombia,2018-02-06,15851812.5624
colombia,bancolombia,2018-02-07,16157635.3128
colombia,bancolombia,2018-02-08,15912977.1125
colombia,bancolombia,2018-02-09,15851812.5624
colombia,bancolombia,2018-02-12,16147441.2211
colombia,bancolombia,2018-02-13,16116858.9461
colombia,bancolombia,2018-02-14,16381905.3298
colombia,bancolombia,2018-02-15,16259576.2296
colombia,bancolombia,2018-02-16,16341128.963
colombia,bancolombia,2018-02-19,16228993.9546
colombia,bancolombia,2018-02-20,16361517.1464
colombia,bancolombia,2018-02-21,16545010.7966
colombia,bancolombia,2018-02-22,16514428.5216
colombia,bancolombia,2018-02-23,16514428.5216
colombia,bancolombia,2018-02-26,16188217.5878
colombia,bancolombia,2018-02-27,16055694.396
colombia,bancolombia,2018-02-28,15372690.2534
colombia,bancolombia,2018-03-01,15627542.5454
colombia,bancolombia,2018-03-02,15566377.9954
colombia,bancolombia,2018-03-05,15800842.104
colombia,bancolombia,2018-03-06,15862006.6541
colombia,bancolombia,2018-03-07,16269770.3213
colombia,bancolombia,2018-03-08,16361517.1464
colombia,bancolombia,2018-03-09,16616369.4384
colombia,bancolombia,2018-03-12,16616369.4384
colombia,bancolombia,2018-03-13,16310546.688
colombia,bancolombia,2018-03-14,16076082.5794
colombia,bancolombia,2018-03-15,16137247.1294
colombia,bancolombia,2018-03-16,16412487.6048
colombia,bancolombia,2018-03-20,16137247.1294
colombia,bancolombia,2018-03-21,16147441.2211
colombia,bancolombia,2018-03-22,16004723.9376
colombia,bancolombia,2018-03-23,15495019.3536
colombia,bancolombia,2018-03-26,15545989.812
colombia,bancolombia,2018-03-27,15138226.1448
colombia,bancolombia,2018-03-28,15403272.5285
colombia,bancolombia,2018-04-02,15688707.0955
colombia,bancolombia,2018-04-03,16208605.7712
colombia,bancolombia,2018-04-04,16432875.7882
colombia,bancolombia,2018-04-05,16799863.0886
colombia,bancolombia,2018-04-06,16861027.6387
colombia,bancolombia,2018-04-09,17054715.3806
colombia,bancolombia,2018-04-10,17380926.3144
colombia,bancolombia,2018-04-11,17228014.9392
colombia,bancolombia,2018-04-12,17380926.3144
colombia,bancolombia,2018-04-13,17187238.5725
colombia,bancolombia,2018-04-16,17105685.839
colombia,bancolombia,2018-04-17,17584808.148
colombia,bancolombia,2018-04-18,17686749.0648
colombia,bancolombia,2018-04-19,17788689.9816
colombia,bancolombia,2018-04-20,17431896.7728
colombia,bancolombia,2018-04-23,17472673.1395
colombia,bancolombia,2018-04-24,17268791.3059
colombia,bancolombia,2018-04-25,16901804.0054
colombia,bancolombia,2018-04-26,17075103.564
colombia,bancolombia,2018-04-27,17329955.856
colombia,bancolombia,2018-04-30,16922192.1888
colombia,bancolombia,2018-05-02,17177044.4808
colombia,bancolombia,2018-05-03,17085297.6557
colombia,bancolombia,2018-05-04,17105685.839
colombia,bancolombia,2018-05-07,17156656.2974
colombia,bancolombia,2018-05-08,17391120.4061
colombia,bancolombia,2018-05-09,17411508.5894
colombia,bancolombia,2018-05-10,17482867.2312
colombia,bancolombia,2018-05-11,17258597.2142
colombia,bancolombia,2018-05-15,17329955.856
colombia,bancolombia,2018-05-16,17044521.289
colombia,bancolombia,2018-05-17,16677533.9885
colombia,bancolombia,2018-05-18,16565398.98
colombia,bancolombia,2018-05-21,16534816.705
colombia,bancolombia,2018-05-22,16565398.98
colombia,bancolombia,2018-05-23,16616369.4384
colombia,bancolombia,2018-05-24,16473652.1549
colombia,bancolombia,2018-05-25,17064909.4723
colombia,bancolombia,2018-05-28,17126074.0224
colombia,bancolombia,2018-05-29,17136268.1141
colombia,bancolombia,2018-05-30,16861027.6387
colombia,bancolombia,2018-05-31,16881415.8221
colombia,bancolombia,2018-06-01,17187238.5725
colombia,bancolombia,2018-06-05,17177044.4808
colombia,bancolombia,2018-06-06,17217820.8475
colombia,bancolombia,2018-06-07,16861027.6387
colombia,bancolombia,2018-06-08,16891609.9138
colombia,bancolombia,2018-06-12,17126074.0224
colombia,bancolombia,2018-06-13,17095491.7474
colombia,bancolombia,2018-06-14,17228014.9392
colombia,bancolombia,2018-06-15,16830445.3637
colombia,bancolombia,2018-06-18,17380926.3144
colombia,bancolombia,2018-06-19,17329955.856
colombia,bancolombia,2018-06-20,17136268.1141
colombia,bancolombia,2018-06-21,17360538.131
colombia,bancolombia,2018-06-22,17075103.564
colombia,bancolombia,2018-06-25,17085297.6557
colombia,bancolombia,2018-06-26,17228014.9392
colombia,bancolombia,2018-06-27,17228014.9392
colombia,bancolombia,2018-06-28,17615390.423
colombia,bancolombia,2018-06-29,18002765.9069
colombia,bancolombia,2018-07-03,18053736.3653
colombia,bancolombia,2018-07-04,18114900.9154
colombia,bancolombia,2018-07-05,18247424.1072
colombia,bancolombia,2018-07-06,18084318.6403
colombia,bancolombia,2018-07-09,17839660.44
colombia,bancolombia,2018-07-10,17839660.44
colombia,bancolombia,2018-07-11,17839660.44
colombia,bancolombia,2018-07-12,17635778.6064
colombia,bancolombia,2018-07-13,17686749.0648
colombia,bancolombia,2018-07-16,17839660.44
colombia,bancolombia,2018-07-17,17696943.1565
colombia,bancolombia,2018-07-18,17676554.9731
colombia,bancolombia,2018-07-19,17554225.873
colombia,bancolombia,2018-07-23,17615390.423
colombia,bancolombia,2018-07-24,17605196.3314
colombia,bancolombia,2018-07-25,17126074.0224
colombia,bancolombia,2018-07-26,17329955.856
colombia,bancolombia,2018-07-27,17554225.873
colombia,bancolombia,2018-07-30,17442090.8645
colombia,bancolombia,2018-07-31,17054715.3806
colombia,bancolombia,2018-08-01,17523643.5979
colombia,bancolombia,2018-08-02,16983356.7389
colombia,bancolombia,2018-08-03,17482867.2312
colombia,bancolombia,2018-08-06,17115879.9307
colombia,bancolombia,2018-08-08,17329955.856
colombia,bancolombia,2018-08-09,17329955.856
colombia,bancolombia,2018-08-10,16871221.7304
colombia,bancolombia,2018-08-13,16911998.0971
colombia,bancolombia,2018-08-14,16830445.3637
colombia,bancolombia,2018-08-15,16952774.4638
colombia,bancolombia,2018-08-16,17085297.6557
colombia,bancolombia,2018-08-17,17105685.839
colombia,bancolombia,2018-08-21,17034327.1973
colombia,bancolombia,2018-08-22,16962968.5555
colombia,bancolombia,2018-08-23,16861027.6387
colombia,bancolombia,2018-08-24,16820251.272
colombia,bancolombia,2018-08-27,17309567.6726
colombia,bancolombia,2018-08-28,17268791.3059
colombia,bancolombia,2018-08-29,17024133.1056
colombia,bancolombia,2018-08-30,16810057.1803
colombia,bancolombia,2018-08-31,16718310.3552
colombia,bancolombia,2018-09-03,16799863.0886
colombia,bancolombia,2018-09-04,16626563.5301
colombia,bancolombia,2018-09-05,16494040.3382
colombia,bancolombia,2018-09-06,16443069.8798
colombia,bancolombia,2018-09-07,16055694.396
colombia,bancolombia,2018-09-10,15658124.8205
colombia,bancolombia,2018-09-11,15545989.812
colombia,bancolombia,2018-09-12,15882394.8374
colombia,bancolombia,2018-09-13,15729483.4622
colombia,bancolombia,2018-09-14,16208605.7712
colombia,bancolombia,2018-09-17,15709095.2789
colombia,bancolombia,2018-09-18,15943559.3875
colombia,bancolombia,2018-09-19,16127053.0378
colombia,bancolombia,2018-09-20,16310546.688
colombia,bancolombia,2018-09-21,16402293.5131
colombia,bancolombia,2018-09-24,16157635.3128
colombia,bancolombia,2018-09-25,16055694.396
colombia,bancolombia,2018-09-26,16045500.3043
colombia,bancolombia,2018-09-27,16167829.4045
colombia,bancolombia,2018-09-28,16259576.2296
colombia,bancolombia,2018-10-01,16330934.8714
colombia,bancolombia,2018-10-02,16330934.8714
colombia,bancolombia,2018-10-03,16514428.5216
colombia,bancolombia,2018-10-04,16392099.4214
colombia,bancolombia,2018-10-05,16086276.671
colombia,bancolombia,2018-10-08,16055694.396
colombia,bancolombia,2018-10-09,16167829.4045
colombia,bancolombia,2018-10-10,15841618.4707
colombia,bancolombia,2018-10-11,15423660.7118
colombia,bancolombia,2018-10-12,15311525.7034
colombia,bancolombia,2018-10-16,16045500.3043
colombia,bancolombia,2018-10-17,15739677.5539
colombia,bancolombia,2018-10-18,15342107.9784
colombia,bancolombia,2018-10-19,15393078.4368
colombia,bancolombia,2018-10-22,15413466.6202
colombia,bancolombia,2018-10-23,15545989.812
colombia,bancolombia,2018-10-24,15352302.0701
colombia,bancolombia,2018-10-25,14985314.7696
colombia,bancolombia,2018-10-26,14995508.8613
colombia,bancolombia,2018-10-29,15189196.6032
colombia,bancolombia,2018-10-30,15087255.6864
colombia,bancolombia,2018-10-31,15433854.8035
colombia,bancolombia,2018-11-01,15800842.104
colombia,bancolombia,2018-11-02,15892588.9291
colombia,bancolombia,2018-11-06,15923171.2042
colombia,bancolombia,2018-11-07,16310546.688
colombia,bancolombia,2018-11-08,16443069.8798
colombia,bancolombia,2018-11-09,15963947.5709
colombia,bancolombia,2018-11-13,15637736.6371
colombia,bancolombia,2018-11-14,16116858.9461
colombia,bancolombia,2018-11-15,16973162.6472
colombia,bancolombia,2018-11-16,17217820.8475
colombia,bancolombia,2018-11-19,17064909.4723
colombia,bancolombia,2018-11-20,16840639.4554
colombia,bancolombia,2018-11-21,16932386.2805
colombia,bancolombia,2018-11-22,16983356.7389
colombia,bancolombia,2018-11-23,16524622.6133
colombia,bancolombia,2018-11-26,17024133.1056
colombia,bancolombia,2018-11-27,16922192.1888
colombia,bancolombia,2018-11-28,17003744.9222
colombia,bancolombia,2018-11-29,17075103.564
colombia,bancolombia,2018-11-30,16402293.5131
colombia,bancolombia,2018-12-03,16922192.1888
colombia,bancolombia,2018-12-04,16973162.6472
colombia,bancolombia,2018-12-05,16973162.6472
colombia,bancolombia,2018-12-06,16799863.0886
colombia,bancolombia,2018-12-07,16361517.1464
colombia,bancolombia,2018-12-10,16504234.4299
colombia,bancolombia,2018-12-11,16524622.6133
colombia,bancolombia,2018-12-12,16606175.3467
colombia,bancolombia,2018-12-13,16616369.4384
colombia,bancolombia,2018-12-14,16534816.705
colombia,bancolombia,2018-12-17,15963947.5709
colombia,bancolombia,2018-12-18,15974141.6626
colombia,bancolombia,2018-12-19,15953753.4792
colombia,bancolombia,2018-12-20,15474631.1702
colombia,bancolombia,2018-12-21,16045500.3043
colombia,bancolombia,2018-12-24,15291137.52
colombia,bancolombia,2018-12-26,15698901.1872
colombia,bancolombia,2018-12-27,15617348.4538
colombia,bancolombia,2018-12-28,15495019.3536
colombia,bancolombia,2019-01-02,16106664.8544
colombia,bancolombia,2019-01-03,16514428.5216
colombia,bancolombia,2019-01-04,16514428.5216
colombia,bancolombia,2019-01-08,16524622.6133
colombia,bancolombia,2019-01-09,16810057.1803
colombia,bancolombia,2019-01-10,16871221.7304
colombia,bancolombia,2019-01-11,17075103.564
colombia,bancolombia,2019-01-14,17207626.7558
colombia,bancolombia,2019-01-15,17075103.564
colombia,bancolombia,2019-01-16,17075103.564
colombia,bancolombia,2019-01-17,17207626.7558
colombia,bancolombia,2019-01-18,17340149.9477
colombia,bancolombia,2019-01-21,17442090.8645
colombia,bancolombia,2019-01-22,17401314.4978
colombia,bancolombia,2019-01-23,17329955.856
colombia,bancolombia,2019-01-24,17248403.1226
colombia,bancolombia,2019-01-25,17136268.1141
colombia,bancolombia,2019-01-28,16962968.5555
colombia,bancolombia,2019-01-29,17105685.839
colombia,bancolombia,2019-01-30,17156656.2974
colombia,bancolombia,2019-01-31,16993550.8306
colombia,bancolombia,2019-02-01,17431896.7728
colombia,bancolombia,2019-02-04,17941601.3568
colombia,bancolombia,2019-02-05,18227035.9238
colombia,bancolombia,2019-02-06,18196453.6488
colombia,bancolombia,2019-02-07,17890630.8984
colombia,bancolombia,2019-02-08,17972183.6318
colombia,bancolombia,2019-02-11,17829466.3483
colombia,bancolombia,2019-02-12,17635778.6064
colombia,bancolombia,2019-02-13,17574614.0563
colombia,bancolombia,2019-02-14,17584808.148
colombia,bancolombia,2019-02-15,17737719.5232
colombia,bancolombia,2019-02-18,17452284.9562
colombia,bancolombia,2019-02-19,17482867.2312
colombia,bancolombia,2019-02-20,17595002.2397
colombia,bancolombia,2019-02-21,17727525.4315
colombia,bancolombia,2019-02-22,18094512.732
colombia,bancolombia,2019-02-25,18339170.9323
colombia,bancolombia,2019-02-26,18318782.749
colombia,bancolombia,2019-02-27,18298394.5656
colombia,bancolombia,2019-02-28,18339170.9323
colombia,bancolombia,2019-03-01,18247424.1072
colombia,bancolombia,2019-03-04,18247424.1072
colombia,bancolombia,2019-03-05,18736740.5078
colombia,bancolombia,2019-03-06,18777516.8746
colombia,bancolombia,2019-03-07,18828487.333
colombia,bancolombia,2019-03-08,18420723.6658
colombia,bancolombia,2019-03-11,18879457.7914
colombia,bancolombia,2019-03-12,18859069.608
colombia,bancolombia,2019-03-13,19368774.192
colombia,bancolombia,2019-03-14,19878478.776
colombia,bancolombia,2019-03-15,19960031.5094
colombia,bancolombia,2019-03-18,19888672.8677
colombia,bancolombia,2019-03-19,20184301.5264
colombia,bancolombia,2019-03-20,20592065.1936
colombia,bancolombia,2019-03-21,21050799.3192
colombia,bancolombia,2019-03-22,20184301.5264
colombia,bancolombia,2019-03-26,20337212.9016
colombia,bancolombia,2019-03-27,19786731.9509
colombia,bancolombia,2019-03-28,19633820.5757
colombia,bancolombia,2019-03-29,20184301.5264
colombia,bancolombia,2019-04-01,19745955.5842
colombia,bancolombia,2019-04-02,19776537.8592
colombia,bancolombia,2019-04-03,19949837.4178
colombia,bancolombia,2019-04-04,20418765.635
colombia,bancolombia,2019-04-05,20836723.3939
colombia,bancolombia,2019-04-08,21111963.8693
colombia,bancolombia,2019-04-09,21091575.6859
colombia,bancolombia,2019-04-10,21101769.7776
colombia,bancolombia,2019-04-11,20999828.8608
colombia,bancolombia,2019-04-12,20938664.3107
colombia,bancolombia,2019-04-15,19990613.7845
colombia,bancolombia,2019-04-16,20377989.2683
colombia,bancolombia,2019-04-17,20938664.3107
colombia,bancolombia,2019-04-22,20938664.3107
colombia,bancolombia,2019-04-23,20857111.5773
colombia,bancolombia,2019-04-24,20999828.8608
colombia,bancolombia,2019-04-25,20938664.3107
colombia,bancolombia,2019-04-26,20826529.3022
colombia,bancolombia,2019-04-29,20500318.3685
colombia,bancolombia,2019-04-30,20082360.6096
colombia,bancolombia,2019-05-02,19745955.5842
colombia,bancolombia,2019-05-03,19287221.4586
colombia,bancolombia,2019-05-06,19389162.3754
colombia,bancolombia,2019-05-07,19491103.2922
colombia,bancolombia,2019-05-08,19684791.0341
colombia,bancolombia,2019-05-09,19623626.484
colombia,bancolombia,2019-05-10,19980419.6928
colombia,bancolombia,2019-05-13,19287221.4586
colombia,bancolombia,2019-05-14,19205668.7251
colombia,bancolombia,2019-05-15,19124115.9917
colombia,bancolombia,2019-05-16,18665381.8661
colombia,bancolombia,2019-05-17,18512470.4909
colombia,bancolombia,2019-05-20,18359559.1157
colombia,bancolombia,2019-05-21,18502276.3992
colombia,bancolombia,2019-05-22,18369753.2074
colombia,bancolombia,2019-05-23,18481888.2158
colombia,bancolombia,2019-05-24,18481888.2158
colombia,bancolombia,2019-05-27,18104706.8237
colombia,bancolombia,2019-05-28,18145483.1904
colombia,bancolombia,2019-05-29,18787710.9662
colombia,bancolombia,2019-05-30,19042563.2582
colombia,bancolombia,2019-05-31,19062951.4416
colombia,bancolombia,2019-06-04,19613432.3923
colombia,bancolombia,2019-06-05,19022175.0749
colombia,bancolombia,2019-06-06,19277027.3669
colombia,bancolombia,2019-06-07,19368774.192
colombia,bancolombia,2019-06-10,19266833.2752
colombia,bancolombia,2019-06-11,20337212.9016
colombia,bancolombia,2019-06-12,19470715.1088
colombia,bancolombia,2019-06-13,19470715.1088
colombia,bancolombia,2019-06-14,19450326.9254
colombia,bancolombia,2019-06-17,19011980.9832
colombia,bancolombia,2019-06-18,19460521.0171
colombia,bancolombia,2019-06-19,19705179.2174
colombia,bancolombia,2019-06-20,19796926.0426
colombia,bancolombia,2019-06-21,19674596.9424
colombia,bancolombia,2019-06-25,19735761.4925
colombia,bancolombia,2019-06-26,19623626.484
colombia,bancolombia,2019-06-27,19684791.0341
colombia,bancolombia,2019-06-28,19694985.1258
colombia,bancolombia,2019-07-02,19623626.484
colombia,bancolombia,2019-07-03,19796926.0426
colombia,bancolombia,2019-07-04,19552267.8422
colombia,bancolombia,2019-07-05,19664402.8507
colombia,bancolombia,2019-07-08,19694985.1258
colombia,bancolombia,2019-07-09,19766343.7675
colombia,bancolombia,2019-07-10,19776537.8592
colombia,bancolombia,2019-07-11,19878478.776
colombia,bancolombia,2019-07-12,20082360.6096
colombia,bancolombia,2019-07-15,20082360.6096
colombia,bancolombia,2019-07-16,20367795.1766
colombia,bancolombia,2019-07-17,20265854.2598
colombia,bancolombia,2019-07-18,19745955.5842
colombia,bancolombia,2019-07-19,20133331.068
colombia,bancolombia,2019-07-22,19919255.1427
colombia,bancolombia,2019-07-23,20265854.2598
colombia,bancolombia,2019-07-24,20031390.1512
colombia,bancolombia,2019-07-25,19878478.776
colombia,bancolombia,2019-07-26,19939643.3261
colombia,bancolombia,2019-07-29,19827508.3176
colombia,bancolombia,2019-07-30,19817314.2259
colombia,bancolombia,2019-07-31,20031390.1512
colombia,bancolombia,2019-08-01,19317803.7336
colombia,bancolombia,2019-08-02,19776537.8592
colombia,bancolombia,2019-08-05,19185280.5418
colombia,bancolombia,2019-08-06,19725567.4008
colombia,bancolombia,2019-08-08,20143525.1597
colombia,bancolombia,2019-08-09,20286242.4432
colombia,bancolombia,2019-08-12,20214883.8014
colombia,bancolombia,2019-08-13,20724588.3854
colombia,bancolombia,2019-08-14,20143525.1597
colombia,bancolombia,2019-08-15,20388183.36
colombia,bancolombia,2019-08-16,20694006.1104
colombia,bancolombia,2019-08-20,20490124.2768
colombia,bancolombia,2019-08-21,20041584.2429
colombia,bancolombia,2019-08-22,19837702.4093
colombia,bancolombia,2019-08-23,19572656.0256
colombia,bancolombia,2019-08-26,20133331.068
colombia,bancolombia,2019-08-27,19776537.8592
colombia,bancolombia,2019-08-28,20041584.2429
colombia,bancolombia,2019-08-29,19960031.5094
colombia,bancolombia,2019-08-30,20174107.4347
colombia,bancolombia,2019-09-02,20011001.9678
colombia,bancolombia,2019-09-03,20072166.5179
colombia,bancolombia,2019-09-04,20133331.068
colombia,bancolombia,2019-09-05,19674596.9424
colombia,bancolombia,2019-09-06,19786731.9509
colombia,bancolombia,2019-09-09,19715373.3091
colombia,bancolombia,2019-09-10,19776537.8592
colombia,bancolombia,2019-09-11,20327018.8099
colombia,bancolombia,2019-09-12,20245466.0765
colombia,bancolombia,2019-09-13,20316824.7182
colombia,bancolombia,2019-09-16,20337212.9016
colombia,bancolombia,2019-09-17,20388183.36
colombia,bancolombia,2019-09-18,20388183.36
colombia,bancolombia,2019-09-19,20377989.2683
colombia,bancolombia,2019-09-20,19980419.6928
colombia,bancolombia,2019-09-23,20449347.9101
colombia,bancolombia,2019-09-24,20530900.6435
colombia,bancolombia,2019-09-25,20592065.1936
colombia,bancolombia,2019-09-26,20530900.6435
colombia,bancolombia,2019-09-27,19878478.776
colombia,bancolombia,2019-09-30,20133331.068
colombia,bancolombia,2019-10-01,20388183.36
colombia,bancolombia,2019-10-02,20133331.068
colombia,bancolombia,2019-10-03,20469736.0934
colombia,bancolombia,2019-10-04,20541094.7352
colombia,bancolombia,2019-10-07,20571677.0102
colombia,bancolombia,2019-10-08,20490124.2768
colombia,bancolombia,2019-10-09,20194495.6181
colombia,bancolombia,2019-10-10,20133331.068
colombia,bancolombia,2019-10-11,20388183.36
colombia,bancolombia,2019-10-15,20061972.4262
colombia,bancolombia,2019-10-16,20337212.9016
colombia,bancolombia,2019-10-17,20439153.8184
colombia,bancolombia,2019-10-18,20377989.2683
colombia,bancolombia,2019-10-21,21407592.528
colombia,bancolombia,2019-10-22,21142546.1443
colombia,bancolombia,2019-10-23,21101769.7776
colombia,bancolombia,2019-10-24,20857111.5773
colombia,bancolombia,2019-10-25,21152740.236
colombia,bancolombia,2019-10-28,20704200.2021
colombia,bancolombia,2019-10-29,21050799.3192
colombia,bancolombia,2019-10-30,20867305.669
colombia,bancolombia,2019-10-31,20948858.4024
colombia,bancolombia,2019-11-01,21387204.3446
colombia,bancolombia,2019-11-05,22325060.7792
colombia,bancolombia,2019-11-06,22314866.6875
colombia,bancolombia,2019-11-07,22121178.9456
colombia,bancolombia,2019-11-08,21743997.5534
colombia,bancolombia,2019-11-12,21397398.4363
colombia,bancolombia,2019-11-13,21285263.4278
colombia,bancolombia,2019-11-14,21285263.4278
colombia,bancolombia,2019-11-15,21264875.2445
colombia,bancolombia,2019-11-18,21407592.528
colombia,bancolombia,2019-11-19,21387204.3446
colombia,bancolombia,2019-11-20,21387204.3446
colombia,bancolombia,2019-11-21,21529921.6282
colombia,bancolombia,2019-11-22,21611474.3616
colombia,bancolombia,2019-11-25,21050799.3192
colombia,bancolombia,2019-11-26,21397398.4363
colombia,bancolombia,2019-11-27,20948858.4024
colombia,bancolombia,2019-11-28,21203710.6944
colombia,bancolombia,2019-11-29,21244487.0611
colombia,bancolombia,2019-12-02,21203710.6944
colombia,bancolombia,2019-12-03,21142546.1443
colombia,bancolombia,2019-12-04,21611474.3616
colombia,bancolombia,2019-12-05,21407592.528
colombia,bancolombia,2019-12-06,21407592.528
colombia,bancolombia,2019-12-09,21407592.528
colombia,bancolombia,2019-12-10,21050799.3192
colombia,bancolombia,2019-12-11,21254681.1528
colombia,bancolombia,2019-12-12,21509533.4448
colombia,bancolombia,2019-12-13,21662444.82
colombia,bancolombia,2019-12-16,21896908.9286
colombia,bancolombia,2019-12-17,22070208.4872
colombia,bancolombia,2019-12-18,22161955.3123
colombia,bancolombia,2019-12-19,22579913.0712
colombia,bancolombia,2019-12-20,22284284.4125
colombia,bancolombia,2019-12-23,22855153.5466
colombia,bancolombia,2019-12-24,23191558.572
colombia,bancolombia,2019-12-26,22274090.3208
colombia,bancolombia,2019-12-27,22325060.7792
colombia,bancolombia,2019-12-30,22427001.696
colombia,bancolombia,2020-01-02,22620689.4379
colombia,bancolombia,2020-01-03,22579913.0712
colombia,bancolombia,2020-01-07,22325060.7792
colombia,bancolombia,2020-01-08,22151761.2206
colombia,bancolombia,2020-01-09,22070208.4872
colombia,bancolombia,2020-01-10,21733803.4618
colombia,bancolombia,2020-01-13,21682833.0034
colombia,bancolombia,2020-01-14,21917297.112
colombia,bancolombia,2020-01-15,21907103.0203
colombia,bancolombia,2020-01-16,22365837.1459
colombia,bancolombia,2020-01-17,22732824.4464
colombia,bancolombia,2020-01-20,22722630.3547
colombia,bancolombia,2020-01-21,22437195.7877
colombia,bancolombia,2020-01-22,22263896.2291
colombia,bancolombia,2020-01-23,22284284.4125
colombia,bancolombia,2020-01-24,22376031.2376
colombia,bancolombia,2020-01-27,21774579.8285
colombia,bancolombia,2020-01-28,21713415.2784
colombia,bancolombia,2020-01-29,21784773.9202
colombia,bancolombia,2020-01-30,21774579.8285
colombia,bancolombia,2020-01-31,21631862.545
colombia,bancolombia,2020-02-03,21601280.2699
colombia,bancolombia,2020-02-04,22039626.2122
colombia,bancolombia,2020-02-05,22314866.6875
colombia,bancolombia,2020-02-06,22528942.6128
colombia,bancolombia,2020-02-07,22569718.9795
colombia,bancolombia,2020-02-10,22671659.8963
colombia,bancolombia,2020-02-11,22406613.5126
colombia,bancolombia,2020-02-12,22416807.6043
colombia,bancolombia,2020-02-13,22671659.8963
colombia,bancolombia,2020-02-14,22783794.9048
colombia,bancolombia,2020-02-17,22661465.8046
colombia,bancolombia,2020-02-18,22376031.2376
colombia,bancolombia,2020-02-19,22518748.5211
colombia,bancolombia,2020-02-20,22274090.3208
colombia,bancolombia,2020-02-21,20653229.7437
colombia,bancolombia,2020-02-24,20428959.7267
colombia,bancolombia,2020-02-25,20561482.9186
colombia,bancolombia,2020-02-26,20225077.8931
colombia,bancolombia,2020-02-27,20133331.068
colombia,bancolombia,2020-02-28,19878478.776
colombia,bancolombia,2020-03-02,19429938.7421
colombia,bancolombia,2020-03-03,18726546.4162
colombia,bancolombia,2020-03-04,19113921.9
colombia,bancolombia,2020-03-05,19134310.0834
colombia,bancolombia,2020-03-06,18706158.2328
colombia,bancolombia,2020-03-09,16014918.0293
colombia,bancolombia,2020-03-10,16167829.4045
colombia,bancolombia,2020-03-11,15240167.0616
colombia,bancolombia,2020-03-12,14577551.1024
colombia,bancolombia,2020-03-13,14577551.1024
colombia,bancolombia,2020-03-16,11978057.724
colombia,bancolombia,2020-03-17,11662040.8819
colombia,bancolombia,2020-03-18,10194091.68
colombia,bancolombia,2020-03-19,10397973.5136
colombia,bancolombia,2020-03-20,9531475.7208
colombia,bancolombia,2020-03-24,9021771.1368
colombia,bancolombia,2020-03-25,11213500.848
colombia,bancolombia,2020-03-26,13150378.2672
colombia,bancolombia,2020-03-27,13099407.8088
colombia,bancolombia,2020-03-30,12763002.7834
colombia,bancolombia,2020-03-31,12283880.4744
colombia,bancolombia,2020-04-01,12232910.016
colombia,bancolombia,2020-04-02,12691644.1416
colombia,bancolombia,2020-04-03,12130969.0992
colombia,bancolombia,2020-04-06,12946496.4336
colombia,bancolombia,2020-04-07,13252319.184
colombia,bancolombia,2020-04-08,13303289.6424
colombia,bancolombia,2020-04-13,13741635.5846
colombia,bancolombia,2020-04-14,13619306.4845
colombia,bancolombia,2020-04-15,13660082.8512
colombia,bancolombia,2020-04-16,13700859.2179
colombia,bancolombia,2020-04-17,13507171.476
colombia,bancolombia,2020-04-20,13354260.1008
colombia,bancolombia,2020-04-21,12640673.6832
colombia,bancolombia,2020-04-22,12630479.5915
colombia,bancolombia,2020-04-23,12487762.308
colombia,bancolombia,2020-04-24,11743593.6154
colombia,bancolombia,2020-04-27,12487762.308
colombia,bancolombia,2020-04-28,12997466.892
colombia,bancolombia,2020-04-29,12752808.6917
colombia,bancolombia,2020-04-30,12905720.0669
colombia,bancolombia,2020-05-04,12304268.6578
colombia,bancolombia,2020-05-05,12090192.7325
colombia,bancolombia,2020-05-06,11723205.432
colombia,bancolombia,2020-05-07,12355239.1162
colombia,bancolombia,2020-05-08,12232910.016
colombia,bancolombia,2020-05-11,12029028.1824
colombia,bancolombia,2020-05-12,11978057.724
colombia,bancolombia,2020-05-13,11346024.0398
colombia,bancolombia,2020-05-14,10948454.4643
colombia,bancolombia,2020-05-15,10968842.6477
colombia,bancolombia,2020-05-18,11621264.5152
colombia,bancolombia,2020-05-19,11019813.1061
colombia,bancolombia,2020-05-20,10968842.6477
colombia,bancolombia,2020-05-21,11060589.4728
colombia,bancolombia,2020-05-22,10815931.2725
colombia,bancolombia,2020-05-26,11366412.2232
colombia,bancolombia,2020-05-27,12222715.9243
colombia,bancolombia,2020-05-28,12079998.6408
colombia,bancolombia,2020-05-29,12742614.6
colombia,bancolombia,2020-06-01,12752808.6917
colombia,bancolombia,2020-06-02,12742614.6
colombia,bancolombia,2020-06-03,13762023.768
colombia,bancolombia,2020-06-04,13925129.2349
colombia,bancolombia,2020-06-05,14577551.1024
colombia,bancolombia,2020-06-08,15087255.6864
colombia,bancolombia,2020-06-09,14781432.936
colombia,bancolombia,2020-06-10,13405230.5592
colombia,bancolombia,2020-06-11,12854749.6085
colombia,bancolombia,2020-06-12,13099407.8088
colombia,bancolombia,2020-06-16,12997466.892
colombia,bancolombia,2020-06-17,12926108.2502
colombia,bancolombia,2020-06-18,13048437.3504
colombia,bancolombia,2020-06-19,13955711.5099
colombia,bancolombia,2020-06-23,12956690.5253
colombia,bancolombia,2020-06-24,12742614.6
colombia,bancolombia,2020-06-25,12610091.4082
colombia,bancolombia,2020-06-26,12141163.1909
colombia,bancolombia,2020-06-30,12232910.016
colombia,bancolombia,2020-07-01,12232910.016
colombia,bancolombia,2020-07-02,12579509.1331
colombia,bancolombia,2020-07-03,12722226.4166
colombia,bancolombia,2020-07-06,12457180.033
colombia,bancolombia,2020-07-07,12294074.5661
colombia,bancolombia,2020-07-08,12997466.892
colombia,bancolombia,2020-07-09,12640673.6832
colombia,bancolombia,2020-07-10,12732420.5083
colombia,bancolombia,2020-07-13,12579509.1331
colombia,bancolombia,2020-07-14,12294074.5661
colombia,bancolombia,2020-07-15,12161551.3742
colombia,bancolombia,2020-07-16,12396015.4829
colombia,bancolombia,2020-07-17,12457180.033
colombia,bancolombia,2020-07-21,12518344.583
colombia,bancolombia,2020-07-22,12691644.1416
colombia,bancolombia,2020-07-23,12987272.8003
colombia,bancolombia,2020-07-24,12987272.8003
colombia,bancolombia,2020-07-27,13609112.3928
colombia,bancolombia,2020-07-28,13425618.7426
colombia,bancolombia,2020-07-29,13507171.476
colombia,bancolombia,2020-07-30,13456201.0176
colombia,bancolombia,2020-07-31,13660082.8512
colombia,bancolombia,2020-08-03,13058631.4421
colombia,bancolombia,2020-08-04,12742614.6
colombia,bancolombia,2020-08-05,12915914.1586
colombia,bancolombia,2020-08-06,12742614.6
colombia,bancolombia,2020-08-10,12946496.4336
colombia,bancolombia,2020-08-11,12630479.5915
colombia,bancolombia,2020-08-12,12732420.5083
colombia,bancolombia,2020-08-13,12997466.892
colombia,bancolombia,2020-08-14,12813973.2418
colombia,bancolombia,2020-08-18,13007660.9837
colombia,bancolombia,2020-08-19,12793585.0584
colombia,bancolombia,2020-08-20,13007660.9837
colombia,bancolombia,2020-08-21,13058631.4421
colombia,bancolombia,2020-08-24,13354260.1008
colombia,bancolombia,2020-08-25,13660082.8512
colombia,bancolombia,2020-08-26,13762023.768
colombia,bancolombia,2020-08-27,13619306.4845
colombia,bancolombia,2020-08-28,13609112.3928
colombia,bancolombia,2020-08-31,13252319.184
colombia,bancolombia,2020-09-01,13965905.6016
colombia,bancolombia,2020-09-02,14118816.9768
colombia,bancolombia,2020-09-03,13914935.1432
colombia,bancolombia,2020-09-04,13894546.9598
colombia,bancolombia,2020-09-07,13996487.8766
colombia,bancolombia,2020-09-08,13782411.9514
colombia,bancolombia,2020-09-09,13833382.4098
colombia,bancolombia,2020-09-10,13517365.5677
colombia,bancolombia,2020-09-11,13333871.9174
colombia,bancolombia,2020-09-14,13048437.3504
colombia,bancolombia,2020-09-15,12915914.1586
colombia,bancolombia,2020-09-16,12926108.2502
colombia,bancolombia,2020-09-17,13099407.8088
colombia,bancolombia,2020-09-18,13354260.1008
colombia,bancolombia,2020-09-21,12915914.1586
colombia,bancolombia,2020-09-22,12640673.6832
colombia,bancolombia,2020-09-23,12742614.6
colombia,bancolombia,2020-09-24,12732420.5083
colombia,bancolombia,2020-09-25,12844555.5168
colombia,bancolombia,2020-09-28,12691644.1416
colombia,bancolombia,2020-09-29,12467374.1246
colombia,bancolombia,2020-09-30,12375627.2995
colombia,bancolombia,2020-10-01,12314462.7494
colombia,bancolombia,2020-10-02,12487762.308
colombia,bancolombia,2020-10-05,12319559.7953
colombia,bancolombia,2020-10-06,12803779.1501
colombia,bancolombia,2020-10-07,12569315.0414
colombia,bancolombia,2020-10-08,12977078.7086
colombia,bancolombia,2020-10-09,13242125.0923
colombia,bancolombia,2020-10-13,12538732.7664
colombia,bancolombia,2020-10-14,12732420.5083
colombia,bancolombia,2020-10-15,12385821.3912
colombia,bancolombia,2020-10-16,12401112.5287
colombia,bancolombia,2020-10-19,12829264.3793
colombia,bancolombia,2020-10-20,13150378.2672
colombia,bancolombia,2020-10-21,13079019.6254
colombia,bancolombia,2020-10-22,12788488.0126
colombia,bancolombia,2020-10-23,12737517.5542
colombia,bancolombia,2020-10-26,13201348.7256
colombia,bancolombia,2020-10-27,13094310.763
colombia,bancolombia,2020-10-28,12248201.1535
colombia,bancolombia,2020-10-29,12222715.9243
colombia,bancolombia,2020-10-30,12487762.308
colombia,bancolombia,2020-11-03,12640673.6832
colombia,bancolombia,2020-11-04,12737517.5542
colombia,bancolombia,2020-11-05,12834361.4251
colombia,bancolombia,2020-11-06,12997466.892
colombia,bancolombia,2020-11-09,13649888.7595
colombia,bancolombia,2020-11-10,13507171.476
colombia,bancolombia,2020-11-11,13649888.7595
colombia,bancolombia,2020-11-12,13221736.909
colombia,bancolombia,2020-11-13,13420521.6967
colombia,bancolombia,2020-11-17,13634597.622
colombia,bancolombia,2020-11-18,13762023.768
colombia,bancolombia,2020-11-19,13812994.2264
colombia,bancolombia,2020-11-20,14108622.8851
colombia,bancolombia,2020-11-23,14373669.2688
colombia,bancolombia,2020-11-24,14424639.7272
colombia,bancolombia,2020-11-25,14118816.9768
colombia,bancolombia,2020-11-26,14062749.4726
colombia,bancolombia,2020-11-27,14016876.06
colombia,bancolombia,2020-11-30,14108622.8851
colombia,bancolombia,2020-12-01,14373669.2688
colombia,bancolombia,2020-12-02,14679492.0192
colombia,bancolombia,2020-12-03,14985314.7696
colombia,bancolombia,2020-12-04,15596960.2704
colombia,bancolombia,2020-12-07,15647930.7288
colombia,bancolombia,2020-12-09,16463458.0632
colombia,bancolombia,2020-12-10,16167829.4045
colombia,bancolombia,2020-12-11,16310546.688
colombia,bancolombia,2020-12-14,16667339.8968
colombia,bancolombia,2020-12-15,17192335.6183
colombia,bancolombia,2020-12-16,17335052.9018
colombia,bancolombia,2020-12-17,17941601.3568
colombia,bancolombia,2020-12-18,17788689.9816
colombia,bancolombia,2020-12-21,16850833.547
colombia,bancolombia,2020-12-22,17518546.5521
colombia,bancolombia,2020-12-23,17350344.0394
colombia,bancolombia,2020-12-24,17661263.8356
colombia,bancolombia,2020-12-28,17584808.148
colombia,bancolombia,2020-12-29,17778495.8899
colombia,bancolombia,2020-12-30,17829466.3483
colombia,bancolombia,2021-01-04,17075103.564
colombia,bancolombia,2021-01-05,18181162.5113
colombia,bancolombia,2021-01-06,17380926.3144
colombia,bancolombia,2021-01-07,17487964.277
colombia,bancolombia,2021-01-08,17890630.8984
colombia,bancolombia,2021-01-12,17839660.44
colombia,bancolombia,2021-01-13,17625584.5147
colombia,bancolombia,2021-01-14,17523643.5979
colombia,bancolombia,2021-01-15,16871221.7304
colombia,bancolombia,2021-01-18,17049618.3348
colombia,bancolombia,2021-01-19,16748892.6302
colombia,bancolombia,2021-01-20,16519525.5674
colombia,bancolombia,2021-01-21,16387002.3756
colombia,bancolombia,2021-01-22,15882394.8374
colombia,bancolombia,2021-01-25,15535795.7203
colombia,bancolombia,2021-01-26,15698901.1872
colombia,bancolombia,2021-01-27,15291137.52
colombia,bancolombia,2021-01-28,15240167.0616
colombia,bancolombia,2021-01-29,15596960.2704
colombia,bancolombia,2021-02-01,15907880.0666
colombia,bancolombia,2021-02-02,16111761.9002
colombia,bancolombia,2021-02-03,15800842.104
colombia,bancolombia,2021-02-04,15800842.104
colombia,bancolombia,2021-02-05,16055694.396
colombia,bancolombia,2021-02-08,16132150.0836
colombia,bancolombia,2021-02-09,16152538.267
colombia,bancolombia,2021-02-10,16060791.4418
colombia,bancolombia,2021-02-11,15831424.379
colombia,bancolombia,2021-02-12,15724386.4164
colombia,bancolombia,2021-02-15,15749871.6456
colombia,bancolombia,2021-02-16,15749871.6456
colombia,bancolombia,2021-02-17,15902783.0208
colombia,bancolombia,2021-02-18,15744774.5998
colombia,bancolombia,2021-02-19,15851812.5624
colombia,bancolombia,2021-02-22,15800842.104
colombia,bancolombia,2021-02-23,15826327.3332
colombia,bancolombia,2021-02-24,16208605.7712
colombia,bancolombia,2021-02-25,15291137.52
colombia,bancolombia,2021-02-26,16004723.9376
colombia,bancolombia,2021-03-01,15653027.7746
colombia,bancolombia,2021-03-02,15520504.5828
colombia,bancolombia,2021-03-03,15444048.8952
colombia,bancolombia,2021-03-04,15484825.2619
colombia,bancolombia,2021-03-05,15291137.52
colombia,bancolombia,2021-03-08,15163711.374
colombia,bancolombia,2021-03-09,15377787.2993
colombia,bancolombia,2021-03-10,15362496.1618
colombia,bancolombia,2021-03-11,15372690.2534
colombia,bancolombia,2021-03-12,15556183.9037
colombia,bancolombia,2021-03-15,15495019.3536
colombia,bancolombia,2021-03-16,15311525.7034
colombia,bancolombia,2021-03-17,15138226.1448
colombia,bancolombia,2021-03-18,15189196.6032
colombia,bancolombia,2021-03-19,14883373.8528
colombia,bancolombia,2021-03-23,15194293.649
colombia,bancolombia,2021-03-24,15291137.52
colombia,bancolombia,2021-03-25,15444048.8952
colombia,bancolombia,2021-03-26,15036285.228
colombia,bancolombia,2021-03-29,14883373.8528
colombia,bancolombia,2021-03-30,14796724.0735
colombia,bancolombia,2021-03-31,14654006.79
colombia,bancolombia,2021-04-05,14964926.5862
colombia,bancolombia,2021-04-06,15000605.9071
colombia,bancolombia,2021-04-07,15291137.52
colombia,bancolombia,2021-04-08,15444048.8952
colombia,bancolombia,2021-04-09,15647930.7288
colombia,bancolombia,2021-04-12,15255458.1991
colombia,bancolombia,2021-04-13,14970023.6321
colombia,bancolombia,2021-04-14,15229972.9699
colombia,bancolombia,2021-04-15,15724386.4164
colombia,bancolombia,2021-04-16,15464437.0786
colombia,bancolombia,2021-04-19,15321719.795
colombia,bancolombia,2021-04-20,15444048.8952
colombia,bancolombia,2021-04-21,15189196.6032
colombia,bancolombia,2021-04-22,14964926.5862
colombia,bancolombia,2021-04-23,14679492.0192
colombia,bancolombia,2021-04-26,14776335.8902
colombia,bancolombia,2021-04-27,15046479.3197
colombia,bancolombia,2021-04-28,14781432.936
colombia,bancolombia,2021-04-29,14526580.644
colombia,bancolombia,2021-04-30,14230951.9853
colombia,bancolombia,2021-05-03,13965905.6016
colombia,bancolombia,2021-05-04,13812994.2264
colombia,bancolombia,2021-05-05,14098428.7934
colombia,bancolombia,2021-05-06,14536774.7357
colombia,bancolombia,2021-05-07,14750850.661
colombia,bancolombia,2021-05-10,15046479.3197
colombia,bancolombia,2021-05-11,14750850.661
colombia,bancolombia,2021-05-12,14608133.3774
colombia,bancolombia,2021-05-13,14225854.9394
colombia,bancolombia,2021-05-14,14761044.7526
colombia,bancolombia,2021-05-18,14475610.1856
colombia,bancolombia,2021-05-19,14399154.498
colombia,bancolombia,2021-05-20,14210563.8019
colombia,bancolombia,2021-05-21,14123914.0226
colombia,bancolombia,2021-05-24,13965905.6016
colombia,bancolombia,2021-05-25,14011779.0142
colombia,bancolombia,2021-05-26,13863964.6848
colombia,bancolombia,2021-05-27,14016876.06
colombia,bancolombia,2021-05-28,13914935.1432
colombia,bancolombia,2021-05-31,13762023.768
colombia,bancolombia,2021-06-01,14123914.0226
colombia,bancolombia,2021-06-02,14169787.4352
colombia,bancolombia,2021-06-03,14445027.9106
colombia,bancolombia,2021-06-04,14169787.4352
colombia,bancolombia,2021-06-08,14368572.223
colombia,bancolombia,2021-06-09,14445027.9106
colombia,bancolombia,2021-06-10,14322698.8104
colombia,bancolombia,2021-06-11,14434833.8189
colombia,bancolombia,2021-06-15,14118816.9768
colombia,bancolombia,2021-06-16,14093331.7476
colombia,bancolombia,2021-06-17,14016876.06
colombia,bancolombia,2021-06-18,14169787.4352
colombia,bancolombia,2021-06-21,14011779.0142
colombia,bancolombia,2021-06-22,13838479.4556
colombia,bancolombia,2021-06-23,13705956.2638
colombia,bancolombia,2021-06-24,13965905.6016
colombia,bancolombia,2021-06-25,14108622.8851
colombia,bancolombia,2021-06-28,13787508.9972
colombia,bancolombia,2021-06-29,13435812.8342
colombia,bancolombia,2021-06-30,13456201.0176
colombia,bancolombia,2021-07-01,13293095.5507
colombia,bancolombia,2021-07-02,14016876.06
colombia,bancolombia,2021-07-06,13767120.8138
colombia,bancolombia,2021-07-07,14067846.5184
colombia,bancolombia,2021-07-08,14072943.5642
colombia,bancolombia,2021-07-09,14322698.8104
colombia,bancolombia,2021-07-12,14363475.1771
colombia,bancolombia,2021-07-13,14307407.6729
colombia,bancolombia,2021-07-14,14322698.8104
colombia,bancolombia,2021-07-15,14271728.352
colombia,bancolombia,2021-07-16,14266631.3062
colombia,bancolombia,2021-07-19,13863964.6848
colombia,bancolombia,2021-07-21,14179981.5269
colombia,bancolombia,2021-07-22,14322698.8104
colombia,bancolombia,2021-07-23,14409348.5897
colombia,bancolombia,2021-07-26,14424639.7272
colombia,bancolombia,2021-07-27,14281922.4437
colombia,bancolombia,2021-07-28,14169787.4352
colombia,bancolombia,2021-07-29,14129011.0685
colombia,bancolombia,2021-07-30,13812994.2264
colombia,bancolombia,2021-08-02,14118816.9768
colombia,bancolombia,2021-08-03,14088234.7018
colombia,bancolombia,2021-08-04,14368572.223
colombia,bancolombia,2021-08-05,14032167.1975
colombia,bancolombia,2021-08-06,13889449.914
colombia,bancolombia,2021-08-09,14027070.1517
colombia,bancolombia,2021-08-10,14169787.4352
colombia,bancolombia,2021-08-11,14373669.2688
colombia,bancolombia,2021-08-12,14776335.8902
colombia,bancolombia,2021-08-13,15092352.7322
colombia,bancolombia,2021-08-17,15545989.812
colombia,bancolombia,2021-08-18,15994529.8459
colombia,bancolombia,2021-08-19,16106664.8544
colombia,bancolombia,2021-08-20,15938462.3417
colombia,bancolombia,2021-08-23,16045500.3043
colombia,bancolombia,2021-08-24,16004723.9376
colombia,bancolombia,2021-08-25,15969044.6167
colombia,bancolombia,2021-08-26,15698901.1872
colombia,bancolombia,2021-08-27,15902783.0208
colombia,bancolombia,2021-08-30,15969044.6167
colombia,bancolombia,2021-08-31,15836521.4249
colombia,bancolombia,2021-09-01,15953753.4792
colombia,bancolombia,2021-09-02,15902783.0208
colombia,bancolombia,2021-09-03,16004723.9376
colombia,bancolombia,2021-09-06,15933365.2958
colombia,bancolombia,2021-09-07,15800842.104
colombia,bancolombia,2021-09-08,15811036.1957
colombia,bancolombia,2021-09-09,15999626.8918
colombia,bancolombia,2021-09-10,15948656.4334
colombia,bancolombia,2021-09-13,15698901.1872
colombia,bancolombia,2021-09-14,15800842.104
colombia,bancolombia,2021-09-15,15902783.0208
colombia,bancolombia,2021-09-16,15892588.9291
colombia,bancolombia,2021-09-17,15953753.4792
colombia,bancolombia,2021-09-20,15749871.6456
colombia,bancolombia,2021-09-21,15581669.1329
colombia,bancolombia,2021-09-22,15545989.812
colombia,bancolombia,2021-09-23,15617348.4538
colombia,bancolombia,2021-09-24,15739677.5539
colombia,bancolombia,2021-09-27,16499137.3841
colombia,bancolombia,2021-09-28,16524622.6133
colombia,bancolombia,2021-09-29,16657145.8051
colombia,bancolombia,2021-09-30,16799863.0886
colombia,bancolombia,2021-10-01,16820251.272
colombia,bancolombia,2021-10-04,16962968.5555
colombia,bancolombia,2021-10-05,16871221.7304
colombia,bancolombia,2021-10-06,16820251.272
colombia,bancolombia,2021-10-07,17064909.4723
colombia,bancolombia,2021-10-08,17024133.1056
colombia,bancolombia,2021-10-11,16988453.7847
colombia,bancolombia,2021-10-12,16575593.0717
colombia,bancolombia,2021-10-13,16911998.0971
colombia,bancolombia,2021-10-14,17523643.5979
colombia,bancolombia,2021-10-15,17615390.423
colombia,bancolombia,2021-10-19,17396217.4519
colombia,bancolombia,2021-10-20,17447187.9103
colombia,bancolombia,2021-10-21,17350344.0394
colombia,bancolombia,2021-10-22,17054715.3806
colombia,bancolombia,2021-10-25,17431896.7728
colombia,bancolombia,2021-10-26,17584808.148
colombia,bancolombia,2021-10-27,17559322.9188
colombia,bancolombia,2021-10-28,17579711.1022
colombia,bancolombia,2021-10-29,17166850.3891
colombia,bancolombia,2021-11-02,17329955.856
colombia,bancolombia,2021-11-03,17329955.856
colombia,bancolombia,2021-11-04,17024133.1056
colombia,bancolombia,2021-11-05,17054715.3806
colombia,bancolombia,2021-11-08,17064909.4723
colombia,bancolombia,2021-11-09,16759086.7219
colombia,bancolombia,2021-11-10,16417584.6506
colombia,bancolombia,2021-11-11,16412487.6048
colombia,bancolombia,2021-11-12,16392099.4214
colombia,bancolombia,2021-11-16,15851812.5624
colombia,bancolombia,2021-11-17,15596960.2704
colombia,bancolombia,2021-11-18,15749871.6456
colombia,bancolombia,2021-11-19,15291137.52
colombia,bancolombia,2021-11-22,15438951.8494
colombia,bancolombia,2021-11-23,15444048.8952
colombia,bancolombia,2021-11-24,15545989.812
colombia,bancolombia,2021-11-25,15571475.0412
colombia,bancolombia,2021-11-26,15316622.7492
colombia,bancolombia,2021-11-29,15495019.3536
colombia,bancolombia,2021-11-30,16499137.3841
colombia,bancolombia,2021-12-01,17584808.148
colombia,bancolombia,2021-12-02,18288200.4739
colombia,bancolombia,2021-12-03,17839660.44
colombia,bancolombia,2021-12-06,17589905.1938
colombia,bancolombia,2021-12-07,16463458.0632
colombia,bancolombia,2021-12-09,16616369.4384
colombia,bancolombia,2021-12-10,16422681.6965
colombia,bancolombia,2021-12-13,15749871.6456
colombia,bancolombia,2021-12-14,16060791.4418
colombia,bancolombia,2021-12-15,16611272.3926
colombia,bancolombia,2021-12-16,17329955.856
colombia,bancolombia,2021-12-17,17411508.5894
colombia,bancolombia,2021-12-20,17177044.4808
colombia,bancolombia,2021-12-21,16565398.98
colombia,bancolombia,2021-12-22,17166850.3891
colombia,bancolombia,2021-12-23,16820251.272
colombia,bancolombia,2021-12-24,17013939.0139
colombia,bancolombia,2021-12-27,16799863.0886
colombia,bancolombia,2021-12-28,16968065.6014
colombia,bancolombia,2021-12-29,17686749.0648
colombia,bancolombia,2021-12-30,17686749.0648
colombia,bancolombia,2022-01-03,17584808.148
colombia,bancolombia,2022-01-04,17758107.7066
colombia,bancolombia,2022-01-05,17329955.856
colombia,bancolombia,2022-01-06,17258597.2142
colombia,bancolombia,2022-01-07,17431896.7728
colombia,bancolombia,2022-01-11,17737719.5232
colombia,bancolombia,2022-01-12,18033348.1819
colombia,bancolombia,2022-01-13,19164892.3584
colombia,bancolombia,2022-01-14,18594023.2243
colombia,bancolombia,2022-01-17,19526782.613
colombia,bancolombia,2022-01-18,21433077.7572
colombia,bancolombia,2022-01-19,21509533.4448
colombia,bancolombia,2022-01-20,20541094.7352
colombia,bancolombia,2022-01-21,19802023.0884
colombia,bancolombia,2022-01-24,20388183.36
colombia,bancolombia,2022-01-25,20286242.4432
colombia,bancolombia,2022-01-26,19878478.776
colombia,bancolombia,2022-01-27,19929449.2344
colombia,bancolombia,2022-01-28,20189398.5722
colombia,bancolombia,2022-01-31,20133331.068
colombia,bancolombia,2022-02-01,19883575.8218
colombia,bancolombia,2022-02-02,19980419.6928
colombia,bancolombia,2022-02-03,19878478.776
colombia,bancolombia,2022-02-04,19873381.7302
colombia,bancolombia,2022-02-07,19827508.3176
colombia,bancolombia,2022-02-08,19282124.4127
colombia,bancolombia,2022-02-09,19353483.0545
colombia,bancolombia,2022-02-10,18543052.7659
colombia,bancolombia,2022-02-11,18706158.2328
colombia,bancolombia,2022-02-14,19113921.9
colombia,bancolombia,2022-02-15,19363677.1462
colombia,bancolombia,2022-02-16,19429938.7421
colombia,bancolombia,2022-02-17,19327997.8253
colombia,bancolombia,2022-02-18,18889651.883
colombia,bancolombia,2022-02-21,19006883.9374
colombia,bancolombia,2022-02-22,18808099.1496
colombia,bancolombia,2022-02-23,19659305.8049
colombia,bancolombia,2022-02-24,19873381.7302
colombia,bancolombia,2022-02-25,20000807.8762
colombia,bancolombia,2022-02-28,19898866.9594
colombia,bancolombia,2022-03-01,20332115.8558
colombia,bancolombia,2022-03-02,20311727.6724
colombia,bancolombia,2022-03-03,20383086.3142
colombia,bancolombia,2022-03-04,20388183.36
colombia,bancolombia,2022-03-07,20184301.5264
colombia,bancolombia,2022-03-08,19878478.776
colombia,bancolombia,2022-03-09,19919255.1427
colombia,bancolombia,2022-03-10,20031390.1512
colombia,bancolombia,2022-03-11,19970225.6011
colombia,bancolombia,2022-03-14,19526782.613
colombia,bancolombia,2022-03-15,19470715.1088
colombia,bancolombia,2022-03-16,19802023.0884
colombia,bancolombia,2022-03-17,19929449.2344
colombia,bancolombia,2022-03-18,20219980.8473
colombia,bancolombia,2022-03-22,20490124.2768
colombia,bancolombia,2022-03-23,21152740.236
colombia,bancolombia,2022-03-24,21356622.0696
colombia,bancolombia,2022-03-25,21529921.6282
colombia,bancolombia,2022-03-28,21560503.9032
colombia,bancolombia,2022-03-29,21591086.1782
colombia,bancolombia,2022-03-30,21305651.6112
colombia,bancolombia,2022-03-31,22110984.8539
colombia,bancolombia,2022-04-01,22228216.9082
colombia,bancolombia,2022-04-04,22121178.9456
colombia,bancolombia,2022-04-05,22325060.7792
colombia,bancolombia,2022-04-06,22110984.8539
colombia,bancolombia,2022-04-07,22325060.7792
colombia,bancolombia,2022-04-08,21687930.0492
colombia,bancolombia,2022-04-11,22325060.7792
colombia,bancolombia,2022-04-12,21810259.1494
colombia,bancolombia,2022-04-13,22274090.3208
colombia,bancolombia,2022-04-18,22044723.258
colombia,bancolombia,2022-04-19,21917297.112
colombia,bancolombia,2022-04-20,22681853.988
colombia,bancolombia,2022-04-21,21917297.112
colombia,bancolombia,2022-04-22,22070208.4872
colombia,bancolombia,2022-04-25,20897887.944
colombia,bancolombia,2022-04-26,20846917.4856
colombia,bancolombia,2022-04-27,21356622.0696
colombia,bancolombia,2022-04-28,21407592.528
colombia,bancolombia,2022-04-29,19786731.9509
colombia,bancolombia,2022-05-02,20974343.6316
colombia,bancolombia,2022-05-03,21402495.4822
colombia,bancolombia,2022-05-04,21458562.9864
colombia,bancolombia,2022-05-05,21071187.5026
colombia,bancolombia,2022-05-06,20286242.4432
colombia,bancolombia,2022-05-09,19954934.4636
colombia,bancolombia,2022-05-10,20133331.068
colombia,bancolombia,2022-05-11,19929449.2344
colombia,bancolombia,2022-05-12,19893769.9135
colombia,bancolombia,2022-05-13,19960031.5094
colombia,bancolombia,2022-05-16,19536976.7047
colombia,bancolombia,2022-05-17,19689888.0799
colombia,bancolombia,2022-05-18,19011980.9832
colombia,bancolombia,2022-05-19,17839660.44
colombia,bancolombia,2022-05-20,19623626.484
colombia,bancolombia,2022-05-23,20092554.7013
colombia,bancolombia,2022-05-24,20857111.5773
colombia,bancolombia,2022-05-25,20994731.815
colombia,bancolombia,2022-05-26,21402495.4822
colombia,bancolombia,2022-05-27,22401516.4668
colombia,bancolombia,2022-05-31,23099811.7469
colombia,bancolombia,2022-06-01,22192537.5874
colombia,bancolombia,2022-06-02,22340351.9167
colombia,bancolombia,2022-06-03,21963170.5246
colombia,bancolombia,2022-06-06,22427001.696
colombia,bancolombia,2022-06-07,21815356.1952
colombia,bancolombia,2022-06-08,21550309.8115
colombia,bancolombia,2022-06-09,21738900.5076
colombia,bancolombia,2022-06-10,22172149.404
colombia,bancolombia,2022-06-13,20490124.2768
colombia,bancolombia,2022-06-14,21356622.0696
colombia,bancolombia,2022-06-15,20857111.5773
colombia,bancolombia,2022-06-16,20643035.652
colombia,bancolombia,2022-06-17,20184301.5264
colombia,bancolombia,2022-06-21,19623626.484
colombia,bancolombia,2022-06-22,19266833.2752
colombia,bancolombia,2022-06-23,18859069.608
colombia,bancolombia,2022-06-24,18859069.608
colombia,bancolombia,2022-06-28,18553246.8576
colombia,bancolombia,2022-06-29,17865145.6692
colombia,bancolombia,2022-06-30,17095491.7474
colombia,bancolombia,2022-07-01,17380926.3144
colombia,bancolombia,2022-07-05,17839660.44
colombia,bancolombia,2022-07-06,17839660.44
colombia,bancolombia,2022-07-07,17982377.7235
colombia,bancolombia,2022-07-08,18089415.6862
colombia,bancolombia,2022-07-11,17834563.3942
colombia,bancolombia,2022-07-12,17992571.8152
colombia,bancolombia,2022-07-13,17141365.1599
colombia,bancolombia,2022-07-14,16820251.272
colombia,bancolombia,2022-07-15,17013939.0139
colombia,bancolombia,2022-07-18,17584808.148
colombia,bancolombia,2022-07-19,17839660.44
colombia,bancolombia,2022-07-21,17839660.44
colombia,bancolombia,2022-07-22,18007862.9527
colombia,bancolombia,2022-07-25,17595002.2397
colombia,bancolombia,2022-07-26,18186259.5571
colombia,bancolombia,2022-07-27,18293297.5198
colombia,bancolombia,2022-07-28,19368774.192
colombia,bancolombia,2022-07-29,18344267.9782
colombia,bancolombia,2022-08-01,17732622.4774
colombia,bancolombia,2022-08-02,17732622.4774
colombia,bancolombia,2022-08-03,17778495.8899
colombia,bancolombia,2022-08-04,18706158.2328
colombia,bancolombia,2022-08-05,18859069.608
colombia,bancolombia,2022-08-08,19358580.1003
colombia,bancolombia,2022-08-09,19113921.9
colombia,bancolombia,2022-08-10,19215862.8168
colombia,bancolombia,2022-08-11,19414647.6046
colombia,bancolombia,2022-08-12,20337212.9016
colombia,bancolombia,2022-08-16,20184301.5264
colombia,bancolombia,2022-08-17,19878478.776
colombia,bancolombia,2022-08-18,19852993.5468
colombia,bancolombia,2022-08-19,19368774.192
colombia,bancolombia,2022-08-22,18767322.7829
colombia,bancolombia,2022-08-23,18604217.316
colombia,bancolombia,2022-08-24,18604217.316
colombia,bancolombia,2022-08-25,19266833.2752
colombia,bancolombia,2022-08-26,19343288.9628
colombia,bancolombia,2022-08-29,18884554.8372
colombia,bancolombia,2022-08-30,18848875.5163
colombia,bancolombia,2022-08-31,17431896.7728
colombia,bancolombia,2022-09-01,17278985.3976
colombia,bancolombia,2022-09-02,17431896.7728
colombia,bancolombia,2022-09-05,17533837.6896
colombia,bancolombia,2022-09-06,17329955.856
colombia,bancolombia,2022-09-07,16733601.4927
colombia,bancolombia,2022-09-08,16820251.272
colombia,bancolombia,2022-09-09,17080200.6098
colombia,bancolombia,2022-09-12,17192335.6183
colombia,bancolombia,2022-09-13,17324858.8102
colombia,bancolombia,2022-09-14,16927289.2346
colombia,bancolombia,2022-09-15,16952774.4638
colombia,bancolombia,2022-09-16,17278985.3976
colombia,bancolombia,2022-09-19,16942580.3722
colombia,bancolombia,2022-09-20,16871221.7304
colombia,bancolombia,2022-09-21,17431896.7728
colombia,bancolombia,2022-09-22,17809078.165
colombia,bancolombia,2022-09-23,16876318.7762
colombia,bancolombia,2022-09-26,15785550.9665
colombia,bancolombia,2022-09-27,16432875.7882
colombia,bancolombia,2022-09-28,16193314.6337
colombia,bancolombia,2022-09-29,16249382.1379
colombia,bancolombia,2022-09-30,15851812.5624
colombia,bancolombia,2022-10-03,16657145.8051
colombia,bancolombia,2022-10-04,17579711.1022
colombia,bancolombia,2022-10-05,17615390.423
colombia,bancolombia,2022-10-06,17783592.9358
colombia,bancolombia,2022-10-07,18094512.732
colombia,bancolombia,2022-10-10,17472673.1395
colombia,bancolombia,2022-10-11,17431896.7728
colombia,bancolombia,2022-10-12,17431896.7728
colombia,bancolombia,2022-10-13,17187238.5725
colombia,bancolombia,2022-10-14,17329955.856
colombia,bancolombia,2022-10-18,18094512.732
colombia,bancolombia,2022-10-19,17564419.9646
colombia,bancolombia,2022-10-20,17559322.9188
colombia,bancolombia,2022-10-21,17880436.8067
colombia,bancolombia,2022-10-24,16708116.2635
colombia,bancolombia,2022-10-25,17584808.148
colombia,bancolombia,2022-10-26,17335052.9018
colombia,bancolombia,2022-10-27,17732622.4774
colombia,bancolombia,2022-10-28,17788689.9816
colombia,bancolombia,2022-10-31,18094512.732
colombia,bancolombia,2022-11-01,18298394.5656
colombia,bancolombia,2022-11-02,19057854.3958
colombia,bancolombia,2022-11-03,18349365.024
colombia,bancolombia,2022-11-04,18777516.8746
colombia,bancolombia,2022-11-08,19113921.9
colombia,bancolombia,2022-11-09,19878478.776
colombia,bancolombia,2022-11-10,20235271.9848
colombia,bancolombia,2022-11-11,20643035.652
colombia,bancolombia,2022-11-15,20897887.944
colombia,bancolombia,2022-11-16,21010022.9525
colombia,bancolombia,2022-11-17,21305651.6112
colombia,bancolombia,2022-11-18,21152740.236
colombia,bancolombia,2022-11-21,20999828.8608
colombia,bancolombia,2022-11-22,21254681.1528
colombia,bancolombia,2022-11-23,21203710.6944
colombia,bancolombia,2022-11-24,21101769.7776
colombia,bancolombia,2022-11-25,21356622.0696
colombia,bancolombia,2022-11-28,20836723.3939
colombia,bancolombia,2022-11-29,20744976.5688
colombia,bancolombia,2022-11-30,20388183.36
colombia,bancolombia,2022-12-01,19572656.0256
colombia,bancolombia,2022-12-02,20388183.36
colombia,bancolombia,2022-12-05,20388183.36
colombia,bancolombia,2022-12-06,20469736.0934
colombia,bancolombia,2022-12-07,19980419.6928
colombia,bancolombia,2022-12-09,20377989.2683
colombia,bancolombia,2022-12-12,20388183.36
colombia,bancolombia,2022-12-13,20592065.1936
colombia,bancolombia,2022-12-14,20592065.1936
colombia,bancolombia,2022-12-15,21101769.7776
colombia,bancolombia,2022-12-16,21407592.528
colombia,bancolombia,2022-12-19,21621668.4533
colombia,bancolombia,2022-12-20,20999828.8608
colombia,bancolombia,2022-12-21,20948858.4024
colombia,bancolombia,2022-12-22,20296436.5349
colombia,bancolombia,2022-12-23,20948858.4024
colombia,bancolombia,2022-12-26,20597162.2394
colombia,bancolombia,2022-12-27,20597162.2394
colombia,bancolombia,2022-12-28,21122157.961
colombia,bancolombia,2022-12-29,21662444.82
colombia,bancolombia,2023-01-02,21152740.236
colombia,bancolombia,2023-01-03,21101769.7776
colombia,bancolombia,2023-01-04,21407592.528
colombia,bancolombia,2023-01-05,21789870.966
colombia,bancolombia,2023-01-06,21458562.9864
colombia,bancolombia,2023-01-10,21942782.3412
colombia,bancolombia,2023-01-11,22427001.696
colombia,bancolombia,2023-01-12,22167052.3582
colombia,bancolombia,2023-01-13,22161955.3123
colombia,bancolombia,2023-01-16,21917297.112
colombia,bancolombia,2023-01-17,21907103.0203
colombia,bancolombia,2023-01-18,21907103.0203
colombia,bancolombia,2023-01-19,21815356.1952
colombia,bancolombia,2023-01-20,22167052.3582
colombia,bancolombia,2023-01-23,21963170.5246
colombia,bancolombia,2023-01-24,21407592.528
colombia,bancolombia,2023-01-25,21448368.8947
colombia,bancolombia,2023-01-26,21366816.1613
colombia,bancolombia,2023-01-27,21458562.9864
colombia,bancolombia,2023-01-30,21356622.0696
colombia,bancolombia,2023-01-31,21402495.4822
colombia,bancolombia,2023-02-01,21305651.6112
colombia,bancolombia,2023-02-02,21407592.528
colombia,bancolombia,2023-02-03,21285263.4278
colombia,bancolombia,2023-02-06,21305651.6112
colombia,bancolombia,2023-02-07,21305651.6112
colombia,bancolombia,2023-02-08,21203710.6944
colombia,bancolombia,2023-02-09,21096672.7318
colombia,bancolombia,2023-02-10,20643035.652
colombia,bancolombia,2023-02-13,20388183.36
colombia,bancolombia,2023-02-14,19486006.2463
colombia,bancolombia,2023-02-15,19368774.192
colombia,bancolombia,2023-02-16,20082360.6096
colombia,bancolombia,2023-02-17,20082360.6096
colombia,bancolombia,2023-02-20,20067069.4721
colombia,bancolombia,2023-02-21,19776537.8592
colombia,bancolombia,2023-02-22,19725567.4008
colombia,bancolombia,2023-02-23,18910040.0664
colombia,bancolombia,2023-02-24,18859069.608
colombia,bancolombia,2023-02-27,19103727.8083
colombia,bancolombia,2023-02-28,18298394.5656
colombia,bancolombia,2023-03-01,18578732.0868
colombia,bancolombia,2023-03-02,18629702.5452
colombia,bancolombia,2023-03-03,18930428.2498
colombia,bancolombia,2023-03-06,19317803.7336
colombia,bancolombia,2023-03-07,19715373.3091
colombia,bancolombia,2023-03-08,19878478.776
colombia,bancolombia,2023-03-09,19419744.6504
colombia,bancolombia,2023-03-10,18604217.316
colombia,bancolombia,2023-03-13,17386023.3602
colombia,bancolombia,2023-03-14,17380926.3144
colombia,bancolombia,2023-03-15,16035306.2126
colombia,bancolombia,2023-03-16,15805939.1498
colombia,bancolombia,2023-03-17,16004723.9376
colombia,bancolombia,2023-03-21,16514428.5216
colombia,bancolombia,2023-03-22,16769280.8136
colombia,bancolombia,2023-03-23,16738698.5386
colombia,bancolombia,2023-03-24,17329955.856
colombia,bancolombia,2023-03-27,17207626.7558
colombia,bancolombia,2023-03-28,16437972.834
colombia,bancolombia,2023-03-29,16718310.3552
colombia,bancolombia,2023-03-30,17177044.4808
colombia,bancolombia,2023-03-31,17834563.3942
colombia,bancolombia,2023-04-03,17839660.44
colombia,bancolombia,2023-04-04,17788689.9816
colombia,bancolombia,2023-04-05,17992571.8152
colombia,bancolombia,2023-04-10,18339170.9323
colombia,bancolombia,2023-04-11,18859069.608
colombia,bancolombia,2023-04-12,19358580.1003
colombia,bancolombia,2023-04-13,19062951.4416
colombia,bancolombia,2023-04-14,19965128.5553
colombia,bancolombia,2023-04-17,20138428.1138
colombia,bancolombia,2023-04-18,19980419.6928
colombia,bancolombia,2023-04-19,19868284.6843
colombia,bancolombia,2023-04-20,19817314.2259
colombia,bancolombia,2023-04-21,19700082.1716
colombia,bancolombia,2023-04-24,19725567.4008
colombia,bancolombia,2023-04-25,19521685.5672
colombia,bancolombia,2023-04-26,18859069.608
colombia,bancolombia,2023-04-27,17895727.9442
colombia,bancolombia,2023-04-28,18349365.024
colombia,bancolombia,2023-05-02,17737719.5232
colombia,bancolombia,2023-05-03,17737719.5232
colombia,bancolombia,2023-05-04,17839660.44
colombia,bancolombia,2023-05-05,17839660.44
colombia,bancolombia,2023-05-08,17493061.3229
colombia,bancolombia,2023-05-09,17635778.6064
colombia,bancolombia,2023-05-10,17518546.5521
colombia,bancolombia,2023-05-11,17161753.3433
colombia,bancolombia,2023-05-12,16922192.1888
colombia,bancolombia,2023-05-15,16432875.7882
colombia,bancolombia,2023-05-16,16315643.7338
colombia,bancolombia,2023-05-17,16259576.2296
colombia,bancolombia,2023-05-18,16616369.4384
colombia,bancolombia,2023-05-19,16070985.5335
colombia,bancolombia,2023-05-23,16070985.5335
colombia,bancolombia,2023-05-24,16035306.2126
colombia,bancolombia,2023-05-25,15036285.228
colombia,bancolombia,2023-05-26,15015897.0446
colombia,bancolombia,2023-05-29,14975120.6779
colombia,bancolombia,2023-05-30,14266631.3062
colombia,bancolombia,2023-05-31,14169787.4352
colombia,bancolombia,2023-06-01,14679492.0192
colombia,bancolombia,2023-06-02,15596960.2704
colombia,bancolombia,2023-06-05,16004723.9376
colombia,bancolombia,2023-06-06,16922192.1888
colombia,bancolombia,2023-06-07,17839660.44
colombia,bancolombia,2023-06-08,17253500.1684
colombia,bancolombia,2023-06-09,16917095.143
colombia,bancolombia,2023-06-13,17019036.0598
colombia,bancolombia,2023-06-14,16769280.8136
colombia,bancolombia,2023-06-15,16519525.5674
colombia,bancolombia,2023-06-16,16432875.7882
colombia,bancolombia,2023-06-20,16035306.2126
colombia,bancolombia,2023-06-21,15851812.5624
colombia,bancolombia,2023-06-22,15790648.0123
colombia,bancolombia,2023-06-23,15821230.2874
colombia,bancolombia,2023-06-26,15739677.5539
colombia,bancolombia,2023-06-27,15510310.4911
colombia,bancolombia,2023-06-28,15250361.1533
colombia,bancolombia,2023-06-29,15530698.6745
colombia,bancolombia,2023-06-30,15800842.104
colombia,bancolombia,2023-07-04,16137247.1294
colombia,bancolombia,2023-07-05,15800842.104
colombia,bancolombia,2023-07-06,15500116.3994
colombia,bancolombia,2023-07-07,15495019.3536
colombia,bancolombia,2023-07-10,15734580.5081
colombia,bancolombia,2023-07-11,15831424.379
colombia,bancolombia,2023-07-12,16820251.272
colombia,bancolombia,2023-07-13,16876318.7762
colombia,bancolombia,2023-07-14,17177044.4808
colombia,bancolombia,2023-07-17,16973162.6472
colombia,bancolombia,2023-07-18,17075103.564
colombia,bancolombia,2023-07-19,17126074.0224
colombia,bancolombia,2023-07-21,17126074.0224
colombia,bancolombia,2023-07-24,16871221.7304
colombia,bancolombia,2023-07-25,17008841.9681
colombia,bancolombia,2023-07-26,16820251.272
colombia,bancolombia,2023-07-27,17126074.0224
colombia,bancolombia,2023-07-28,16973162.6472
colombia,bancolombia,2023-07-31,17013939.0139
colombia,bancolombia,2023-08-01,17228014.9392
colombia,bancolombia,2023-08-02,16667339.8968
colombia,bancolombia,2023-08-03,17070006.5182
colombia,bancolombia,2023-08-04,17049618.3348
colombia,bancolombia,2023-08-08,16743795.5844
colombia,bancolombia,2023-08-09,16616369.4384
colombia,bancolombia,2023-08-10,16157635.3128
colombia,bancolombia,2023-08-11,15851812.5624
colombia,bancolombia,2023-08-14,16259576.2296
colombia,bancolombia,2023-08-15,15698901.1872
colombia,bancolombia,2023-08-16,15826327.3332
colombia,bancolombia,2023-08-17,15770259.829
colombia,bancolombia,2023-08-18,15571475.0412
colombia,bancolombia,2023-08-22,14786529.9818
colombia,bancolombia,2023-08-23,14857888.6236
colombia,bancolombia,2023-08-24,14883373.8528
colombia,bancolombia,2023-08-25,14628521.5608
colombia,bancolombia,2023-08-28,14424639.7272
colombia,bancolombia,2023-08-29,14766141.7985
colombia,bancolombia,2023-08-30,15036285.228
colombia,bancolombia,2023-08-31,14832403.3944
colombia,bancolombia,2023-09-01,14628521.5608
colombia,bancolombia,2023-09-04,14526580.644
colombia,bancolombia,2023-09-05,13884352.8682
colombia,bancolombia,2023-09-06,13863964.6848
colombia,bancolombia,2023-09-07,14781432.936
colombia,bancolombia,2023-09-08,14424639.7272
colombia,bancolombia,2023-09-11,14424639.7272
colombia,bancolombia,2023-09-12,15291137.52
colombia,bancolombia,2023-09-13,15291137.52
colombia,bancolombia,2023-09-14,15291137.52
colombia,bancolombia,2023-09-15,16815154.2262
colombia,bancolombia,2023-09-18,16162732.3586
colombia,bancolombia,2023-09-19,16218799.8629
colombia,bancolombia,2023-09-20,16769280.8136
colombia,bancolombia,2023-09-21,16310546.688
colombia,bancolombia,2023-09-22,16310546.688
colombia,bancolombia,2023-09-25,16310546.688
colombia,bancolombia,2023-09-26,16310546.688
colombia,bancolombia,2023-09-27,15800842.104
colombia,bancolombia,2023-09-28,15902783.0208
colombia,bancolombia,2023-09-29,15703998.233
colombia,bancolombia,2023-10-02,15800842.104
colombia,bancolombia,2023-10-03,16055694.396
colombia,bancolombia,2023-10-04,15622445.4996
colombia,bancolombia,2023-10-05,15036285.228
colombia,bancolombia,2023-10-06,15291137.52
colombia,bancolombia,2023-10-09,15999626.8918
colombia,bancolombia,2023-10-10,15902783.0208
colombia,bancolombia,2023-10-11,15393078.4368
colombia,bancolombia,2023-10-12,15393078.4368
colombia,bancolombia,2023-10-13,15535795.7203
colombia,bancolombia,2023-10-17,15449145.941
colombia,bancolombia,2023-10-18,16203508.7254
colombia,bancolombia,2023-10-19,15724386.4164
colombia,bancolombia,2023-10-20,15240167.0616
colombia,bancolombia,2023-10-23,15158614.3282
colombia,bancolombia,2023-10-24,15051576.3655
colombia,bancolombia,2023-10-25,15097449.7781
colombia,bancolombia,2023-10-26,14531677.6898
colombia,bancolombia,2023-10-27,14898664.9903
colombia,bancolombia,2023-10-30,14959829.5404
colombia,bancolombia,2023-10-31,14959829.5404
colombia,bancolombia,2023-11-01,14302310.627
colombia,bancolombia,2023-11-02,14776335.8902
colombia,bancolombia,2023-11-03,15291137.52
colombia,bancolombia,2023-11-07,15724386.4164
colombia,bancolombia,2023-11-08,15688707.0955
colombia,bancolombia,2023-11-09,15698901.1872
colombia,bancolombia,2023-11-10,15647930.7288
colombia,bancolombia,2023-11-14,15545989.812
colombia,bancolombia,2023-11-15,15647930.7288
colombia,bancolombia,2023-11-16,15382884.3451
colombia,bancolombia,2023-11-17,15393078.4368
colombia,bancolombia,2023-11-20,15291137.52
colombia,bancolombia,2023-11-21,15291137.52
colombia,bancolombia,2023-11-22,15393078.4368
colombia,bancolombia,2023-11-23,15087255.6864
colombia,bancolombia,2023-11-24,15107643.8698
colombia,bancolombia,2023-11-27,15393078.4368
colombia,bancolombia,2023-11-28,15393078.4368
colombia,bancolombia,2023-11-29,15403272.5285
colombia,bancolombia,2023-11-30,16167829.4045
colombia,bancolombia,2023-12-01,16004723.9376
colombia,bancolombia,2023-12-04,16626563.5301
colombia,bancolombia,2023-12-05,16208605.7712
colombia,bancolombia,2023-12-06,15556183.9037
colombia,bancolombia,2023-12-07,16300352.5963
colombia,bancolombia,2023-12-11,15749871.6456
colombia,bancolombia,2023-12-12,15923171.2042
colombia,bancolombia,2023-12-13,16310546.688
colombia,bancolombia,2023-12-14,16259576.2296
colombia,bancolombia,2023-12-15,16208605.7712
colombia,bancolombia,2023-12-18,16565398.98
colombia,bancolombia,2023-12-19,16300352.5963
colombia,bancolombia,2023-12-20,16208605.7712
colombia,bancolombia,2023-12-21,16463458.0632
colombia,bancolombia,2023-12-22,16412487.6048
colombia,bancolombia,2023-12-26,16463458.0632
colombia,bancolombia,2023-12-27,16769280.8136
colombia,bancolombia,2023-12-28,16922192.1888
colombia,bancolombia,2024-01-02,17268791.3059
colombia,bancolombia,2024-01-03,17238209.0309
colombia,bancolombia,2024-01-04,18349365.024
colombia,bancolombia,2024-01-05,18808099.1496
colombia,bancolombia,2024-01-09,18288200.4739
colombia,bancolombia,2024-01-10,17584808.148
colombia,bancolombia,2024-01-11,17574614.0563
colombia,bancolombia,2024-01-12,17839660.44
colombia,bancolombia,2024-01-15,17870242.715
colombia,bancolombia,2024-01-16,17839660.44
colombia,bancolombia,2024-01-17,17839660.44
colombia,bancolombia,2024-01-18,17329955.856
colombia,bancolombia,2024-01-19,17146462.2058
colombia,bancolombia,2024-01-22,16810057.1803
colombia,bancolombia,2024-01-23,16616369.4384
colombia,bancolombia,2024-01-24,17115879.9307
colombia,bancolombia,2024-01-25,16626563.5301
colombia,bancolombia,2024-01-26,16901804.0054
colombia,bancolombia,2024-01-29,16871221.7304
colombia,bancolombia,2024-01-30,16820251.272
colombia,bancolombia,2024-01-31,16697922.1718
colombia,bancolombia,2024-02-01,17217820.8475
colombia,bancolombia,2024-02-02,17431896.7728
colombia,bancolombia,2024-02-05,17309567.6726
colombia,bancolombia,2024-02-06,17319761.7643
colombia,bancolombia,2024-02-07,17115879.9307
colombia,bancolombia,2024-02-08,16840639.4554
colombia,bancolombia,2024-02-09,16616369.4384
colombia,bancolombia,2024-02-12,16789668.997
colombia,bancolombia,2024-02-13,16810057.1803
colombia,bancolombia,2024-02-14,16667339.8968
colombia,bancolombia,2024-02-15,17054715.3806
colombia,bancolombia,2024-02-16,17329955.856
colombia,bancolombia,2024-02-19,15596960.2704
colombia,bancolombia,2024-02-20,16412487.6048
colombia,bancolombia,2024-02-21,16443069.8798
colombia,bancolombia,2024-02-22,16973162.6472
colombia,bancolombia,2024-02-23,17309567.6726
colombia,bancolombia,2024-02-26,17075103.564
colombia,bancolombia,2024-02-27,17064909.4723
colombia,bancolombia,2024-02-28,17064909.4723
colombia,bancolombia,2024-02-29,16789668.997
colombia,bancolombia,2024-03-01,16820251.272
colombia,bancolombia,2024-03-04,16922192.1888
colombia,bancolombia,2024-03-05,17024133.1056
colombia,bancolombia,2024-03-06,17197432.6642
colombia,bancolombia,2024-03-07,17105685.839
colombia,bancolombia,2024-03-08,16708116.2635
colombia,bancolombia,2024-03-11,16616369.4384
colombia,bancolombia,2024-03-12,16259576.2296
colombia,bancolombia,2024-03-13,16208605.7712
colombia,bancolombia,2024-03-14,16157635.3128
colombia,bancolombia,2024-03-15,16157635.3128
colombia,bancolombia,2024-03-18,16759086.7219
colombia,bancolombia,2024-03-19,16779474.9053
colombia,bancolombia,2024-03-20,17228014.9392
colombia,bancolombia,2024-03-21,17666360.8814
colombia,bancolombia,2024-03-22,17890630.8984
colombia,bancolombia,2024-03-26,17431896.7728
colombia,bancolombia,2024-03-27,17472673.1395
colombia,bancolombia,2024-04-01,17839660.44
colombia,bancolombia,2024-04-02,17839660.44
colombia,bancolombia,2024-04-03,18216841.8322
colombia,bancolombia,2024-04-04,18675575.9578
colombia,bancolombia,2024-04-05,18379947.299
colombia,bancolombia,2024-04-08,18410529.5741
colombia,bancolombia,2024-04-09,18502276.3992
colombia,bancolombia,2024-04-10,18247424.1072
colombia,bancolombia,2024-04-11,18502276.3992
colombia,bancolombia,2024-04-12,17717331.3398
colombia,bancolombia,2024-04-15,17635778.6064
colombia,bancolombia,2024-04-16,17574614.0563
colombia,bancolombia,2024-04-17,17452284.9562
colombia,bancolombia,2024-04-18,17075103.564
colombia,bancolombia,2024-04-19,17177044.4808
colombia,bancolombia,2024-04-22,17187238.5725
colombia,bancolombia,2024-04-23,17584808.148
colombia,bancolombia,2024-04-24,16871221.7304
colombia,bancolombia,2024-04-25,16779474.9053
colombia,bancolombia,2024-04-26,17278985.3976
colombia,bancolombia,2024-04-29,17533837.6896
colombia,bancolombia,2024-04-30,17228014.9392
colombia,bancolombia,2024-05-02,17584808.148
colombia,bancolombia,2024-05-03,17788689.9816
colombia,bancolombia,2024-05-06,17635778.6064
colombia,bancolombia,2024-05-07,17615390.423
colombia,bancolombia,2024-05-08,17686749.0648
colombia,bancolombia,2024-05-09,17625584.5147
colombia,bancolombia,2024-05-10,17686749.0648
colombia,bancolombia,2024-05-14,17686749.0648
colombia,bancolombia,2024-05-15,18094512.732
colombia,bancolombia,2024-05-16,18145483.1904
colombia,bancolombia,2024-05-17,18553246.8576
colombia,bancolombia,2024-05-20,18961010.5248
colombia,bancolombia,2024-05-21,18930428.2498
colombia,bancolombia,2024-05-22,18104706.8237
colombia,bancolombia,2024-05-23,18257618.1989
colombia,bancolombia,2024-05-24,18094512.732
colombia,bancolombia,2024-05-27,18206647.7405
colombia,bancolombia,2024-05-28,17890630.8984
colombia,bancolombia,2024-05-29,17595002.2397
colombia,bancolombia,2024-05-30,17839660.44
colombia,bancolombia,2024-05-31,18298394.5656
colombia,bancolombia,2024-06-04,18023154.0902
colombia,bancolombia,2024-06-05,18094512.732
colombia,bancolombia,2024-06-06,18471694.1242
colombia,bancolombia,2024-06-07,18451305.9408
colombia,bancolombia,2024-06-11,17900824.9901
colombia,bancolombia,2024-06-12,17880436.8067
colombia,bancolombia,2024-06-13,17839660.44
colombia,bancolombia,2024-06-14,17717331.3398
colombia,bancolombia,2024-06-17,17707137.2482
colombia,bancolombia,2024-06-18,17890630.8984
colombia,bancolombia,2024-06-19,17788689.9816
colombia,bancolombia,2024-06-20,18043542.2736
colombia,bancolombia,2024-06-21,17829466.3483
colombia,bancolombia,2024-06-24,17961989.5402
colombia,bancolombia,2024-06-25,17758107.7066
colombia,bancolombia,2024-06-26,17788689.9816
colombia,bancolombia,2024-06-27,17860048.6234
colombia,bancolombia,2024-06-28,17992571.8152
colombia,bancolombia,2024-07-02,17890630.8984
colombia,bancolombia,2024-07-03,17890630.8984
colombia,bancolombia,2024-07-04,17992571.8152
colombia,bancolombia,2024-07-05,17911019.0818
colombia,bancolombia,2024-07-08,18216841.8322
colombia,bancolombia,2024-07-09,17961989.5402
colombia,bancolombia,2024-07-10,17941601.3568
colombia,bancolombia,2024-07-11,18186259.5571
colombia,bancolombia,2024-07-12,18186259.5571
colombia,bancolombia,2024-07-15,18227035.9238
colombia,bancolombia,2024-07-16,18318782.749
colombia,bancolombia,2024-07-17,18196453.6488
colombia,bancolombia,2024-07-18,18196453.6488
colombia,bancolombia,2024-07-19,18196453.6488
colombia,bancolombia,2024-07-22,18308588.6573
colombia,bancolombia,2024-07-23,18349365.024
colombia,bancolombia,2024-07-24,18349365.024
colombia,bancolombia,2024-07-25,18308588.6573
colombia,bancolombia,2024-07-26,18298394.5656
colombia,bancolombia,2024-07-29,18359559.1157
colombia,bancolombia,2024-07-30,18451305.9408
colombia,bancolombia,2024-07-31,18614411.4077
colombia,bancolombia,2024-08-01,18706158.2328
colombia,bancolombia,2024-08-02,18278006.3822
colombia,bancolombia,2024-08-05,18012959.9986
colombia,bancolombia,2024-08-06,17839660.44
colombia,bancolombia,2024-08-08,17635778.6064
colombia,bancolombia,2024-08-09,17839660.44
colombia,bancolombia,2024-08-12,18012959.9986
colombia,bancolombia,2024-08-13,18379947.299
colombia,bancolombia,2024-08-14,18451305.9408
colombia,bancolombia,2024-08-15,18634799.591
colombia,bancolombia,2024-08-16,18492082.3075
colombia,bancolombia,2024-08-20,18349365.024
colombia,bancolombia,2024-08-21,18288200.4739
colombia,bancolombia,2024-08-22,18145483.1904
colombia,bancolombia,2024-08-23,18430917.7574
colombia,bancolombia,2024-08-26,18706158.2328
colombia,bancolombia,2024-08-27,18451305.9408
colombia,bancolombia,2024-08-28,18176065.4654
colombia,bancolombia,2024-08-29,18441111.8491
colombia,bancolombia,2024-08-30,19358580.1003
colombia,bancolombia,2024-09-02,19011980.9832
colombia,bancolombia,2024-09-03,18808099.1496
colombia,bancolombia,2024-09-04,18655187.7744
colombia,bancolombia,2024-09-05,19042563.2582
colombia,bancolombia,2024-09-06,18502276.3992
colombia,bancolombia,2024-09-09,18644993.6827
colombia,bancolombia,2024-09-10,18308588.6573
colombia,bancolombia,2024-09-11,18165871.3738
colombia,bancolombia,2024-09-12,18349365.024
colombia,bancolombia,2024-09-13,18104706.8237
colombia,bancolombia,2024-09-16,18196453.6488
colombia,bancolombia,2024-09-17,18196453.6488
colombia,bancolombia,2024-09-18,18196453.6488
colombia,bancolombia,2024-09-19,18553246.8576
colombia,bancolombia,2024-09-20,18859069.608
colombia,bancolombia,2024-09-23,19103727.8083
colombia,bancolombia,2024-09-24,19266833.2752
colombia,bancolombia,2024-09-25,19266833.2752
colombia,bancolombia,2024-09-26,19266833.2752
colombia,bancolombia,2024-09-27,19164892.3584
colombia,bancolombia,2024-09-30,18471694.1242
colombia,bancolombia,2024-10-01,18451305.9408
colombia,bancolombia,2024-10-02,18349365.024
colombia,bancolombia,2024-10-03,18043542.2736
colombia,bancolombia,2024-10-04,18339170.9323
colombia,bancolombia,2024-10-07,18430917.7574
colombia,bancolombia,2024-10-08,18216841.8322
colombia,bancolombia,2024-10-09,18461500.0325
colombia,bancolombia,2024-10-10,18553246.8576
colombia,bancolombia,2024-10-11,18848875.5163
colombia,bancolombia,2024-10-15,18553246.8576
colombia,bancolombia,2024-10-16,18940622.3414
colombia,bancolombia,2024-10-17,19103727.8083
colombia,bancolombia,2024-10-18,19205668.7251
colombia,bancolombia,2024-10-21,19368774.192
colombia,bancolombia,2024-10-22,18899845.9747
colombia,bancolombia,2024-10-23,18757128.6912
colombia,bancolombia,2024-10-24,18859069.608
colombia,bancolombia,2024-10-25,18859069.608
colombia,bancolombia,2024-10-28,18604217.316
colombia,bancolombia,2024-10-29,18889651.883
colombia,bancolombia,2024-10-30,19470715.1088
colombia,bancolombia,2024-10-31,19266833.2752
colombia,bancolombia,2024-11-01,19175086.4501
colombia,bancolombia,2024-11-05,19623626.484
colombia,bancolombia,2024-11-06,19460521.0171
colombia,bancolombia,2024-11-07,19368774.192
colombia,bancolombia,2024-11-08,19032369.1666
colombia,bancolombia,2024-11-12,19011980.9832
colombia,bancolombia,2024-11-13,19011980.9832
colombia,bancolombia,2024-11-14,19368774.192
colombia,bancolombia,2024-11-15,19368774.192
colombia,bancolombia,2024-11-18,19766343.7675
colombia,bancolombia,2024-11-19,20031390.1512
colombia,bancolombia,2024-11-20,20377989.2683
colombia,bancolombia,2024-11-21,19878478.776
colombia,bancolombia,2024-11-22,19980419.6928
colombia,bancolombia,2024-11-25,19878478.776
colombia,bancolombia,2024-11-26,19684791.0341
colombia,bancolombia,2024-11-27,19909061.051
colombia,bancolombia,2024-11-28,20072166.5179
colombia,bancolombia,2024-11-29,19664402.8507
colombia,bancolombia,2024-12-02,19725567.4008
colombia,bancolombia,2024-12-03,19521685.5672
colombia,bancolombia,2024-12-04,19378968.2837
colombia,bancolombia,2024-12-05,19603238.3006
colombia,bancolombia,2024-12-06,19470715.1088
colombia,bancolombia,2024-12-09,19307609.6419
colombia,bancolombia,2024-12-10,19266833.2752
colombia,bancolombia,2024-12-11,19358580.1003
colombia,bancolombia,2024-12-12,19368774.192
colombia,bancolombia,2024-12-13,19164892.3584
colombia,bancolombia,2024-12-16,19215862.8168
colombia,bancolombia,2024-12-17,19164892.3584
colombia,bancolombia,2024-12-18,19113921.9
colombia,bancolombia,2024-12-19,19215862.8168
colombia,bancolombia,2024-12-20,19368774.192
colombia,bancolombia,2024-12-23,19572656.0256
colombia,bancolombia,2024-12-24,19552267.8422
colombia,bancolombia,2024-12-26,19766343.7675
colombia,bancolombia,2024-12-27,19368774.192
colombia,bancolombia,2024-12-30,19164892.3584
colombia,bancolombia,2025-01-02,19266833.2752
colombia,bancolombia,2025-01-03,19368774.192
colombia,bancolombia,2025-01-07,19542073.7506
colombia,bancolombia,2025-01-08,19226056.9085
colombia,bancolombia,2025-01-09,19307609.6419
colombia,bancolombia,2025-01-10,19266833.2752
colombia,bancolombia,2025-01-13,19124115.9917
colombia,bancolombia,2025-01-14,18899845.9747
colombia,bancolombia,2025-01-15,18910040.0664
colombia,bancolombia,2025-01-16,18859069.608
colombia,bancolombia,2025-01-17,19011980.9832
colombia,bancolombia,2025-01-20,18859069.608
colombia,bancolombia,2025-01-21,19113921.9
colombia,bancolombia,2025-01-22,19113921.9
colombia,bancolombia,2025-01-23,19960031.5094
colombia,bancolombia,2025-01-24,20347406.9933
colombia,bancolombia,2025-01-27,20846917.4856
colombia,bancolombia,2025-01-28,21805162.1035
colombia,bancolombia,2025-01-29,22172149.404
colombia,bancolombia,2025-01-30,22610495.3462
colombia,bancolombia,2025-01-31,21968267.5704
colombia,bancolombia,2025-02-03,21907103.0203
colombia,bancolombia,2025-02-04,21917297.112
colombia,bancolombia,2025-02-05,21764385.7368
colombia,bancolombia,2025-02-06,22274090.3208
colombia,bancolombia,2025-02-07,21866326.6536
colombia,bancolombia,2025-02-10,21917297.112
colombia,bancolombia,2025-02-11,22192537.5874
colombia,bancolombia,2025-02-12,22824571.2715
colombia,bancolombia,2025-02-13,22732824.4464
colombia,bancolombia,2025-02-14,23181364.4803
colombia,bancolombia,2025-02-17,23150782.2053
colombia,bancolombia,2025-02-18,23150782.2053
colombia,bancolombia,2025-02-19,23232334.9387
colombia,bancolombia,2025-02-20,24261938.1984
colombia,bancolombia,2025-02-21,24159997.2816
colombia,bancolombia,2025-02-24,24200773.6483
colombia,bancolombia,2025-02-25,24047862.2731
colombia,bancolombia,2025-02-26,24221161.8317
colombia,bancolombia,2025-02-27,23701263.156
colombia,bancolombia,2025-02-28,23293499.4888
colombia,bancolombia,2025-03-03,22477972.1544
colombia,bancolombia,2025-03-04,22671659.8963
colombia,bancolombia,2025-03-05,23517769.5058
colombia,bancolombia,2025-03-06,24109026.8232
colombia,bancolombia,2025-03-07,23956115.448
colombia,bancolombia,2025-03-10,23599322.2392
colombia,bancolombia,2025-03-11,23599322.2392
colombia,bancolombia,2025-03-12,23446410.864
colombia,bancolombia,2025-03-13,23568739.9642
colombia,bancolombia,2025-03-14,24384267.2986
colombia,bancolombia,2025-03-17,24669701.8656
colombia,bancolombia,2025-03-18,24659507.7739
colombia,bancolombia,2025-03-19,24007085.9064
colombia,bancolombia,2025-03-20,23935727.2646
colombia,bancolombia,2025-03-21,24567760.9488
colombia,bancolombia,2025-03-25,24567760.9488
colombia,bancolombia,2025-03-26,23568739.9642
colombia,bancolombia,2025-03-27,23476993.139
colombia,bancolombia,2025-03-28,23701263.156
colombia,bancolombia,2025-03-31,23956115.448
colombia,bancolombia,2025-04-01,24088638.6398
colombia,bancolombia,2025-04-02,25230376.908
colombia,bancolombia,2025-04-03,25281347.3664
colombia,bancolombia,2025-04-04,24873583.6992
colombia,bancolombia,2025-04-07,24669701.8656
colombia,bancolombia,2025-04-08,23538157.6891
colombia,bancolombia,2025-04-09,23854174.5312
colombia,bancolombia,2025-04-10,23548351.7808
colombia,bancolombia,2025-04-11,23293499.4888
colombia,bancolombia,2025-04-14,23619710.4226
colombia,bancolombia,2025-04-15,24465820.032
colombia,bancolombia,2025-04-16,26025516.059
colombia,bancolombia,2025-04-21,25648334.6669
colombia,bancolombia,2025-04-22,25485229.2
colombia,bancolombia,2025-04-23,26555608.8264
colombia,bancolombia,2025-04-24,26433279.7262
colombia,bancolombia,2025-04-25,26953178.4019
colombia,bancolombia,2025-04-28,25291541.4581
colombia,bancolombia,2025-04-29,25291541.4581
colombia,bancolombia,2025-04-30,25536199.6584
colombia,bancolombia,2025-05-02,25485229.2
colombia,bancolombia,2025-05-05,25689111.0336
colombia,bancolombia,2025-05-06,25536199.6584
colombia,bancolombia,2025-05-07,25576976.0251
colombia,bancolombia,2025-05-08,25556587.8418
colombia,bancolombia,2025-05-09,25240570.9997
colombia,bancolombia,2025-05-12,25943963.3256
colombia,bancolombia,2025-05-13,28349768.9621
colombia,bancolombia,2025-05-14,26616773.3765
colombia,bancolombia,2025-05-15,26912402.0352
colombia,bancolombia,2025-05-16,26147845.1592
colombia,bancolombia,2025-05-19,46336391.2728
colombia,bancolombia,2025-05-20,46605532.1342
colombia,bancolombia,2025-05-21,45976313.8325
colombia,bancolombia,2025-05-22,45370128.3979
colombia,bancolombia,2025-05-23,46234450.356
colombia,bancolombia,2025-05-26,46171963.464
colombia,bancolombia,2025-05-27,45922869.3888
colombia,bancolombia,2025-05-28,45777336.7229
colombia,bancolombia,2025-05-29,45104868.0691
colombia,bancolombia,2025-05-30,44224423.104
colombia,bancolombia,2025-06-03,45588724.4035
colombia,bancolombia,2025-06-04,45853770.7872
colombia,bancolombia,2025-06-05,46222890.6758
colombia,bancolombia,2025-06-06,45510967.9973
colombia,bancolombia,2025-06-09,44955411.624
colombia,bancolombia,2025-06-10,45576739.1208
colombia,bancolombia,2025-06-11,45832401.659
colombia,bancolombia,2025-06-12,45478082.4355
colombia,bancolombia,2025-06-13,45384203.0222
colombia,bancolombia,2025-06-16,44799045.3187
colombia,bancolombia,2025-06-17,44430266.8272
colombia,bancolombia,2025-06-18,45160103.7038
colombia,bancolombia,2025-06-19,45209751.8203
colombia,bancolombia,2025-06-20,44920052.077
colombia,bancolombia,2025-06-24,46398620.9731
colombia,bancolombia,2025-06-25,46702140.4368
colombia,bancolombia,2025-06-26,46973925.9821
colombia,bancolombia,2025-06-27,46864904.5066
colombia,bancolombia,2025-07-01,46711182.8851
colombia,bancolombia,2025-07-02,47488876.6872
colombia,bancolombia,2025-07-03,46829246.809
colombia,bancolombia,2025-07-04,46892714.6458
colombia,bancolombia,2025-07-07,47055820.1126
colombia,bancolombia,2025-07-08,47005020.3528
colombia,bancolombia,2025-07-09,46402929.396
colombia,bancolombia,2025-07-10,46591839.8659
colombia,bancolombia,2025-07-11,46105338.8477
colombia,bancolombia,2025-07-14,46647587.5963
colombia,bancolombia,2025-07-15,47115193.4717
colombia,bancolombia,2025-07-16,47013764.6506
colombia,bancolombia,2025-07-17,49602167.1979
colombia,bancolombia,2025-07-18,48890244.5194
colombia,bancolombia,2025-07-21,49584423.6984
colombia,bancolombia,2025-07-22,48581478.9346
colombia,bancolombia,2025-07-23,47495488.3968
colombia,bancolombia,2025-07-24,47189665.6464
colombia,bancolombia,2025-07-25,47154306.0994
colombia,bancolombia,2025-07-28,47893526.8214
colombia,bancolombia,2025-07-29,47686531.4549
colombia,bancolombia,2025-07-30,47392225.1381
colombia,bancolombia,2025-07-31,48486106.4808
colombia,bancolombia,2025-08-01,48038888.7888
colombia,bancolombia,2025-08-04,48504191.3774
colombia,bancolombia,2025-08-05,48645586.319
colombia,bancolombia,2025-08-06,48112038.6216
colombia,bancolombia,2025-08-08,49463202.995
colombia,bancolombia,2025-08-11,50117074.6565
colombia,bancolombia,2025-08-12,51134820.0854
colombia,bancolombia,2025-08-13,51002467.5922
colombia,bancolombia,2025-08-14,52644185.2018
colombia,bancolombia,2025-08-15,52873701.3398
colombia,bancolombia,2025-08-19,52656682.5802
colombia,bancolombia,2025-08-20,52793470.9483
colombia,bancolombia,2025-08-21,53122966.1136
colombia,bancolombia,2025-08-22,53236892.3131
colombia,bancolombia,2025-08-25,53218978.115
colombia,bancolombia,2025-08-26,53504881.5312
colombia,bancolombia,2025-08-27,53017228.8696
colombia,bancolombia,2025-08-28,52699079.4394
colombia,bancolombia,2025-08-29,52814327.9808
colombia,bancolombia,2025-09-01,53113240.871
colombia,bancolombia,2025-09-02,52797906.8232
colombia,bancolombia,2025-09-03,52878137.2147
colombia,bancolombia,2025-09-04,53532008.8762
colombia,bancolombia,2025-09-05,54193429.9454
colombia,bancolombia,2025-09-08,54341734.7472
colombia,bancolombia,2025-09-09,54375430.5552
colombia,bancolombia,2025-09-10,54199486.3128
colombia,bancolombia,2025-09-11,53296051.727
colombia,bancolombia,2025-09-12,52959007.1539
colombia,bancolombia,2025-09-15,53717805.8131
colombia,bancolombia,2025-09-16,53215523.185
colombia,bancolombia,2025-09-17,53423499.4963
colombia,bancolombia,2025-09-18,52813005.6389
colombia,bancolombia,2025-09-19,53342927.7077
colombia,bancolombia,2025-09-22,54063082.5883
colombia,bancolombia,2025-09-23,53568178.6694
colombia,bancolombia,2025-09-24,53861674.74
colombia,bancolombia,2025-09-25,54220259.1398
colombia,bancolombia,2025-09-26,53459669.2896
colombia,bancolombia,2025-09-29,53829599.4245
colombia,bancolombia,2025-09-30,53922497.893
colombia,bancolombia,2025-10-01,53618338.8816
colombia,bancolombia,2025-10-02,52908719.4898
colombia,bancolombia,2025-10-03,53329449.3845
colombia,bancolombia,2025-10-06,53449475.1979
colombia,bancolombia,2025-10-07,53465427.5064
colombia,bancolombia,2025-10-08,54585924.0984
colombia,bancolombia,2025-10-09,55448753.016
colombia,bancolombia,2025-10-10,54793090.1635
colombia,bancolombia,2025-10-14,55799275.9123
colombia,bancolombia,2025-10-15,55479804.1402
colombia,bancolombia,2025-10-16,55683344.5766
colombia,bancolombia,2025-10-17,56827684.2821
colombia,bancolombia,2025-10-20,55442312.005
colombia,bancolombia,2025-10-21,54690935.3016
colombia,bancolombia,2025-10-22,55506590.088
colombia,bancolombia,2025-10-23,55435060.7477
colombia,bancolombia,2025-10-24,55603583.0342
colombia,bancolombia,2025-10-27,55878482.1125
colombia,bancolombia,2025-10-28,56713075.2883
colombia,bancolombia,2025-10-29,57473494.44
colombia,bancolombia,2025-10-30,57268290.2645
colombia,bancolombia,2025-10-31,57311028.5208
colombia,bancolombia,2025-11-04,58806105.0677
colombia,bancolombia,2025-11-05,58166009.88
colombia,bancolombia,2025-11-06,59037412.3968
colombia,bancolombia,2025-11-07,60920758.8792
colombia,bancolombia,2025-11-10,60033233.3554
colombia,bancolombia,2025-11-11,60425044.7141
colombia,bancolombia,2025-11-12,60515469.1973
colombia,bancolombia,2025-11-13,58353725.46
colombia,bancolombia,2025-11-14,58741399.0944
colombia,bancolombia,2025-11-18,58096057.7856
colombia,bancolombia,2025-11-19,58322972.4864
colombia,bancolombia,2025-11-20,57769719.3998
colombia,bancolombia,2025-11-21,58700495.2757
colombia,bancolombia,2025-11-24,57615187.5322
colombia,bancolombia,2025-11-25,58189809.7469
colombia,bancolombia,2025-11-26,58379701.1616
colombia,bancolombia,2025-11-27,59010241.8053
colombia,bancolombia,2025-11-28,59287273.4717
colombia,bancolombia,2025-12-01,59758334.2771
colombia,bancolombia,2025-12-02,62356930.9162
colombia,bancolombia,2025-12-03,62393954.2022
colombia,bancolombia,2025-12-04,62929932.6384
colombia,bancolombia,2025-12-05,62851878.0816
colombia,bancolombia,2025-12-09,63371392.1136
colombia,bancolombia,2025-12-10,63447015.9317
colombia,bancolombia,2025-12-11,63248594.1643
colombia,bancolombia,2025-12-12,62137438.1712
colombia,bancolombia,2025-12-15,61443941.7864
colombia,bancolombia,2025-12-16,61401672.3792
colombia,bancolombia,2025-12-17,60763923.7248
colombia,bancolombia,2025-12-18,61103783.6803
colombia,bancolombia,2025-12-19,61060533.3283
colombia,bancolombia,2025-12-22,60842192.2267
colombia,bancolombia,2025-12-23,62523022.464
colombia,bancolombia,2025-12-24,62755695.3816
colombia,bancolombia,2025-12-26,62777064.5098
colombia,bancolombia,2025-12-29,63082844.0136
colombia,bancolombia,2025-12-30,62317520.1379
colombia,bancolombia,2026-01-02,61315385.6203
colombia,bancolombia,2026-01-05,63273716.3731
colombia,bancolombia,2026-01-06,65772377.2315
colombia,bancolombia,2026-01-07,65991357.8808
colombia,bancolombia,2026-01-08,67530793.1765
colombia,bancolombia,2026-01-09,67926528.3144
colombia,bancolombia,2026-01-13,69801558.3893
colombia,bancolombia,2026-01-14,70207146.2218
colombia,bancolombia,2026-01-15,70789829.94
colombia,bancolombia,2026-01-16,71957159.2661
colombia,bancolombia,2026-01-19,72850570.4587
colombia,bancolombia,2026-01-20,73704102.024
colombia,bancolombia,2026-01-21,75145989.0312
colombia,bancolombia,2026-01-22,76883336.2862
colombia,bancolombia,2026-01-23,77624559.8568
colombia,bancolombia,2026-01-26,78826224.5386
colombia,bancolombia,2026-01-27,76753796.8877
colombia,bancolombia,2026-01-28,77568768.8798
colombia,bancolombia,2026-01-29,77566977.6888
colombia,bancolombia,2026-01-30,76695575.172
colombia,bancolombia,2026-02-02,75398324.0914
colombia,bancolombia,2026-02-03,76223704.1203
colombia,bancolombia,2026-02-04,73603781.5997
colombia,bancolombia,2026-02-05,71796015.6888
colombia,bancolombia,2026-02-06,74274586.5144
colombia,bancolombia,2026-02-09,74987319.4392
colombia,bancolombia,2026-02-10,77099287.608
colombia,bancolombia,2026-02-11,76394786.8853
colombia,bancolombia,2026-02-12,74134898.5584
colombia,bancolombia,2026-02-13,75754436.7936
colombia,bancolombia,2026-02-16,75316261.5499
colombia,bancolombia,2026-02-17,75306365.6088
colombia,bancolombia,2026-02-18,74627626.6426
colombia,bancolombia,2026-02-19,75487981.5749
colombia,bancolombia,2026-02-20,77682142.0248
colombia,bancolombia,2026-02-23,83605378.14
colombia,bancolombia,2026-02-24,77712683.341
colombia,bancolombia,2026-02-25,76271606.58
colombia,bancolombia,2026-02-26,72089684.7456
colombia,bancolombia,2026-02-27,70569998.0856
colombia,bancolombia,2026-03-02,68651078.111
colombia,bancolombia,2026-03-03,69679359.0288
colombia,bancolombia,2026-03-04,70687251.7632
colombia,bancolombia,2026-03-05,69958097.6808
colombia,bancolombia,2026-03-06,68934550.7885
colombia,bancolombia,2026-03-09,70249886.7658
colombia,bancolombia,2026-03-10,72848483.4048
colombia,bancolombia,2026-03-11,72732595.3157
colombia,bancolombia,2026-03-12,67827063.6706
colombia,bancolombia,2026-03-13,68918641.7266
colombia,bancolombia,2026-03-16,69625104.3389
colombia,bancolombia,2026-03-17,68935019.6376
colombia,bancolombia,2026-03-18,68500938.8717
colombia,bancolombia,2026-03-19,71902310.5627
colombia,bancolombia,2026-03-20,72268273.6718
colombia,bancolombia,2026-03-24,72126835.4837
colombia,bancolombia,2026-03-25,73272112.8874
colombia,bancolombia,2026-03-26,70422460.2835
colombia,bancolombia,2026-03-27,69766285.3354
colombia,bancolombia,2026-03-30,68520985.6579
colombia,bancolombia,2026-03-31,73792182.2616
colombia,bancolombia,2026-04-01,74522233.0834
colombia,bancolombia,2026-04-06,75380498.6741
colombia,bancolombia,2026-04-07,74646353.3746
colombia,bancolombia,2026-04-08,74597642.9563
colombia,bancolombia,2026-04-09,74514469.7304
colombia,bancolombia,2026-04-10,74834282.8997
colombia,bancolombia,2026-04-13,76288027.7376
colombia,bancolombia,2026-04-14,76982846.4643
colombia,bancolombia,2026-04-15,75134006.0362
colombia,bancolombia,2026-04-16,74904446.6515
colombia,bancolombia,2026-04-17,72473124.643
colombia,bancolombia,2026-04-20,72067141.9694
colombia,bancolombia,2026-04-21,71283989.5195
colombia,bancolombia,2026-04-22,71933908.5098
colombia,bancolombia,2026-04-23,69903778.0047
colombia,bancolombia,2026-04-24,69534407.2205
colombia,bancolombia,2026-04-27,68202073.44
colombia,bancolombia,2026-04-28,67244959.28
colombia,bancolombia,2026-04-29,65791523.7146
colombia,bancolombia,2026-04-30,66145946.5668
colombia,bancolombia,2026-05-04,65330947.8252
colombia,bancolombia,2026-05-05,65076396.2592
colombia,bancolombia,2026-05-06,67606097.6137
colombia,bancolombia,2026-05-07,65696202.2482
colombia,bancolombia,2026-05-08,64542379.454
colombia,bancolombia,2026-05-11,63635525.8271
colombia,bancolombia,2026-05-12,63777641.5174
colombia,bancolombia,2026-05-13,63085694.4446
colombia,bancolombia,2026-05-14,64113216.3978
colombia,bancolombia,2026-05-15,63722398.2496
colombia,bancolombia,2026-05-19,63917807.3237
colombia,bancolombia,2026-05-20,63937521.6689
colombia,bancolombia,2026-05-21,63943587.6422
colombia,bancolombia,2026-05-22,63062947.2486
colombia,bancolombia,2026-05-25,64205071.8267
colombia,bancolombia,2026-05-26,67679106.1582
colombia,bancolombia,2026-05-27,66338323.062
colombia,bancolombia,2026-05-28,65907209.85
colombia,bancolombia,2026-05-29,66226753.016
colombia,bancolombia,2026-06-01,67955754.8682
colombia,bancolombia,2026-06-02,68742590.2207
colombia,bancolombia,2026-06-03,67890546.1312
colombia,bancolombia,2026-06-04,66929099.2885
colombia,bancolombia,2026-06-05,65919125.2032
colombia,bancolombia,2026-06-09,69521626.5812
colombia,bancolombia,2026-06-10,69678690.4754
colombia,bancolombia,2026-06-11,74612658.9886
colombia,bancolombia,2026-06-12,72866759.864
colombia,bancolombia,2026-06-16,72933484.4827
colombia,bancolombia,2026-06-17,72433263.8532
colombia,bancolombia,2026-06-18,74574746.9954
colombia,bancolombia,2026-06-19,76647122.72
colombia,bancolombia,2026-06-22,73560873.4141
colombia,bancolombia,2026-06-23,72472475.6784
colombia,bancolombia,2026-06-24,69631246.1996
colombia,bancolombia,2026-06-25,69192550.8608
colombia,bancolombia,2026-06-26,69717468.842
colombia,bancolombia,2026-06-30,69731983.8592
colombia,bancolombia,2026-07-01,69312569.1352
colombia,bancolombia,2026-07-02,69473099.0668
colombia,bancolombia,2026-07-03,70808682.5632
colombia,bancolombia,2026-07-06,71835338.143
colombia,bancolombia,2026-07-07,72357439.595
colombia,bancolombia,2026-07-08,72312378.3898
colombia,bancolombia,2026-07-09,70811498.8206
colombia,bancolombia,2026-07-10,71170470.9488
colombia,bancolombia,2026-07-14,70507770.2319
colombia,bancolombia,2026-07-15,69850918.3513
colombia,bancolombia,2026-07-16,70116734.9467
colombia,bancolombia,2026-07-17,70600708.084
colombia,bancolombia,2026-07-21,70963146.7934
colombia,bancolombia,2026-07-22,71447336.524
colombia,bancolombia,2026-07-23,72960348.0398
colombia,bancolombia,2026-07-24,72131051.6899
colombia,bancolombia,2026-07-27,73722269.991
colombia,bancolombia,2026-07-28,74580596.6471
colombia,bancolombia,2026-07-29,74722928.9307
colombia,bancolombia,2026-07-30,76203011.188
colombia,bancolombia,2026-07-31,78610311.1974
colombia,bancolombia,2026-08-03,77452805.5006
colombia,bancolombia,2026-08-04,77427024.9102
colombia,bancolombia,2026-08-05,75392345.401
colombia,bancolombia,2026-08-06,74096623.5098
colombia,bancolombia,2026-08-10,76020817.0273
colombia,bancolombia,2026-08-11,78743112.014
colombia,bancolombia,2026-08-12,78067412.4334
colombia,bancolombia,2026-08-13,77689809.7423
colombia,bancolombia,2026-08-14,78528638.3748
colombia,bancolombia,2026-08-18,78570666.4574
colombia,bancolombia,2026-08-19,78460180.1937
colombia,bancolombia,2026-08-20,78729463.3702
colombia,bancolombia,2026-08-21,80639791.9224
colombia,bancolombia,2026-08-24,81681179.1127
colombia,bancolombia,2026-08-25,82085862.2262
colombia,bancolombia,2026-08-26,81318475.7916
colombia,bancolombia,2026-08-27,79687775.728
colombia,banco_de_bogota,2004-01-02,1958552.2424
colombia,banco_de_bogota,2004-01-05,1943902.5421
colombia,banco_de_bogota,2004-01-06,1963059.8425
colombia,banco_de_bogota,2004-01-07,2028420.0439
colombia,banco_de_bogota,2004-01-08,2028420.0439
colombia,banco_de_bogota,2004-01-09,2107303.0457
colombia,banco_de_bogota,2004-01-13,2107303.0457
colombia,banco_de_bogota,2004-01-14,2107303.0457
colombia,banco_de_bogota,2004-01-15,2118572.0459
colombia,banco_de_bogota,2004-01-16,2107303.0457
colombia,banco_de_bogota,2004-01-19,2107303.0457
colombia,banco_de_bogota,2004-01-20,2150350.6266
colombia,banco_de_bogota,2004-01-21,2231262.0483
colombia,banco_de_bogota,2004-01-22,2276338.0493
colombia,banco_de_bogota,2004-01-23,2271830.4492
colombia,banco_de_bogota,2004-01-26,2280845.6494
colombia,banco_de_bogota,2004-01-27,2296622.2498
colombia,banco_de_bogota,2004-01-28,2343952.0508
colombia,banco_de_bogota,2004-01-29,2350713.4509
colombia,banco_de_bogota,2004-01-30,2355221.051
colombia,banco_de_bogota,2004-02-02,2312398.8501
colombia,banco_de_bogota,2004-02-03,2321414.0503
colombia,banco_de_bogota,2004-02-04,2325921.6504
colombia,banco_de_bogota,2004-02-05,2337190.6506
colombia,banco_de_bogota,2004-02-06,2343952.0508
colombia,banco_de_bogota,2004-02-09,2364236.2512
colombia,banco_de_bogota,2004-02-10,2422835.0525
colombia,banco_de_bogota,2004-02-11,2524256.0547
colombia,banco_de_bogota,2004-02-12,2434104.0527
colombia,banco_de_bogota,2004-02-13,2501718.0542
colombia,banco_de_bogota,2004-02-16,2501718.0542
colombia,banco_de_bogota,2004-02-17,2501718.0542
colombia,banco_de_bogota,2004-02-18,2537778.855
colombia,banco_de_bogota,2004-02-19,2546794.0552
colombia,banco_de_bogota,2004-02-20,2591870.0562
colombia,banco_de_bogota,2004-02-23,2591870.0562
colombia,banco_de_bogota,2004-02-24,2479180.0537
colombia,banco_de_bogota,2004-02-25,2474672.4536
colombia,banco_de_bogota,2004-02-26,2411566.0522
colombia,banco_de_bogota,2004-02-27,2452134.4531
colombia,banco_de_bogota,2004-03-01,2434104.0527
colombia,banco_de_bogota,2004-03-02,2411566.0522
colombia,banco_de_bogota,2004-03-03,2366490.0513
colombia,banco_de_bogota,2004-03-04,2411566.0522
colombia,banco_de_bogota,2004-03-05,2524256.0547
colombia,banco_de_bogota,2004-03-08,2524256.0547
colombia,banco_de_bogota,2004-03-09,2524256.0547
colombia,banco_de_bogota,2004-03-10,2524256.0547
colombia,banco_de_bogota,2004-03-11,2506225.6543
colombia,banco_de_bogota,2004-03-12,2524256.0547
colombia,banco_de_bogota,2004-03-15,2528763.6548
colombia,banco_de_bogota,2004-03-16,2528763.6548
colombia,banco_de_bogota,2004-03-17,2524256.0547
colombia,banco_de_bogota,2004-03-18,2555809.2554
colombia,banco_de_bogota,2004-03-19,2569332.0557
colombia,banco_de_bogota,2004-03-23,2569332.0557
colombia,banco_de_bogota,2004-03-24,2537778.855
colombia,banco_de_bogota,2004-03-25,2560316.8555
colombia,banco_de_bogota,2004-03-26,2591870.0562
colombia,banco_de_bogota,2004-03-29,2555809.2554
colombia,banco_de_bogota,2004-03-30,2591870.0562
colombia,banco_de_bogota,2004-03-31,2609900.4565
colombia,banco_de_bogota,2004-04-01,2636946.0571
colombia,banco_de_bogota,2004-04-02,2632438.457
colombia,banco_de_bogota,2004-04-05,2614408.0566
colombia,banco_de_bogota,2004-04-06,2614408.0566
colombia,banco_de_bogota,2004-04-07,2636946.0571
colombia,banco_de_bogota,2004-04-12,2636946.0571
colombia,banco_de_bogota,2004-04-13,2704560.0586
colombia,banco_de_bogota,2004-04-14,2709067.6587
colombia,banco_de_bogota,2004-04-15,2718082.8589
colombia,banco_de_bogota,2004-04-16,2704560.0586
colombia,banco_de_bogota,2004-04-19,2709067.6587
colombia,banco_de_bogota,2004-04-20,2718082.8589
colombia,banco_de_bogota,2004-04-21,2722590.459
colombia,banco_de_bogota,2004-04-22,2727098.0591
colombia,banco_de_bogota,2004-04-23,2749636.0596
colombia,banco_de_bogota,2004-04-26,2785696.8604
colombia,banco_de_bogota,2004-04-27,2862326.062
colombia,banco_de_bogota,2004-04-28,2929940.0635
colombia,banco_de_bogota,2004-04-29,2952478.064
colombia,banco_de_bogota,2004-04-30,2920924.8633
colombia,banco_de_bogota,2004-05-03,2794712.0605
colombia,banco_de_bogota,2004-05-04,2749636.0596
colombia,banco_de_bogota,2004-05-05,2794712.0605
colombia,banco_de_bogota,2004-05-06,2772174.0601
colombia,banco_de_bogota,2004-05-07,2591870.0562
colombia,banco_de_bogota,2004-05-10,2411566.0522
colombia,banco_de_bogota,2004-05-11,2411566.0522
colombia,banco_de_bogota,2004-05-12,2411566.0522
colombia,banco_de_bogota,2004-05-13,2199708.8477
colombia,banco_de_bogota,2004-05-14,2479180.0537
colombia,banco_de_bogota,2004-05-17,2411566.0522
colombia,banco_de_bogota,2004-05-18,2425088.8525
colombia,banco_de_bogota,2004-05-19,2506225.6543
colombia,banco_de_bogota,2004-05-20,2537778.855
colombia,banco_de_bogota,2004-05-21,2501718.0542
colombia,banco_de_bogota,2004-05-25,2479180.0537
colombia,banco_de_bogota,2004-05-26,2411566.0522
colombia,banco_de_bogota,2004-05-27,2411566.0522
colombia,banco_de_bogota,2004-05-28,2438611.6528
colombia,banco_de_bogota,2004-05-31,2438611.6528
colombia,banco_de_bogota,2004-06-01,2470164.8535
colombia,banco_de_bogota,2004-06-02,2537778.855
colombia,banco_de_bogota,2004-06-03,2569332.0557
colombia,banco_de_bogota,2004-06-04,2654976.4575
colombia,banco_de_bogota,2004-06-07,2659484.0576
colombia,banco_de_bogota,2004-06-08,2614408.0566
colombia,banco_de_bogota,2004-06-09,2569332.0557
colombia,banco_de_bogota,2004-06-10,2546794.0552
colombia,banco_de_bogota,2004-06-11,2564824.4556
colombia,banco_de_bogota,2004-06-15,2551301.6553
colombia,banco_de_bogota,2004-06-16,2560316.8555
colombia,banco_de_bogota,2004-06-17,2546794.0552
colombia,banco_de_bogota,2004-06-18,2479180.0537
colombia,banco_de_bogota,2004-06-22,2483687.6538
colombia,banco_de_bogota,2004-06-23,2479180.0537
colombia,banco_de_bogota,2004-06-24,2501718.0542
colombia,banco_de_bogota,2004-06-25,2479180.0537
colombia,banco_de_bogota,2004-06-28,2524256.0547
colombia,banco_de_bogota,2004-06-29,2524256.0547
colombia,banco_de_bogota,2004-06-30,2524256.0547
colombia,banco_de_bogota,2004-07-01,2524256.0547
colombia,banco_de_bogota,2004-07-02,2528763.6548
colombia,banco_de_bogota,2004-07-06,2533271.2549
colombia,banco_de_bogota,2004-07-07,2533271.2549
colombia,banco_de_bogota,2004-07-08,2569332.0557
colombia,banco_de_bogota,2004-07-09,2591870.0562
colombia,banco_de_bogota,2004-07-12,2659484.0576
colombia,banco_de_bogota,2004-07-13,2659484.0576
colombia,banco_de_bogota,2004-07-14,2677514.458
colombia,banco_de_bogota,2004-07-15,2704560.0586
colombia,banco_de_bogota,2004-07-16,2704560.0586
colombia,banco_de_bogota,2004-07-19,2704560.0586
colombia,banco_de_bogota,2004-07-21,2709067.6587
colombia,banco_de_bogota,2004-07-22,2713575.2588
colombia,banco_de_bogota,2004-07-23,2740620.8594
colombia,banco_de_bogota,2004-07-26,2727098.0591
colombia,banco_de_bogota,2004-07-27,2749636.0596
colombia,banco_de_bogota,2004-07-28,2736113.2593
colombia,banco_de_bogota,2004-07-29,2749636.0596
colombia,banco_de_bogota,2004-07-30,2749636.0596
colombia,banco_de_bogota,2004-08-02,2772174.0601
colombia,banco_de_bogota,2004-08-03,2772174.0601
colombia,banco_de_bogota,2004-08-04,2763158.8599
colombia,banco_de_bogota,2004-08-05,2727098.0591
colombia,banco_de_bogota,2004-08-06,2722590.459
colombia,banco_de_bogota,2004-08-09,2745128.4595
colombia,banco_de_bogota,2004-08-10,2727098.0591
colombia,banco_de_bogota,2004-08-11,2713575.2588
colombia,banco_de_bogota,2004-08-12,2695544.8584
colombia,banco_de_bogota,2004-08-13,2686529.6582
colombia,banco_de_bogota,2004-08-17,2636946.0571
colombia,banco_de_bogota,2004-08-18,2682022.0581
colombia,banco_de_bogota,2004-08-19,2682022.0581
colombia,banco_de_bogota,2004-08-20,2704560.0586
colombia,banco_de_bogota,2004-08-23,2727098.0591
colombia,banco_de_bogota,2004-08-24,2772174.0601
colombia,banco_de_bogota,2004-08-25,2794712.0605
colombia,banco_de_bogota,2004-08-26,2794712.0605
colombia,banco_de_bogota,2004-08-27,2799219.6606
colombia,banco_de_bogota,2004-08-30,2781189.2603
colombia,banco_de_bogota,2004-08-31,2794712.0605
colombia,banco_de_bogota,2004-09-01,2821757.6611
colombia,banco_de_bogota,2004-09-02,2817250.061
colombia,banco_de_bogota,2004-09-03,2821757.6611
colombia,banco_de_bogota,2004-09-06,2862326.062
colombia,banco_de_bogota,2004-09-07,2911909.6631
colombia,banco_de_bogota,2004-09-08,2898386.8628
colombia,banco_de_bogota,2004-09-09,2866833.6621
colombia,banco_de_bogota,2004-09-10,2862326.062
colombia,banco_de_bogota,2004-09-13,2893879.2627
colombia,banco_de_bogota,2004-09-14,2925432.4634
colombia,banco_de_bogota,2004-09-15,2929940.0635
colombia,banco_de_bogota,2004-09-16,2916417.2632
colombia,banco_de_bogota,2004-09-17,2929940.0635
colombia,banco_de_bogota,2004-09-20,2889371.6626
colombia,banco_de_bogota,2004-09-21,2920924.8633
colombia,banco_de_bogota,2004-09-22,2925432.4634
colombia,banco_de_bogota,2004-09-23,2952478.064
colombia,banco_de_bogota,2004-09-24,2952478.064
colombia,banco_de_bogota,2004-09-27,2925432.4634
colombia,banco_de_bogota,2004-09-28,2929940.0635
colombia,banco_de_bogota,2004-09-29,2920924.8633
colombia,banco_de_bogota,2004-09-30,2907402.063
colombia,banco_de_bogota,2004-10-01,2884864.0625
colombia,banco_de_bogota,2004-10-04,2884864.0625
colombia,banco_de_bogota,2004-10-05,2889371.6626
colombia,banco_de_bogota,2004-10-06,2920924.8633
colombia,banco_de_bogota,2004-10-07,2907402.063
colombia,banco_de_bogota,2004-10-08,2907402.063
colombia,banco_de_bogota,2004-10-11,2952478.064
colombia,banco_de_bogota,2004-10-12,2975016.0645
colombia,banco_de_bogota,2004-10-13,2997554.0649
colombia,banco_de_bogota,2004-10-14,3020092.0654
colombia,banco_de_bogota,2004-10-15,3020092.0654
colombia,banco_de_bogota,2004-10-19,3011076.8652
colombia,banco_de_bogota,2004-10-20,3015584.4653
colombia,banco_de_bogota,2004-10-21,3020092.0654
colombia,banco_de_bogota,2004-10-22,2934447.6636
colombia,banco_de_bogota,2004-10-25,3020092.0654
colombia,banco_de_bogota,2004-10-26,3015584.4653
colombia,banco_de_bogota,2004-10-27,2975016.0645
colombia,banco_de_bogota,2004-10-28,2979523.6646
colombia,banco_de_bogota,2004-10-29,2997554.0649
colombia,banco_de_bogota,2004-11-02,3002061.665
colombia,banco_de_bogota,2004-11-03,3065168.0664
colombia,banco_de_bogota,2004-11-04,3087706.0669
colombia,banco_de_bogota,2004-11-05,3119259.2676
colombia,banco_de_bogota,2004-11-08,3128274.4678
colombia,banco_de_bogota,2004-11-09,3087706.0669
colombia,banco_de_bogota,2004-11-10,3155320.0684
colombia,banco_de_bogota,2004-11-11,3159827.6685
colombia,banco_de_bogota,2004-11-12,3159827.6685
colombia,banco_de_bogota,2004-11-16,3159827.6685
colombia,banco_de_bogota,2004-11-17,3159827.6685
colombia,banco_de_bogota,2004-11-18,3159827.6685
colombia,banco_de_bogota,2004-11-19,3159827.6685
colombia,banco_de_bogota,2004-11-22,3159827.6685
colombia,banco_de_bogota,2004-11-23,3299563.2715
colombia,banco_de_bogota,2004-11-24,3322101.272
colombia,banco_de_bogota,2004-11-25,3299563.2715
colombia,banco_de_bogota,2004-11-26,3277025.271
colombia,banco_de_bogota,2004-11-29,3268010.0708
colombia,banco_de_bogota,2004-11-30,3281532.8711
colombia,banco_de_bogota,2004-12-01,3281532.8711
colombia,banco_de_bogota,2004-12-02,3268010.0708
colombia,banco_de_bogota,2004-12-03,3245472.0703
colombia,banco_de_bogota,2004-12-06,3195888.4692
colombia,banco_de_bogota,2004-12-07,3164335.2686
colombia,banco_de_bogota,2004-12-09,3114751.6675
colombia,banco_de_bogota,2004-12-10,3150812.4683
colombia,banco_de_bogota,2004-12-13,3155320.0684
colombia,banco_de_bogota,2004-12-14,3141797.2681
colombia,banco_de_bogota,2004-12-15,3132782.0679
colombia,banco_de_bogota,2004-12-16,3132782.0679
colombia,banco_de_bogota,2004-12-17,3132782.0679
colombia,banco_de_bogota,2004-12-20,3123766.8677
colombia,banco_de_bogota,2004-12-21,3110244.0674
colombia,banco_de_bogota,2004-12-22,3128274.4678
colombia,banco_de_bogota,2004-12-23,3137289.668
colombia,banco_de_bogota,2004-12-24,3137289.668
colombia,banco_de_bogota,2004-12-27,3155320.0684
colombia,banco_de_bogota,2004-12-28,3200396.0693
colombia,banco_de_bogota,2004-12-29,3200396.0693
colombia,banco_de_bogota,2004-12-30,3177858.0688
colombia,banco_de_bogota,2005-01-03,3155320.0684
colombia,banco_de_bogota,2005-01-04,3177858.0688
colombia,banco_de_bogota,2005-01-05,3173350.4688
colombia,banco_de_bogota,2005-01-06,3132782.0679
colombia,banco_de_bogota,2005-01-07,3132782.0679
colombia,banco_de_bogota,2005-01-11,3155320.0684
colombia,banco_de_bogota,2005-01-12,3213918.8696
colombia,banco_de_bogota,2005-01-13,3155320.0684
colombia,banco_de_bogota,2005-01-14,3155320.0684
colombia,banco_de_bogota,2005-01-17,3146304.8682
colombia,banco_de_bogota,2005-01-18,3159827.6685
colombia,banco_de_bogota,2005-01-19,3186873.269
colombia,banco_de_bogota,2005-01-20,3177858.0688
colombia,banco_de_bogota,2005-01-21,3177858.0688
colombia,banco_de_bogota,2005-01-24,3177858.0688
colombia,banco_de_bogota,2005-01-25,3155320.0684
colombia,banco_de_bogota,2005-01-26,3150812.4683
colombia,banco_de_bogota,2005-01-27,3177858.0688
colombia,banco_de_bogota,2005-01-28,3177858.0688
colombia,banco_de_bogota,2005-01-31,3222934.0698
colombia,banco_de_bogota,2005-02-01,3358162.0728
colombia,banco_de_bogota,2005-02-02,3349146.8726
colombia,banco_de_bogota,2005-02-03,3407745.6738
colombia,banco_de_bogota,2005-02-04,3606080.0781
colombia,banco_de_bogota,2005-02-07,3561004.0771
colombia,banco_de_bogota,2005-02-08,3570019.2773
colombia,banco_de_bogota,2005-02-09,3583542.0776
colombia,banco_de_bogota,2005-02-10,3583542.0776
colombia,banco_de_bogota,2005-02-11,3588049.6777
colombia,banco_de_bogota,2005-02-14,3583542.0776
colombia,banco_de_bogota,2005-02-15,3583542.0776
colombia,banco_de_bogota,2005-02-16,3583542.0776
colombia,banco_de_bogota,2005-02-17,3565511.6772
colombia,banco_de_bogota,2005-02-18,3583542.0776
colombia,banco_de_bogota,2005-02-21,3610587.6782
colombia,banco_de_bogota,2005-02-22,3651156.0791
colombia,banco_de_bogota,2005-02-23,3601572.478
colombia,banco_de_bogota,2005-02-24,3628618.0786
colombia,banco_de_bogota,2005-02-25,3597064.8779
colombia,banco_de_bogota,2005-02-28,3583542.0776
colombia,banco_de_bogota,2005-03-01,3547481.2769
colombia,banco_de_bogota,2005-03-02,3561004.0771
colombia,banco_de_bogota,2005-03-03,3515928.0762
colombia,banco_de_bogota,2005-03-04,3448314.0747
colombia,banco_de_bogota,2005-03-07,3493390.0757
colombia,banco_de_bogota,2005-03-08,3515928.0762
colombia,banco_de_bogota,2005-03-09,3506912.876
colombia,banco_de_bogota,2005-03-10,3488882.4756
colombia,banco_de_bogota,2005-03-11,3470852.0752
colombia,banco_de_bogota,2005-03-14,3448314.0747
colombia,banco_de_bogota,2005-03-15,3380700.0732
colombia,banco_de_bogota,2005-03-16,3538466.0767
colombia,banco_de_bogota,2005-03-17,3515928.0762
colombia,banco_de_bogota,2005-03-18,3538466.0767
colombia,banco_de_bogota,2005-03-22,3561004.0771
colombia,banco_de_bogota,2005-03-23,3583542.0776
colombia,banco_de_bogota,2005-03-28,3515928.0762
colombia,banco_de_bogota,2005-03-29,3551988.877
colombia,banco_de_bogota,2005-03-30,3538466.0767
colombia,banco_de_bogota,2005-03-31,3515928.0762
colombia,banco_de_bogota,2005-04-01,3533958.4766
colombia,banco_de_bogota,2005-04-04,3524943.2764
colombia,banco_de_bogota,2005-04-05,3561004.0771
colombia,banco_de_bogota,2005-04-06,3565511.6772
colombia,banco_de_bogota,2005-04-07,3610587.6782
colombia,banco_de_bogota,2005-04-08,3628618.0786
colombia,banco_de_bogota,2005-04-11,3673694.0796
colombia,banco_de_bogota,2005-04-12,3687216.8799
colombia,banco_de_bogota,2005-04-13,3718770.0806
colombia,banco_de_bogota,2005-04-14,3853998.0835
colombia,banco_de_bogota,2005-04-15,3831460.083
colombia,banco_de_bogota,2005-04-18,3808922.0825
colombia,banco_de_bogota,2005-04-19,3763846.0815
colombia,banco_de_bogota,2005-04-20,3786384.082
colombia,banco_de_bogota,2005-04-21,3939642.4854
colombia,banco_de_bogota,2005-04-22,3993733.6865
colombia,banco_de_bogota,2005-04-25,4034302.0874
colombia,banco_de_bogota,2005-04-26,4034302.0874
colombia,banco_de_bogota,2005-04-27,4079378.0884
colombia,banco_de_bogota,2005-04-28,4160514.8901
colombia,banco_de_bogota,2005-04-29,4101916.0889
colombia,banco_de_bogota,2005-05-02,4052332.4878
colombia,banco_de_bogota,2005-05-03,4047824.8877
colombia,banco_de_bogota,2005-05-04,4133469.2896
colombia,banco_de_bogota,2005-05-05,4128961.6895
colombia,banco_de_bogota,2005-05-06,4133469.2896
colombia,banco_de_bogota,2005-05-10,4115438.8892
colombia,banco_de_bogota,2005-05-11,4115438.8892
colombia,banco_de_bogota,2005-05-12,4070362.8882
colombia,banco_de_bogota,2005-05-13,4056840.0879
colombia,banco_de_bogota,2005-05-16,4011764.0869
colombia,banco_de_bogota,2005-05-17,4020779.2871
colombia,banco_de_bogota,2005-05-18,3993733.6865
colombia,banco_de_bogota,2005-05-19,3953165.2856
colombia,banco_de_bogota,2005-05-20,3989226.0864
colombia,banco_de_bogota,2005-05-23,3966688.0859
colombia,banco_de_bogota,2005-05-24,3921612.085
colombia,banco_de_bogota,2005-05-25,4011764.0869
colombia,banco_de_bogota,2005-05-26,4011764.0869
colombia,banco_de_bogota,2005-05-27,4007256.4868
colombia,banco_de_bogota,2005-05-31,3975703.2861
colombia,banco_de_bogota,2005-06-01,4011764.0869
colombia,banco_de_bogota,2005-06-02,4065855.2881
colombia,banco_de_bogota,2005-06-03,4097408.4888
colombia,banco_de_bogota,2005-06-07,4124454.0894
colombia,banco_de_bogota,2005-06-08,4101916.0889
colombia,banco_de_bogota,2005-06-09,4092900.8887
colombia,banco_de_bogota,2005-06-10,4119946.4893
colombia,banco_de_bogota,2005-06-13,4083885.6885
colombia,banco_de_bogota,2005-06-14,4101916.0889
colombia,banco_de_bogota,2005-06-15,4124454.0894
colombia,banco_de_bogota,2005-06-16,4128961.6895
colombia,banco_de_bogota,2005-06-17,4146992.0898
colombia,banco_de_bogota,2005-06-20,4169530.0903
colombia,banco_de_bogota,2005-06-21,4214606.0913
colombia,banco_de_bogota,2005-06-22,4205590.8911
colombia,banco_de_bogota,2005-06-23,4282220.0928
colombia,banco_de_bogota,2005-06-24,4259682.0923
colombia,banco_de_bogota,2005-06-27,4237144.0918
colombia,banco_de_bogota,2005-06-28,4282220.0928
colombia,banco_de_bogota,2005-06-29,4322788.4937
colombia,banco_de_bogota,2005-06-30,4349834.0942
colombia,banco_de_bogota,2005-07-01,4372372.0947
colombia,banco_de_bogota,2005-07-05,4367864.4946
colombia,banco_de_bogota,2005-07-06,4363356.8945
colombia,banco_de_bogota,2005-07-07,4358849.2944
colombia,banco_de_bogota,2005-07-08,4367864.4946
colombia,banco_de_bogota,2005-07-11,4439986.0962
colombia,banco_de_bogota,2005-07-12,4494077.2974
colombia,banco_de_bogota,2005-07-13,4489569.6973
colombia,banco_de_bogota,2005-07-14,4503092.4976
colombia,banco_de_bogota,2005-07-15,4512107.6978
colombia,banco_de_bogota,2005-07-18,4566198.8989
colombia,banco_de_bogota,2005-07-19,4615782.5
colombia,banco_de_bogota,2005-07-21,4665366.1011
colombia,banco_de_bogota,2005-07-22,4845670.105
colombia,banco_de_bogota,2005-07-25,5183740.1123
colombia,banco_de_bogota,2005-07-26,5161202.1118
colombia,banco_de_bogota,2005-07-27,5053019.7095
colombia,banco_de_bogota,2005-07-28,5183740.1123
colombia,banco_de_bogota,2005-07-29,5273892.1143
colombia,banco_de_bogota,2005-08-01,5318968.1152
colombia,banco_de_bogota,2005-08-02,5386582.1167
colombia,banco_de_bogota,2005-08-03,5386582.1167
colombia,banco_de_bogota,2005-08-04,5341506.1157
colombia,banco_de_bogota,2005-08-05,5318968.1152
colombia,banco_de_bogota,2005-08-08,5251354.1138
colombia,banco_de_bogota,2005-08-09,5156694.5117
colombia,banco_de_bogota,2005-08-10,5179232.5122
colombia,banco_de_bogota,2005-08-11,5273892.1143
colombia,banco_de_bogota,2005-08-12,5409120.1172
colombia,banco_de_bogota,2005-08-16,5431658.1177
colombia,banco_de_bogota,2005-08-17,5747190.1245
colombia,banco_de_bogota,2005-08-18,5706621.7236
colombia,banco_de_bogota,2005-08-19,5724652.124
colombia,banco_de_bogota,2005-08-22,5634500.1221
colombia,banco_de_bogota,2005-08-23,5364044.1162
colombia,banco_de_bogota,2005-08-24,5364044.1162
colombia,banco_de_bogota,2005-08-25,5364044.1162
colombia,banco_de_bogota,2005-08-26,5318968.1152
colombia,banco_de_bogota,2005-08-29,5071050.1099
colombia,banco_de_bogota,2005-08-30,5066542.5098
colombia,banco_de_bogota,2005-08-31,5080065.3101
colombia,banco_de_bogota,2005-09-01,5012451.3086
colombia,banco_de_bogota,2005-09-02,5273892.1143
colombia,banco_de_bogota,2005-09-05,5183740.1123
colombia,banco_de_bogota,2005-09-06,5138664.1113
colombia,banco_de_bogota,2005-09-07,5264876.9141
colombia,banco_de_bogota,2005-09-08,5228816.1133
colombia,banco_de_bogota,2005-09-09,5138664.1113
colombia,banco_de_bogota,2005-09-12,5071050.1099
colombia,banco_de_bogota,2005-09-13,5016958.9087
colombia,banco_de_bogota,2005-09-14,5120633.7109
colombia,banco_de_bogota,2005-09-15,5116126.1108
colombia,banco_de_bogota,2005-09-16,5071050.1099
colombia,banco_de_bogota,2005-09-19,5034989.3091
colombia,banco_de_bogota,2005-09-20,5021466.5088
colombia,banco_de_bogota,2005-09-21,5025974.1089
colombia,banco_de_bogota,2005-09-22,5007943.7085
colombia,banco_de_bogota,2005-09-23,5066542.5098
colombia,banco_de_bogota,2005-09-26,5048512.1094
colombia,banco_de_bogota,2005-09-27,4980898.1079
colombia,banco_de_bogota,2005-09-28,5003436.1084
colombia,banco_de_bogota,2005-09-29,5025974.1089
colombia,banco_de_bogota,2005-09-30,5003436.1084
colombia,banco_de_bogota,2005-10-03,5025974.1089
colombia,banco_de_bogota,2005-10-04,5080065.3101
colombia,banco_de_bogota,2005-10-05,5025974.1089
colombia,banco_de_bogota,2005-10-06,4980898.1079
colombia,banco_de_bogota,2005-10-07,4958360.1074
colombia,banco_de_bogota,2005-10-10,4841162.5049
colombia,banco_de_bogota,2005-10-11,4868208.1055
colombia,banco_de_bogota,2005-10-12,5025974.1089
colombia,banco_de_bogota,2005-10-13,5183740.1123
colombia,banco_de_bogota,2005-10-14,5206278.1128
colombia,banco_de_bogota,2005-10-18,5093588.1104
colombia,banco_de_bogota,2005-10-19,5206278.1128
colombia,banco_de_bogota,2005-10-20,5318968.1152
colombia,banco_de_bogota,2005-10-21,5287414.9146
colombia,banco_de_bogota,2005-10-24,5251354.1138
colombia,banco_de_bogota,2005-10-25,5251354.1138
colombia,banco_de_bogota,2005-10-26,5242338.9136
colombia,banco_de_bogota,2005-10-27,5233323.7134
colombia,banco_de_bogota,2005-10-28,5296430.1147
colombia,banco_de_bogota,2005-10-31,5296430.1147
colombia,banco_de_bogota,2005-11-01,5409120.1172
colombia,banco_de_bogota,2005-11-02,5526317.7197
colombia,banco_de_bogota,2005-11-03,5774235.7251
colombia,banco_de_bogota,2005-11-04,5783250.9253
colombia,banco_de_bogota,2005-11-08,5751697.7246
colombia,banco_de_bogota,2005-11-09,5778743.3252
colombia,banco_de_bogota,2005-11-10,5796773.7256
colombia,banco_de_bogota,2005-11-11,5882418.1274
colombia,banco_de_bogota,2005-11-15,5859880.127
colombia,banco_de_bogota,2005-11-16,5859880.127
colombia,banco_de_bogota,2005-11-17,5972570.1294
colombia,banco_de_bogota,2005-11-18,5972570.1294
colombia,banco_de_bogota,2005-11-21,5855372.5269
colombia,banco_de_bogota,2005-11-22,5932001.7285
colombia,banco_de_bogota,2005-11-23,5995108.1299
colombia,banco_de_bogota,2005-11-24,5986092.9297
colombia,banco_de_bogota,2005-11-25,6017646.1304
colombia,banco_de_bogota,2005-11-28,6085260.1318
colombia,banco_de_bogota,2005-11-29,6085260.1318
colombia,banco_de_bogota,2005-11-30,6080752.5317
colombia,banco_de_bogota,2005-12-01,6067229.7314
colombia,banco_de_bogota,2005-12-02,6062722.1313
colombia,banco_de_bogota,2005-12-05,6085260.1318
colombia,banco_de_bogota,2005-12-06,6355716.1377
colombia,banco_de_bogota,2005-12-07,6220488.1348
colombia,banco_de_bogota,2005-12-09,6310640.1367
colombia,banco_de_bogota,2005-12-12,6351208.5376
colombia,banco_de_bogota,2005-12-13,6355716.1377
colombia,banco_de_bogota,2005-12-14,6378254.1382
colombia,banco_de_bogota,2005-12-15,6409807.3389
colombia,banco_de_bogota,2005-12-16,6400792.1387
colombia,banco_de_bogota,2005-12-19,6355716.1377
colombia,banco_de_bogota,2005-12-20,6310640.1367
colombia,banco_de_bogota,2005-12-21,6400792.1387
colombia,banco_de_bogota,2005-12-22,6581096.1426
colombia,banco_de_bogota,2005-12-23,6581096.1426
colombia,banco_de_bogota,2005-12-26,6603634.1431
colombia,banco_de_bogota,2005-12-27,6648710.144
colombia,banco_de_bogota,2005-12-28,6720831.7456
colombia,banco_de_bogota,2005-12-29,6761400.1465
colombia,banco_de_bogota,2006-01-02,6761400.1465
colombia,banco_de_bogota,2006-01-03,6653217.7441
colombia,banco_de_bogota,2006-01-04,6986780.1514
colombia,banco_de_bogota,2006-01-05,6986780.1514
colombia,banco_de_bogota,2006-01-06,6986780.1514
colombia,banco_de_bogota,2006-01-10,6986780.1514
colombia,banco_de_bogota,2006-01-11,6986780.1514
colombia,banco_de_bogota,2006-01-12,6910150.9497
colombia,banco_de_bogota,2006-01-13,6986780.1514
colombia,banco_de_bogota,2006-01-16,6968749.751
colombia,banco_de_bogota,2006-01-17,6955226.9507
colombia,banco_de_bogota,2006-01-18,6856059.7485
colombia,banco_de_bogota,2006-01-19,6671248.1445
colombia,banco_de_bogota,2006-01-20,6738862.146
colombia,banco_de_bogota,2006-01-23,6783938.147
colombia,banco_de_bogota,2006-01-24,6964242.1509
colombia,banco_de_bogota,2006-01-25,6964242.1509
colombia,banco_de_bogota,2006-01-26,6986780.1514
colombia,banco_de_bogota,2006-01-27,7212160.1563
colombia,banco_de_bogota,2006-01-30,7279774.1577
colombia,banco_de_bogota,2006-01-31,7207652.5562
colombia,banco_de_bogota,2006-02-01,6964242.1509
colombia,banco_de_bogota,2006-02-02,6959734.5508
colombia,banco_de_bogota,2006-02-03,6874090.1489
colombia,banco_de_bogota,2006-02-06,6693786.145
colombia,banco_de_bogota,2006-02-07,6423330.1392
colombia,banco_de_bogota,2006-02-08,6432345.3394
colombia,banco_de_bogota,2006-02-09,6581096.1426
colombia,banco_de_bogota,2006-02-10,7144546.1548
colombia,banco_de_bogota,2006-02-13,7212160.1563
colombia,banco_de_bogota,2006-02-14,7099470.1538
colombia,banco_de_bogota,2006-02-15,7031856.1523
colombia,banco_de_bogota,2006-02-16,6941704.1504
colombia,banco_de_bogota,2006-02-17,6941704.1504
colombia,banco_de_bogota,2006-02-20,6986780.1514
colombia,banco_de_bogota,2006-02-21,6995795.3516
colombia,banco_de_bogota,2006-02-22,7212160.1563
colombia,banco_de_bogota,2006-02-23,7329357.7588
colombia,banco_de_bogota,2006-02-24,7369926.1597
colombia,banco_de_bogota,2006-02-27,7387956.5601
colombia,banco_de_bogota,2006-02-28,7329357.7588
colombia,banco_de_bogota,2006-03-01,7401479.3604
colombia,banco_de_bogota,2006-03-02,7550230.1636
colombia,banco_de_bogota,2006-03-03,7626859.3652
colombia,banco_de_bogota,2006-03-06,7212160.1563
colombia,banco_de_bogota,2006-03-07,7212160.1563
colombia,banco_de_bogota,2006-03-08,7460078.1616
colombia,banco_de_bogota,2006-03-09,7658412.5659
colombia,banco_de_bogota,2006-03-10,7685458.1665
colombia,banco_de_bogota,2006-03-13,7888300.1709
colombia,banco_de_bogota,2006-03-14,7888300.1709
colombia,banco_de_bogota,2006-03-15,8028035.7739
colombia,banco_de_bogota,2006-03-16,8230877.7783
colombia,banco_de_bogota,2006-03-17,8239892.9785
colombia,banco_de_bogota,2006-03-21,8203832.1777
colombia,banco_de_bogota,2006-03-22,8185801.7773
colombia,banco_de_bogota,2006-03-23,8203832.1777
colombia,banco_de_bogota,2006-03-24,8199324.5776
colombia,banco_de_bogota,2006-03-27,8203832.1777
colombia,banco_de_bogota,2006-03-28,8221862.5781
colombia,banco_de_bogota,2006-03-29,8226370.1782
colombia,banco_de_bogota,2006-03-30,8172278.9771
colombia,banco_de_bogota,2006-03-31,8212847.3779
colombia,banco_de_bogota,2006-04-03,8248908.1787
colombia,banco_de_bogota,2006-04-04,8226370.1782
colombia,banco_de_bogota,2006-04-05,8158756.1768
colombia,banco_de_bogota,2006-04-06,8181294.1772
colombia,banco_de_bogota,2006-04-07,8046066.1743
colombia,banco_de_bogota,2006-04-10,8046066.1743
colombia,banco_de_bogota,2006-04-11,8068604.1748
colombia,banco_de_bogota,2006-04-12,8226370.1782
colombia,banco_de_bogota,2006-04-17,8266938.5791
colombia,banco_de_bogota,2006-04-18,8230877.7783
colombia,banco_de_bogota,2006-04-19,8226370.1782
colombia,banco_de_bogota,2006-04-20,8284968.9795
colombia,banco_de_bogota,2006-04-21,8284968.9795
colombia,banco_de_bogota,2006-04-24,8339060.1807
colombia,banco_de_bogota,2006-04-25,8248908.1787
colombia,banco_de_bogota,2006-04-26,8221862.5781
colombia,banco_de_bogota,2006-04-27,8221862.5781
colombia,banco_de_bogota,2006-04-28,8239892.9785
colombia,banco_de_bogota,2006-05-02,8226370.1782
colombia,banco_de_bogota,2006-05-03,8203832.1777
colombia,banco_de_bogota,2006-05-04,8091142.1753
colombia,banco_de_bogota,2006-05-05,8109172.5757
colombia,banco_de_bogota,2006-05-08,8100157.3755
colombia,banco_de_bogota,2006-05-09,8000990.1733
colombia,banco_de_bogota,2006-05-10,7942391.3721
colombia,banco_de_bogota,2006-05-11,7888300.1709
colombia,banco_de_bogota,2006-05-12,7775610.1685
colombia,banco_de_bogota,2006-05-15,7437540.1611
colombia,banco_de_bogota,2006-05-16,7076932.1533
colombia,banco_de_bogota,2006-05-17,6720831.7456
colombia,banco_de_bogota,2006-05-18,6085260.1318
colombia,banco_de_bogota,2006-05-19,5945524.5288
colombia,banco_de_bogota,2006-05-22,5814804.126
colombia,banco_de_bogota,2006-05-23,5864387.7271
colombia,banco_de_bogota,2006-05-24,5904956.1279
colombia,banco_de_bogota,2006-05-25,6504466.9409
colombia,banco_de_bogota,2006-05-26,7212160.1563
colombia,banco_de_bogota,2006-05-30,6765907.7466
colombia,banco_de_bogota,2006-05-31,6761400.1465
colombia,banco_de_bogota,2006-06-01,6738862.146
colombia,banco_de_bogota,2006-06-02,6738862.146
colombia,banco_de_bogota,2006-06-05,6738862.146
colombia,banco_de_bogota,2006-06-06,6310640.1367
colombia,banco_de_bogota,2006-06-07,5711129.3237
colombia,banco_de_bogota,2006-06-08,5409120.1172
colombia,banco_de_bogota,2006-06-09,5472226.5186
colombia,banco_de_bogota,2006-06-12,4976390.5078
colombia,banco_de_bogota,2006-06-13,4480554.4971
colombia,banco_de_bogota,2006-06-14,4620290.1001
colombia,banco_de_bogota,2006-06-15,5183740.1123
colombia,banco_de_bogota,2006-06-16,5404612.5171
colombia,banco_de_bogota,2006-06-20,4958360.1074
colombia,banco_de_bogota,2006-06-21,5048512.1094
colombia,banco_de_bogota,2006-06-22,5071050.1099
colombia,banco_de_bogota,2006-06-23,4962867.7075
colombia,banco_de_bogota,2006-06-27,5071050.1099
colombia,banco_de_bogota,2006-06-28,4845670.105
colombia,banco_de_bogota,2006-06-29,4890746.106
colombia,banco_de_bogota,2006-06-30,5071050.1099
colombia,banco_de_bogota,2006-07-04,5093588.1104
colombia,banco_de_bogota,2006-07-05,5084572.9102
colombia,banco_de_bogota,2006-07-06,5273892.1143
colombia,banco_de_bogota,2006-07-07,5431658.1177
colombia,banco_de_bogota,2006-07-10,5598439.3213
colombia,banco_de_bogota,2006-07-11,5431658.1177
colombia,banco_de_bogota,2006-07-12,5544348.1201
colombia,banco_de_bogota,2006-07-13,5589424.1211
colombia,banco_de_bogota,2006-07-14,5431658.1177
colombia,banco_de_bogota,2006-07-17,5327983.3154
colombia,banco_de_bogota,2006-07-18,5364044.1162
colombia,banco_de_bogota,2006-07-19,5521810.1196
colombia,banco_de_bogota,2006-07-21,5521810.1196
colombia,banco_de_bogota,2006-07-24,5589424.1211
colombia,banco_de_bogota,2006-07-25,5634500.1221
colombia,banco_de_bogota,2006-07-26,5855372.5269
colombia,banco_de_bogota,2006-07-27,6130336.1328
colombia,banco_de_bogota,2006-07-28,6211472.9346
colombia,banco_de_bogota,2006-07-31,6355716.1377
colombia,banco_de_bogota,2006-08-01,6315147.7368
colombia,banco_de_bogota,2006-08-02,6378254.1382
colombia,banco_de_bogota,2006-08-03,6536020.1416
colombia,banco_de_bogota,2006-08-04,6806476.1475
colombia,banco_de_bogota,2006-08-08,6783938.147
colombia,banco_de_bogota,2006-08-09,6829014.1479
colombia,banco_de_bogota,2006-08-10,6621664.5435
colombia,banco_de_bogota,2006-08-11,6630679.7437
colombia,banco_de_bogota,2006-08-14,6599126.543
colombia,banco_de_bogota,2006-08-15,6761400.1465
colombia,banco_de_bogota,2006-08-16,6666740.5444
colombia,banco_de_bogota,2006-08-17,6738862.146
colombia,banco_de_bogota,2006-08-18,6761400.1465
colombia,banco_de_bogota,2006-08-22,6770415.3467
colombia,banco_de_bogota,2006-08-23,6729846.9458
colombia,banco_de_bogota,2006-08-24,6657725.3442
colombia,banco_de_bogota,2006-08-25,6603634.1431
colombia,banco_de_bogota,2006-08-28,6671248.1445
colombia,banco_de_bogota,2006-08-29,6657725.3442
colombia,banco_de_bogota,2006-08-30,6716324.1455
colombia,banco_de_bogota,2006-08-31,6716324.1455
colombia,banco_de_bogota,2006-09-01,6738862.146
colombia,banco_de_bogota,2006-09-04,6711816.5454
colombia,banco_de_bogota,2006-09-05,6648710.144
colombia,banco_de_bogota,2006-09-06,6585603.7427
colombia,banco_de_bogota,2006-09-07,6423330.1392
colombia,banco_de_bogota,2006-09-08,6536020.1416
colombia,banco_de_bogota,2006-09-11,6720831.7456
colombia,banco_de_bogota,2006-09-12,6472913.7402
colombia,banco_de_bogota,2006-09-13,6626172.1436
colombia,banco_de_bogota,2006-09-14,6761400.1465
colombia,banco_de_bogota,2006-09-15,6783938.147
colombia,banco_de_bogota,2006-09-18,6761400.1465
colombia,banco_de_bogota,2006-09-19,6711816.5454
colombia,banco_de_bogota,2006-09-20,6756892.5464
colombia,banco_de_bogota,2006-09-21,6536020.1416
colombia,banco_de_bogota,2006-09-22,6558558.1421
colombia,banco_de_bogota,2006-09-25,6468406.1401
colombia,banco_de_bogota,2006-09-26,6558558.1421
colombia,banco_de_bogota,2006-09-27,6536020.1416
colombia,banco_de_bogota,2006-09-28,6545035.3418
colombia,banco_de_bogota,2006-09-29,6603634.1431
colombia,banco_de_bogota,2006-10-02,6648710.144
colombia,banco_de_bogota,2006-10-03,6716324.1455
colombia,banco_de_bogota,2006-10-04,6756892.5464
colombia,banco_de_bogota,2006-10-05,6806476.1475
colombia,banco_de_bogota,2006-10-06,6851552.1484
colombia,banco_de_bogota,2006-10-09,6874090.1489
colombia,banco_de_bogota,2006-10-10,7094962.5537
colombia,banco_de_bogota,2006-10-11,7149053.7549
colombia,banco_de_bogota,2006-10-12,6946211.7505
colombia,banco_de_bogota,2006-10-13,6986780.1514
colombia,banco_de_bogota,2006-10-17,7076932.1533
colombia,banco_de_bogota,2006-10-18,7122008.1543
colombia,banco_de_bogota,2006-10-19,7144546.1548
colombia,banco_de_bogota,2006-10-20,7149053.7549
colombia,banco_de_bogota,2006-10-23,7099470.1538
colombia,banco_de_bogota,2006-10-24,7076932.1533
colombia,banco_de_bogota,2006-10-25,7099470.1538
colombia,banco_de_bogota,2006-10-26,7112992.9541
colombia,banco_de_bogota,2006-10-27,7117500.5542
colombia,banco_de_bogota,2006-10-30,7031856.1523
colombia,banco_de_bogota,2006-10-31,7094962.5537
colombia,banco_de_bogota,2006-11-01,7167084.1553
colombia,banco_de_bogota,2006-11-02,7189622.1558
colombia,banco_de_bogota,2006-11-03,7257236.1572
colombia,banco_de_bogota,2006-11-07,7324850.1587
colombia,banco_de_bogota,2006-11-08,7369926.1597
colombia,banco_de_bogota,2006-11-09,7347388.1592
colombia,banco_de_bogota,2006-11-10,7302312.1582
colombia,banco_de_bogota,2006-11-14,7288789.3579
colombia,banco_de_bogota,2006-11-15,7257236.1572
colombia,banco_de_bogota,2006-11-16,7090454.9536
colombia,banco_de_bogota,2006-11-17,7099470.1538
colombia,banco_de_bogota,2006-11-20,7144546.1548
colombia,banco_de_bogota,2006-11-21,7131023.3545
colombia,banco_de_bogota,2006-11-22,7085947.3535
colombia,banco_de_bogota,2006-11-23,7099470.1538
colombia,banco_de_bogota,2006-11-24,7099470.1538
colombia,banco_de_bogota,2006-11-27,6986780.1514
colombia,banco_de_bogota,2006-11-28,7054394.1528
colombia,banco_de_bogota,2006-11-29,7036363.7524
colombia,banco_de_bogota,2006-11-30,7036363.7524
colombia,banco_de_bogota,2006-12-01,7103977.7539
colombia,banco_de_bogota,2006-12-04,7487123.7622
colombia,banco_de_bogota,2006-12-05,7550230.1636
colombia,banco_de_bogota,2006-12-06,7437540.1611
colombia,banco_de_bogota,2006-12-07,7437540.1611
colombia,banco_de_bogota,2006-12-11,7401479.3604
colombia,banco_de_bogota,2006-12-12,7347388.1592
colombia,banco_de_bogota,2006-12-13,7469093.3618
colombia,banco_de_bogota,2006-12-14,7563752.9639
colombia,banco_de_bogota,2006-12-15,7550230.1636
colombia,banco_de_bogota,2006-12-18,7595306.1646
colombia,banco_de_bogota,2006-12-19,7572768.1641
colombia,banco_de_bogota,2006-12-20,7532199.7632
colombia,banco_de_bogota,2006-12-21,7586290.9644
colombia,banco_de_bogota,2006-12-22,7595306.1646
colombia,banco_de_bogota,2006-12-26,7437540.1611
colombia,banco_de_bogota,2006-12-27,7437540.1611
colombia,banco_de_bogota,2006-12-28,7460078.1616
colombia,banco_de_bogota,2007-01-02,7279774.1577
colombia,banco_de_bogota,2007-01-03,7270758.9575
colombia,banco_de_bogota,2007-01-04,7369926.1597
colombia,banco_de_bogota,2007-01-05,7212160.1563
colombia,banco_de_bogota,2007-01-09,7212160.1563
colombia,banco_de_bogota,2007-01-10,7207652.5562
colombia,banco_de_bogota,2007-01-11,7212160.1563
colombia,banco_de_bogota,2007-01-12,7257236.1572
colombia,banco_de_bogota,2007-01-15,7257236.1572
colombia,banco_de_bogota,2007-01-16,7257236.1572
colombia,banco_de_bogota,2007-01-17,7338372.959
colombia,banco_de_bogota,2007-01-18,7257236.1572
colombia,banco_de_bogota,2007-01-19,7212160.1563
colombia,banco_de_bogota,2007-01-22,7207652.5562
colombia,banco_de_bogota,2007-01-23,7257236.1572
colombia,banco_de_bogota,2007-01-24,7212160.1563
colombia,banco_de_bogota,2007-01-25,7239205.7568
colombia,banco_de_bogota,2007-01-26,7257236.1572
colombia,banco_de_bogota,2007-01-29,7212160.1563
colombia,banco_de_bogota,2007-01-30,7212160.1563
colombia,banco_de_bogota,2007-01-31,7185114.5557
colombia,banco_de_bogota,2007-02-01,7171591.7554
colombia,banco_de_bogota,2007-02-02,7167084.1553
colombia,banco_de_bogota,2007-02-05,7167084.1553
colombia,banco_de_bogota,2007-02-06,7180606.9556
colombia,banco_de_bogota,2007-02-07,7189622.1558
colombia,banco_de_bogota,2007-02-08,7099470.1538
colombia,banco_de_bogota,2007-02-09,7122008.1543
colombia,banco_de_bogota,2007-02-12,7090454.9536
colombia,banco_de_bogota,2007-02-13,7027348.5522
colombia,banco_de_bogota,2007-02-14,7036363.7524
colombia,banco_de_bogota,2007-02-15,7027348.5522
colombia,banco_de_bogota,2007-02-16,6986780.1514
colombia,banco_de_bogota,2007-02-19,6941704.1504
colombia,banco_de_bogota,2007-02-20,6865074.9487
colombia,banco_de_bogota,2007-02-21,6761400.1465
colombia,banco_de_bogota,2007-02-22,6788445.7471
colombia,banco_de_bogota,2007-02-23,6761400.1465
colombia,banco_de_bogota,2007-02-26,6626172.1436
colombia,banco_de_bogota,2007-02-27,6563065.7422
colombia,banco_de_bogota,2007-02-28,6581096.1426
colombia,banco_de_bogota,2007-03-01,6558558.1421
colombia,banco_de_bogota,2007-03-02,6558558.1421
colombia,banco_de_bogota,2007-03-05,6558558.1421
colombia,banco_de_bogota,2007-03-06,6490944.1406
colombia,banco_de_bogota,2007-03-07,6576588.5425
colombia,banco_de_bogota,2007-03-08,6639694.9438
colombia,banco_de_bogota,2007-03-09,6716324.1455
colombia,banco_de_bogota,2007-03-12,6738862.146
colombia,banco_de_bogota,2007-03-13,6716324.1455
colombia,banco_de_bogota,2007-03-14,6648710.144
colombia,banco_de_bogota,2007-03-15,6720831.7456
colombia,banco_de_bogota,2007-03-16,6738862.146
colombia,banco_de_bogota,2007-03-20,6783938.147
colombia,banco_de_bogota,2007-03-21,6806476.1475
colombia,banco_de_bogota,2007-03-22,6829014.1479
colombia,banco_de_bogota,2007-03-23,6829014.1479
colombia,banco_de_bogota,2007-03-26,6829014.1479
colombia,banco_de_bogota,2007-03-27,7194539.8804
colombia,banco_de_bogota,2007-03-28,7146893.9209
colombia,banco_de_bogota,2007-03-29,7165952.3047
colombia,banco_de_bogota,2007-03-30,7189775.2844
colombia,banco_de_bogota,2007-04-02,7185010.6885
colombia,banco_de_bogota,2007-04-03,7194539.8804
colombia,banco_de_bogota,2007-04-04,7194539.8804
colombia,banco_de_bogota,2007-04-09,7204069.0723
colombia,banco_de_bogota,2007-04-10,7194539.8804
colombia,banco_de_bogota,2007-04-11,7194539.8804
colombia,banco_de_bogota,2007-04-12,7213598.2642
colombia,banco_de_bogota,2007-04-13,7227892.052
colombia,banco_de_bogota,2007-04-16,7218362.8601
colombia,banco_de_bogota,2007-04-17,7213598.2642
colombia,banco_de_bogota,2007-04-18,7213598.2642
colombia,banco_de_bogota,2007-04-19,7208833.6682
colombia,banco_de_bogota,2007-04-20,7261244.2236
colombia,banco_de_bogota,2007-04-23,7246950.4358
colombia,banco_de_bogota,2007-04-24,7213598.2642
colombia,banco_de_bogota,2007-04-25,7194539.8804
colombia,banco_de_bogota,2007-04-26,7218362.8601
colombia,banco_de_bogota,2007-04-27,7227892.052
colombia,banco_de_bogota,2007-04-30,7242185.8398
colombia,banco_de_bogota,2007-05-02,7137364.729
colombia,banco_de_bogota,2007-05-03,7151658.5168
colombia,banco_de_bogota,2007-05-04,7146893.9209
colombia,banco_de_bogota,2007-05-07,7075424.9817
colombia,banco_de_bogota,2007-05-08,7108777.1533
colombia,banco_de_bogota,2007-05-09,7118306.3452
colombia,banco_de_bogota,2007-05-10,7051602.002
colombia,banco_de_bogota,2007-05-11,6956310.083
colombia,banco_de_bogota,2007-05-14,6984897.6587
colombia,banco_de_bogota,2007-05-15,6913428.7195
colombia,banco_de_bogota,2007-05-16,6908664.1235
colombia,banco_de_bogota,2007-05-17,6861018.1641
colombia,banco_de_bogota,2007-05-18,6875311.9519
colombia,banco_de_bogota,2007-05-22,6861018.1641
colombia,banco_de_bogota,2007-05-23,6813372.2046
colombia,banco_de_bogota,2007-05-24,6765726.2451
colombia,banco_de_bogota,2007-05-25,6675198.9221
colombia,banco_de_bogota,2007-05-28,6622788.3667
colombia,banco_de_bogota,2007-05-29,6570377.8113
colombia,banco_de_bogota,2007-05-30,6527496.4478
colombia,banco_de_bogota,2007-05-31,6551319.4275
colombia,banco_de_bogota,2007-06-01,6646611.3464
colombia,banco_de_bogota,2007-06-04,6670434.3262
colombia,banco_de_bogota,2007-06-05,6718080.2856
colombia,banco_de_bogota,2007-06-06,6741903.2654
colombia,banco_de_bogota,2007-06-07,6727609.4775
colombia,banco_de_bogota,2007-06-08,6670434.3262
colombia,banco_de_bogota,2007-06-12,6789549.2249
colombia,banco_de_bogota,2007-06-13,6980133.0627
colombia,banco_de_bogota,2007-06-14,7037308.2141
colombia,banco_de_bogota,2007-06-15,7161187.7087
colombia,banco_de_bogota,2007-06-19,7061131.1938
colombia,banco_de_bogota,2007-06-20,7051602.002
colombia,banco_de_bogota,2007-06-21,7023014.4263
colombia,banco_de_bogota,2007-06-22,7027779.0222
colombia,banco_de_bogota,2007-06-25,7132600.1331
colombia,banco_de_bogota,2007-06-26,7094483.3655
colombia,banco_de_bogota,2007-06-27,7094483.3655
colombia,banco_de_bogota,2007-06-28,7070660.3857
colombia,banco_de_bogota,2007-06-29,7161187.7087
colombia,banco_de_bogota,2007-07-03,7056366.5979
colombia,banco_de_bogota,2007-07-04,7084954.1736
colombia,banco_de_bogota,2007-07-05,7123070.9412
colombia,banco_de_bogota,2007-07-06,7151658.5168
colombia,banco_de_bogota,2007-07-09,7156423.1128
colombia,banco_de_bogota,2007-07-10,7361300.7385
colombia,banco_de_bogota,2007-07-11,7294596.3953
colombia,banco_de_bogota,2007-07-12,7385123.7183
colombia,banco_de_bogota,2007-07-13,7456592.6575
colombia,banco_de_bogota,2007-07-16,7451828.0615
colombia,banco_de_bogota,2007-07-17,7437534.2737
colombia,banco_de_bogota,2007-07-18,7432769.6777
colombia,banco_de_bogota,2007-07-19,7442298.8696
colombia,banco_de_bogota,2007-07-23,7447063.4656
colombia,banco_de_bogota,2007-07-24,7623353.5156
colombia,banco_de_bogota,2007-07-25,7742468.4143
colombia,banco_de_bogota,2007-07-26,7670999.4751
colombia,banco_de_bogota,2007-07-27,7685293.2629
colombia,banco_de_bogota,2007-07-30,7713880.8386
colombia,banco_de_bogota,2007-07-31,7813937.3535
colombia,banco_de_bogota,2007-08-01,7832995.7373
colombia,banco_de_bogota,2007-08-02,7861583.313
colombia,banco_de_bogota,2007-08-03,7866347.9089
colombia,banco_de_bogota,2007-08-06,7813937.3535
colombia,banco_de_bogota,2007-08-08,7842524.9292
colombia,banco_de_bogota,2007-08-09,7790114.3738
colombia,banco_de_bogota,2007-08-10,7790114.3738
colombia,banco_de_bogota,2007-08-13,7790114.3738
colombia,banco_de_bogota,2007-08-14,7694822.4548
colombia,banco_de_bogota,2007-08-15,7623353.5156
colombia,banco_de_bogota,2007-08-16,7456592.6575
colombia,banco_de_bogota,2007-08-17,7628118.1116
colombia,banco_de_bogota,2007-08-21,7599530.5359
colombia,banco_de_bogota,2007-08-22,7628118.1116
colombia,banco_de_bogota,2007-08-23,7647176.4954
colombia,banco_de_bogota,2007-08-24,7694822.4548
colombia,banco_de_bogota,2007-08-27,7504238.6169
colombia,banco_de_bogota,2007-08-28,7599530.5359
colombia,banco_de_bogota,2007-08-29,7618588.9197
colombia,banco_de_bogota,2007-08-30,7647176.4954
colombia,banco_de_bogota,2007-08-31,7742468.4143
colombia,banco_de_bogota,2007-09-03,7666234.8792
colombia,banco_de_bogota,2007-09-04,7718645.4346
colombia,banco_de_bogota,2007-09-05,7852054.1211
colombia,banco_de_bogota,2007-09-06,7794878.9697
colombia,banco_de_bogota,2007-09-07,7790114.3738
colombia,banco_de_bogota,2007-09-10,7742468.4143
colombia,banco_de_bogota,2007-09-11,7742468.4143
colombia,banco_de_bogota,2007-09-12,7623353.5156
colombia,banco_de_bogota,2007-09-13,7694822.4548
colombia,banco_de_bogota,2007-09-14,7513767.8088
colombia,banco_de_bogota,2007-09-17,7442298.8696
colombia,banco_de_bogota,2007-09-18,7504238.6169
colombia,banco_de_bogota,2007-09-19,7389888.3142
colombia,banco_de_bogota,2007-09-20,7361300.7385
colombia,banco_de_bogota,2007-09-21,7170716.9006
colombia,banco_de_bogota,2007-09-24,7146893.9209
colombia,banco_de_bogota,2007-09-25,7104012.5574
colombia,banco_de_bogota,2007-09-26,7151658.5168
colombia,banco_de_bogota,2007-09-27,7165952.3047
colombia,banco_de_bogota,2007-09-28,7146893.9209
colombia,banco_de_bogota,2007-10-01,7261244.2236
colombia,banco_de_bogota,2007-10-02,7318419.375
colombia,banco_de_bogota,2007-10-03,7313654.7791
colombia,banco_de_bogota,2007-10-04,7289831.7993
colombia,banco_de_bogota,2007-10-05,7504238.6169
colombia,banco_de_bogota,2007-10-08,7504238.6169
colombia,banco_de_bogota,2007-10-09,7432769.6777
colombia,banco_de_bogota,2007-10-10,7385123.7183
colombia,banco_de_bogota,2007-10-11,7385123.7183
colombia,banco_de_bogota,2007-10-12,7408946.698
colombia,banco_de_bogota,2007-10-16,7337477.7588
colombia,banco_de_bogota,2007-10-17,7266008.8196
colombia,banco_de_bogota,2007-10-18,7266008.8196
colombia,banco_de_bogota,2007-10-19,7323183.9709
colombia,banco_de_bogota,2007-10-22,7385123.7183
colombia,banco_de_bogota,2007-10-23,7456592.6575
colombia,banco_de_bogota,2007-10-24,7428005.0818
colombia,banco_de_bogota,2007-10-25,7432769.6777
colombia,banco_de_bogota,2007-10-26,7432769.6777
colombia,banco_de_bogota,2007-10-29,7528061.5967
colombia,banco_de_bogota,2007-10-30,7718645.4346
colombia,banco_de_bogota,2007-10-31,7694822.4548
colombia,banco_de_bogota,2007-11-01,7742468.4143
colombia,banco_de_bogota,2007-11-02,7880641.6968
colombia,banco_de_bogota,2007-11-06,7904464.6765
colombia,banco_de_bogota,2007-11-07,7885406.2927
colombia,banco_de_bogota,2007-11-08,7818701.9495
colombia,banco_de_bogota,2007-11-09,7856818.717
colombia,banco_de_bogota,2007-11-13,7718645.4346
colombia,banco_de_bogota,2007-11-14,7966404.4238
colombia,banco_de_bogota,2007-11-15,8033108.7671
colombia,banco_de_bogota,2007-11-16,7980698.2117
colombia,banco_de_bogota,2007-11-19,7985462.8076
colombia,banco_de_bogota,2007-11-20,8099813.1104
colombia,banco_de_bogota,2007-11-21,8004521.1914
colombia,banco_de_bogota,2007-11-22,8061696.3428
colombia,banco_de_bogota,2007-11-23,8099813.1104
colombia,banco_de_bogota,2007-11-26,8099813.1104
colombia,banco_de_bogota,2007-11-27,8099813.1104
colombia,banco_de_bogota,2007-11-28,8109342.3022
colombia,banco_de_bogota,2007-11-29,8056931.7468
colombia,banco_de_bogota,2007-11-30,8056931.7468
colombia,banco_de_bogota,2007-12-03,8028344.1711
colombia,banco_de_bogota,2007-12-04,7904464.6765
colombia,banco_de_bogota,2007-12-05,7899700.0806
colombia,banco_de_bogota,2007-12-06,7909229.2725
colombia,banco_de_bogota,2007-12-07,7861583.313
colombia,banco_de_bogota,2007-12-10,7852054.1211
colombia,banco_de_bogota,2007-12-11,7751997.6062
colombia,banco_de_bogota,2007-12-12,7790114.3738
colombia,banco_de_bogota,2007-12-13,7809172.7576
colombia,banco_de_bogota,2007-12-14,7813937.3535
colombia,banco_de_bogota,2007-12-17,7718645.4346
colombia,banco_de_bogota,2007-12-18,7718645.4346
colombia,banco_de_bogota,2007-12-19,7790114.3738
colombia,banco_de_bogota,2007-12-20,7718645.4346
colombia,banco_de_bogota,2007-12-21,7766291.394
colombia,banco_de_bogota,2007-12-24,7790114.3738
colombia,banco_de_bogota,2007-12-26,7790114.3738
colombia,banco_de_bogota,2007-12-27,7742468.4143
colombia,banco_de_bogota,2007-12-28,7742468.4143
colombia,banco_de_bogota,2008-01-02,7742468.4143
colombia,banco_de_bogota,2008-01-03,7623353.5156
colombia,banco_de_bogota,2008-01-04,7623353.5156
colombia,banco_de_bogota,2008-01-08,7623353.5156
colombia,banco_de_bogota,2008-01-09,7599530.5359
colombia,banco_de_bogota,2008-01-10,7551884.5764
colombia,banco_de_bogota,2008-01-11,7551884.5764
colombia,banco_de_bogota,2008-01-14,7266008.8196
colombia,banco_de_bogota,2008-01-15,7170716.9006
colombia,banco_de_bogota,2008-01-16,7170716.9006
colombia,banco_de_bogota,2008-01-17,7146893.9209
colombia,banco_de_bogota,2008-01-18,6908664.1235
colombia,banco_de_bogota,2008-01-21,6322618.822
colombia,banco_de_bogota,2008-01-22,6670434.3262
colombia,banco_de_bogota,2008-01-23,6908664.1235
colombia,banco_de_bogota,2008-01-24,7146893.9209
colombia,banco_de_bogota,2008-01-25,7146893.9209
colombia,banco_de_bogota,2008-01-28,7027779.0222
colombia,banco_de_bogota,2008-01-29,7027779.0222
colombia,banco_de_bogota,2008-01-30,7146893.9209
colombia,banco_de_bogota,2008-01-31,7132600.1331
colombia,banco_de_bogota,2008-02-01,7146893.9209
colombia,banco_de_bogota,2008-02-04,7146893.9209
colombia,banco_de_bogota,2008-02-05,7027779.0222
colombia,banco_de_bogota,2008-02-06,7051602.002
colombia,banco_de_bogota,2008-02-07,6908664.1235
colombia,banco_de_bogota,2008-02-08,6908664.1235
colombia,banco_de_bogota,2008-02-11,6908664.1235
colombia,banco_de_bogota,2008-02-12,7123070.9412
colombia,banco_de_bogota,2008-02-13,6994426.8506
colombia,banco_de_bogota,2008-02-14,6989662.2546
colombia,banco_de_bogota,2008-02-15,7003956.0425
colombia,banco_de_bogota,2008-02-18,6994426.8506
colombia,banco_de_bogota,2008-02-19,6994426.8506
colombia,banco_de_bogota,2008-02-20,6956310.083
colombia,banco_de_bogota,2008-02-21,6937251.6992
colombia,banco_de_bogota,2008-02-22,6708551.0938
colombia,banco_de_bogota,2008-02-25,6784784.6289
colombia,banco_de_bogota,2008-02-26,6903899.5276
colombia,banco_de_bogota,2008-02-27,6980133.0627
colombia,banco_de_bogota,2008-02-28,6994426.8506
colombia,banco_de_bogota,2008-02-29,6908664.1235
colombia,banco_de_bogota,2008-03-03,6818136.8005
colombia,banco_de_bogota,2008-03-04,6665669.7302
colombia,banco_de_bogota,2008-03-05,6884841.1438
colombia,banco_de_bogota,2008-03-06,6694257.3059
colombia,banco_de_bogota,2008-03-07,6908664.1235
colombia,banco_de_bogota,2008-03-10,6980133.0627
colombia,banco_de_bogota,2008-03-11,7027779.0222
colombia,banco_de_bogota,2008-03-12,7075424.9817
colombia,banco_de_bogota,2008-03-13,7027779.0222
colombia,banco_de_bogota,2008-03-14,7027779.0222
colombia,banco_de_bogota,2008-03-17,7027779.0222
colombia,banco_de_bogota,2008-03-18,6956310.083
colombia,banco_de_bogota,2008-03-19,6956310.083
colombia,banco_de_bogota,2008-03-25,6956310.083
colombia,banco_de_bogota,2008-03-26,6932487.1033
colombia,banco_de_bogota,2008-03-27,6908664.1235
colombia,banco_de_bogota,2008-03-28,6837195.1843
colombia,banco_de_bogota,2008-03-31,6861018.1641
colombia,banco_de_bogota,2008-04-01,6884841.1438
colombia,banco_de_bogota,2008-04-02,6937251.6992
colombia,banco_de_bogota,2008-04-03,6861018.1641
colombia,banco_de_bogota,2008-04-04,6837195.1843
colombia,banco_de_bogota,2008-04-07,6789549.2249
colombia,banco_de_bogota,2008-04-08,6789549.2249
colombia,banco_de_bogota,2008-04-09,6789549.2249
colombia,banco_de_bogota,2008-04-10,6789549.2249
colombia,banco_de_bogota,2008-04-11,6603729.9829
colombia,banco_de_bogota,2008-04-14,6579907.0032
colombia,banco_de_bogota,2008-04-15,6670434.3262
colombia,banco_de_bogota,2008-04-16,6637082.1545
colombia,banco_de_bogota,2008-04-17,6646611.3464
colombia,banco_de_bogota,2008-04-18,6670434.3262
colombia,banco_de_bogota,2008-04-21,6646611.3464
colombia,banco_de_bogota,2008-04-22,6551319.4275
colombia,banco_de_bogota,2008-04-23,6551319.4275
colombia,banco_de_bogota,2008-04-24,6551319.4275
colombia,banco_de_bogota,2008-04-25,6646611.3464
colombia,banco_de_bogota,2008-04-28,6656140.5383
colombia,banco_de_bogota,2008-04-29,6670434.3262
colombia,banco_de_bogota,2008-04-30,6741903.2654
colombia,banco_de_bogota,2008-05-02,6722844.8816
colombia,banco_de_bogota,2008-05-06,6718080.2856
colombia,banco_de_bogota,2008-05-07,6679963.5181
colombia,banco_de_bogota,2008-05-08,6670434.3262
colombia,banco_de_bogota,2008-05-09,6660905.1343
colombia,banco_de_bogota,2008-05-12,6551319.4275
colombia,banco_de_bogota,2008-05-13,6575142.4072
colombia,banco_de_bogota,2008-05-14,6694257.3059
colombia,banco_de_bogota,2008-05-15,6670434.3262
colombia,banco_de_bogota,2008-05-16,6575142.4072
colombia,banco_de_bogota,2008-05-19,6579907.0032
colombia,banco_de_bogota,2008-05-20,6560848.6194
colombia,banco_de_bogota,2008-05-21,6465556.7004
colombia,banco_de_bogota,2008-05-22,6460792.1045
colombia,banco_de_bogota,2008-05-23,6427439.9329
colombia,banco_de_bogota,2008-05-27,6432204.5288
colombia,banco_de_bogota,2008-05-28,6479850.4883
colombia,banco_de_bogota,2008-05-29,6479850.4883
colombia,banco_de_bogota,2008-05-30,6432204.5288
colombia,banco_de_bogota,2008-06-03,6432204.5288
colombia,banco_de_bogota,2008-06-04,6384558.5693
colombia,banco_de_bogota,2008-06-05,6360735.5896
colombia,banco_de_bogota,2008-06-06,6360735.5896
colombia,banco_de_bogota,2008-06-09,6317854.2261
colombia,banco_de_bogota,2008-06-10,6193974.7314
colombia,banco_de_bogota,2008-06-11,6222562.3071
colombia,banco_de_bogota,2008-06-12,6336912.6099
colombia,banco_de_bogota,2008-06-13,6246385.2869
colombia,banco_de_bogota,2008-06-16,6251149.8828
colombia,banco_de_bogota,2008-06-17,6193974.7314
colombia,banco_de_bogota,2008-06-18,6193974.7314
colombia,banco_de_bogota,2008-06-19,6193974.7314
colombia,banco_de_bogota,2008-06-20,6193974.7314
colombia,banco_de_bogota,2008-06-23,6193974.7314
colombia,banco_de_bogota,2008-06-24,6122505.7922
colombia,banco_de_bogota,2008-06-25,6074859.8328
colombia,banco_de_bogota,2008-06-26,6074859.8328
colombia,banco_de_bogota,2008-06-27,5955744.9341
colombia,banco_de_bogota,2008-07-01,5931921.9543
colombia,banco_de_bogota,2008-07-02,5831865.4395
colombia,banco_de_bogota,2008-07-03,5817571.6516
colombia,banco_de_bogota,2008-07-04,5817571.6516
colombia,banco_de_bogota,2008-07-07,5836630.0354
colombia,banco_de_bogota,2008-07-08,5836630.0354
colombia,banco_de_bogota,2008-07-09,5836630.0354
colombia,banco_de_bogota,2008-07-10,5831865.4395
colombia,banco_de_bogota,2008-07-11,5827100.8435
colombia,banco_de_bogota,2008-07-14,5827100.8435
colombia,banco_de_bogota,2008-07-15,5836630.0354
colombia,banco_de_bogota,2008-07-16,5831865.4395
colombia,banco_de_bogota,2008-07-17,5850923.8232
colombia,banco_de_bogota,2008-07-18,5822336.2476
colombia,banco_de_bogota,2008-07-21,5836630.0354
colombia,banco_de_bogota,2008-07-22,5836630.0354
colombia,banco_de_bogota,2008-07-23,5846159.2273
colombia,banco_de_bogota,2008-07-24,5836630.0354
colombia,banco_de_bogota,2008-07-25,5860453.0151
colombia,banco_de_bogota,2008-07-28,5631752.4097
colombia,banco_de_bogota,2008-07-29,5765161.0962
colombia,banco_de_bogota,2008-07-30,5884275.9949
colombia,banco_de_bogota,2008-07-31,5931921.9543
colombia,banco_de_bogota,2008-08-01,5955744.9341
colombia,banco_de_bogota,2008-08-04,5798513.2678
colombia,banco_de_bogota,2008-08-05,5798513.2678
colombia,banco_de_bogota,2008-08-06,5860453.0151
colombia,banco_de_bogota,2008-08-08,6170151.7517
colombia,banco_de_bogota,2008-08-11,5874746.803
colombia,banco_de_bogota,2008-08-12,5869982.207
colombia,banco_de_bogota,2008-08-13,5889040.5908
colombia,banco_de_bogota,2008-08-14,5869982.207
colombia,banco_de_bogota,2008-08-15,5869982.207
colombia,banco_de_bogota,2008-08-19,5869982.207
colombia,banco_de_bogota,2008-08-20,5869982.207
colombia,banco_de_bogota,2008-08-21,5879511.3989
colombia,banco_de_bogota,2008-08-22,5869982.207
colombia,banco_de_bogota,2008-08-25,5855688.4192
colombia,banco_de_bogota,2008-08-26,5812807.0557
colombia,banco_de_bogota,2008-08-27,5836630.0354
colombia,banco_de_bogota,2008-08-28,5955744.9341
colombia,banco_de_bogota,2008-08-29,6193974.7314
colombia,banco_de_bogota,2008-09-01,6198739.3274
colombia,banco_de_bogota,2008-09-02,6336912.6099
colombia,banco_de_bogota,2008-09-03,6322618.822
colombia,banco_de_bogota,2008-09-04,6336912.6099
colombia,banco_de_bogota,2008-09-05,6332148.0139
colombia,banco_de_bogota,2008-09-08,6332148.0139
colombia,banco_de_bogota,2008-09-09,6313089.6301
colombia,banco_de_bogota,2008-09-10,6317854.2261
colombia,banco_de_bogota,2008-09-11,6360735.5896
colombia,banco_de_bogota,2008-09-12,6198739.3274
colombia,banco_de_bogota,2008-09-15,6198739.3274
colombia,banco_de_bogota,2008-09-16,6003390.8936
colombia,banco_de_bogota,2008-09-17,5931921.9543
colombia,banco_de_bogota,2008-09-18,5903334.3787
colombia,banco_de_bogota,2008-09-19,5950980.3381
colombia,banco_de_bogota,2008-09-22,5955744.9341
colombia,banco_de_bogota,2008-09-23,5955744.9341
colombia,banco_de_bogota,2008-09-24,5955744.9341
colombia,banco_de_bogota,2008-09-25,5955744.9341
colombia,banco_de_bogota,2008-09-26,5955744.9341
colombia,banco_de_bogota,2008-09-29,5955744.9341
colombia,banco_de_bogota,2008-09-30,5950980.3381
colombia,banco_de_bogota,2008-10-01,5822336.2476
colombia,banco_de_bogota,2008-10-02,5955744.9341
colombia,banco_de_bogota,2008-10-03,5955744.9341
colombia,banco_de_bogota,2008-10-06,5717515.1367
colombia,banco_de_bogota,2008-10-07,5717515.1367
colombia,banco_de_bogota,2008-10-08,5598400.238
colombia,banco_de_bogota,2008-10-09,5479285.3394
colombia,banco_de_bogota,2008-10-10,5121940.6433
colombia,banco_de_bogota,2008-10-14,5598400.238
colombia,banco_de_bogota,2008-10-15,5336347.4609
colombia,banco_de_bogota,2008-10-16,5050471.7041
colombia,banco_de_bogota,2008-10-17,5360170.4407
colombia,banco_de_bogota,2008-10-20,5360170.4407
colombia,banco_de_bogota,2008-10-21,5383993.4204
colombia,banco_de_bogota,2008-10-22,5002825.7446
colombia,banco_de_bogota,2008-10-23,5002825.7446
colombia,banco_de_bogota,2008-10-24,4759831.3513
colombia,banco_de_bogota,2008-10-27,4531130.7458
colombia,banco_de_bogota,2008-10-28,4645481.0486
colombia,banco_de_bogota,2008-10-29,5002825.7446
colombia,banco_de_bogota,2008-10-30,5098117.6636
colombia,banco_de_bogota,2008-10-31,5136234.4312
colombia,banco_de_bogota,2008-11-04,5498343.7231
colombia,banco_de_bogota,2008-11-05,5012354.9365
colombia,banco_de_bogota,2008-11-06,4907533.8257
colombia,banco_de_bogota,2008-11-07,5002825.7446
colombia,banco_de_bogota,2008-11-10,5007590.3406
colombia,banco_de_bogota,2008-11-11,4907533.8257
colombia,banco_de_bogota,2008-11-12,4955179.7852
colombia,banco_de_bogota,2008-11-13,5002825.7446
colombia,banco_de_bogota,2008-11-14,5026648.7244
colombia,banco_de_bogota,2008-11-18,5026648.7244
colombia,banco_de_bogota,2008-11-19,5007590.3406
colombia,banco_de_bogota,2008-11-20,5050471.7041
colombia,banco_de_bogota,2008-11-21,4931356.8054
colombia,banco_de_bogota,2008-11-24,5117176.0474
colombia,banco_de_bogota,2008-11-25,5050471.7041
colombia,banco_de_bogota,2008-11-26,5117176.0474
colombia,banco_de_bogota,2008-11-27,5121940.6433
colombia,banco_de_bogota,2008-11-28,5169586.6028
colombia,banco_de_bogota,2008-12-01,5002825.7446
colombia,banco_de_bogota,2008-12-02,5098117.6636
colombia,banco_de_bogota,2008-12-03,5193409.5825
colombia,banco_de_bogota,2008-12-04,5264878.5217
colombia,banco_de_bogota,2008-12-05,5431639.3799
colombia,banco_de_bogota,2008-12-09,5445933.1677
colombia,banco_de_bogota,2008-12-10,5531695.8948
colombia,banco_de_bogota,2008-12-11,5436403.9758
colombia,banco_de_bogota,2008-12-12,5455462.3596
colombia,banco_de_bogota,2008-12-15,5298230.6934
colombia,banco_de_bogota,2008-12-16,5403051.8042
colombia,banco_de_bogota,2008-12-17,5455462.3596
colombia,banco_de_bogota,2008-12-18,5312524.4812
colombia,banco_de_bogota,2008-12-19,5241055.542
colombia,banco_de_bogota,2008-12-22,5312524.4812
colombia,banco_de_bogota,2008-12-23,5317289.0771
colombia,banco_de_bogota,2008-12-24,5322053.6731
colombia,banco_de_bogota,2008-12-26,5474520.7434
colombia,banco_de_bogota,2008-12-29,5360170.4407
colombia,banco_de_bogota,2008-12-30,5360170.4407
colombia,banco_de_bogota,2009-01-02,5360170.4407
colombia,banco_de_bogota,2009-01-05,5360170.4407
colombia,banco_de_bogota,2009-01-06,5360170.4407
colombia,banco_de_bogota,2009-01-07,5360170.4407
colombia,banco_de_bogota,2009-01-08,5360170.4407
colombia,banco_de_bogota,2009-01-09,5360170.4407
colombia,banco_de_bogota,2009-01-13,5355405.8447
colombia,banco_de_bogota,2009-01-14,5360170.4407
colombia,banco_de_bogota,2009-01-15,5383993.4204
colombia,banco_de_bogota,2009-01-16,5383993.4204
colombia,banco_de_bogota,2009-01-19,5383993.4204
colombia,banco_de_bogota,2009-01-20,5298230.6934
colombia,banco_de_bogota,2009-01-21,5322053.6731
colombia,banco_de_bogota,2009-01-22,5288701.5015
colombia,banco_de_bogota,2009-01-23,5312524.4812
colombia,banco_de_bogota,2009-01-26,5364935.0366
colombia,banco_de_bogota,2009-01-27,5417345.592
colombia,banco_de_bogota,2009-01-28,5479285.3394
colombia,banco_de_bogota,2009-01-29,5484049.9353
colombia,banco_de_bogota,2009-01-30,5598400.238
colombia,banco_de_bogota,2009-02-02,5526931.2988
colombia,banco_de_bogota,2009-02-03,5574577.2583
colombia,banco_de_bogota,2009-02-04,5479285.3394
colombia,banco_de_bogota,2009-02-05,5526931.2988
colombia,banco_de_bogota,2009-02-06,5722279.7327
colombia,banco_de_bogota,2009-02-09,5717515.1367
colombia,banco_de_bogota,2009-02-10,5717515.1367
colombia,banco_de_bogota,2009-02-11,5717515.1367
colombia,banco_de_bogota,2009-02-12,5717515.1367
colombia,banco_de_bogota,2009-02-13,5717515.1367
colombia,banco_de_bogota,2009-02-16,5717515.1367
colombia,banco_de_bogota,2009-02-17,5717515.1367
colombia,banco_de_bogota,2009-02-18,5717515.1367
colombia,banco_de_bogota,2009-02-19,5717515.1367
colombia,banco_de_bogota,2009-02-20,5598400.238
colombia,banco_de_bogota,2009-02-23,5526931.2988
colombia,banco_de_bogota,2009-02-24,5598400.238
colombia,banco_de_bogota,2009-02-25,5598400.238
colombia,banco_de_bogota,2009-02-26,5598400.238
colombia,banco_de_bogota,2009-02-27,5598400.238
colombia,banco_de_bogota,2009-03-02,5603164.834
colombia,banco_de_bogota,2009-03-03,5603164.834
colombia,banco_de_bogota,2009-03-04,5622223.2178
colombia,banco_de_bogota,2009-03-05,5617458.6218
colombia,banco_de_bogota,2009-03-06,5550754.2786
colombia,banco_de_bogota,2009-03-09,5598400.238
colombia,banco_de_bogota,2009-03-10,5669869.1772
colombia,banco_de_bogota,2009-03-11,5631752.4097
colombia,banco_de_bogota,2009-03-12,5646046.1975
colombia,banco_de_bogota,2009-03-13,5646046.1975
colombia,banco_de_bogota,2009-03-16,5598400.238
colombia,banco_de_bogota,2009-03-17,5526931.2988
colombia,banco_de_bogota,2009-03-18,5526931.2988
colombia,banco_de_bogota,2009-03-19,5507872.915
colombia,banco_de_bogota,2009-03-20,5507872.915
colombia,banco_de_bogota,2009-03-24,5574577.2583
colombia,banco_de_bogota,2009-03-25,5550754.2786
colombia,banco_de_bogota,2009-03-26,5479285.3394
colombia,banco_de_bogota,2009-03-27,5479285.3394
colombia,banco_de_bogota,2009-03-30,5479285.3394
colombia,banco_de_bogota,2009-03-31,5474520.7434
colombia,banco_de_bogota,2009-04-01,5383993.4204
colombia,banco_de_bogota,2009-04-02,5479285.3394
colombia,banco_de_bogota,2009-04-03,5479285.3394
colombia,banco_de_bogota,2009-04-06,5264878.5217
colombia,banco_de_bogota,2009-04-07,5264878.5217
colombia,banco_de_bogota,2009-04-08,5264878.5217
colombia,banco_de_bogota,2009-04-13,5479285.3394
colombia,banco_de_bogota,2009-04-14,5503108.3191
colombia,banco_de_bogota,2009-04-15,5526931.2988
colombia,banco_de_bogota,2009-04-16,5526931.2988
colombia,banco_de_bogota,2009-04-17,5479285.3394
colombia,banco_de_bogota,2009-04-20,5503108.3191
colombia,banco_de_bogota,2009-04-21,5503108.3191
colombia,banco_de_bogota,2009-04-22,5503108.3191
colombia,banco_de_bogota,2009-04-23,5512637.511
colombia,banco_de_bogota,2009-04-24,5626987.8137
colombia,banco_de_bogota,2009-04-27,5598400.238
colombia,banco_de_bogota,2009-04-28,5717515.1367
colombia,banco_de_bogota,2009-04-29,5741338.1165
colombia,banco_de_bogota,2009-04-30,5874746.803
colombia,banco_de_bogota,2009-05-04,5960509.53
colombia,banco_de_bogota,2009-05-05,5965274.126
colombia,banco_de_bogota,2009-05-06,6003390.8936
colombia,banco_de_bogota,2009-05-07,6074859.8328
colombia,banco_de_bogota,2009-05-08,6146328.772
colombia,banco_de_bogota,2009-05-11,6093918.2166
colombia,banco_de_bogota,2009-05-12,6241620.6909
colombia,banco_de_bogota,2009-05-13,6079624.4287
colombia,banco_de_bogota,2009-05-14,6193974.7314
colombia,banco_de_bogota,2009-05-15,6241620.6909
colombia,banco_de_bogota,2009-05-18,6313089.6301
colombia,banco_de_bogota,2009-05-19,6322618.822
colombia,banco_de_bogota,2009-05-20,6456027.5085
colombia,banco_de_bogota,2009-05-21,6432204.5288
colombia,banco_de_bogota,2009-05-22,6432204.5288
colombia,banco_de_bogota,2009-05-26,6432204.5288
colombia,banco_de_bogota,2009-05-27,6432204.5288
colombia,banco_de_bogota,2009-05-28,6479850.4883
colombia,banco_de_bogota,2009-05-29,6551319.4275
colombia,banco_de_bogota,2009-06-01,6718080.2856
colombia,banco_de_bogota,2009-06-02,6694257.3059
colombia,banco_de_bogota,2009-06-03,6713315.6897
colombia,banco_de_bogota,2009-06-04,6694257.3059
colombia,banco_de_bogota,2009-06-05,6670434.3262
colombia,banco_de_bogota,2009-06-08,6670434.3262
colombia,banco_de_bogota,2009-06-09,6670434.3262
colombia,banco_de_bogota,2009-06-10,6670434.3262
colombia,banco_de_bogota,2009-06-11,6813372.2046
colombia,banco_de_bogota,2009-06-12,6861018.1641
colombia,banco_de_bogota,2009-06-16,6741903.2654
colombia,banco_de_bogota,2009-06-17,6741903.2654
colombia,banco_de_bogota,2009-06-18,6670434.3262
colombia,banco_de_bogota,2009-06-19,
colombia,banco_de_bogota,2009-06-23,6884841.1438
colombia,banco_de_bogota,2009-06-24,6956310.083
colombia,banco_de_bogota,2009-06-25,7051602.002
colombia,banco_de_bogota,2009-06-26,6980133.0627
colombia,banco_de_bogota,2009-06-29,6980133.0627
colombia,banco_de_bogota,2009-06-30,6980133.0627
colombia,banco_de_bogota,2009-07-01,7146893.9209
colombia,banco_de_bogota,2009-07-02,7146893.9209
colombia,banco_de_bogota,2009-07-03,7099247.9614
colombia,banco_de_bogota,2009-07-06,7075424.9817
colombia,banco_de_bogota,2009-07-07,7027779.0222
colombia,banco_de_bogota,2009-07-08,6980133.0627
colombia,banco_de_bogota,2009-07-09,6908664.1235
colombia,banco_de_bogota,2009-07-10,6908664.1235
colombia,banco_de_bogota,2009-07-13,6861018.1641
colombia,banco_de_bogota,2009-07-14,6908664.1235
colombia,banco_de_bogota,2009-07-15,6918193.3154
colombia,banco_de_bogota,2009-07-16,6884841.1438
colombia,banco_de_bogota,2009-07-17,6889605.7397
colombia,banco_de_bogota,2009-07-21,6980133.0627
colombia,banco_de_bogota,2009-07-22,7027779.0222
colombia,banco_de_bogota,2009-07-23,7146893.9209
colombia,banco_de_bogota,2009-07-24,7146893.9209
colombia,banco_de_bogota,2009-07-27,7113541.7493
colombia,banco_de_bogota,2009-07-28,7003956.0425
colombia,banco_de_bogota,2009-07-29,6956310.083
colombia,banco_de_bogota,2009-07-30,6956310.083
colombia,banco_de_bogota,2009-07-31,6980133.0627
colombia,banco_de_bogota,2009-08-03,7146893.9209
colombia,banco_de_bogota,2009-08-04,7266008.8196
colombia,banco_de_bogota,2009-08-05,7146893.9209
colombia,banco_de_bogota,2009-08-06,7146893.9209
colombia,banco_de_bogota,2009-08-10,7146893.9209
colombia,banco_de_bogota,2009-08-11,7146893.9209
colombia,banco_de_bogota,2009-08-12,7180246.0925
colombia,banco_de_bogota,2009-08-13,7266008.8196
colombia,banco_de_bogota,2009-08-14,7266008.8196
colombia,banco_de_bogota,2009-08-18,7161187.7087
colombia,banco_de_bogota,2009-08-19,7161187.7087
colombia,banco_de_bogota,2009-08-20,7161187.7087
colombia,banco_de_bogota,2009-08-21,7170716.9006
colombia,banco_de_bogota,2009-08-24,7289831.7993
colombia,banco_de_bogota,2009-08-25,7313654.7791
colombia,banco_de_bogota,2009-08-26,7266008.8196
colombia,banco_de_bogota,2009-08-27,7175481.4966
colombia,banco_de_bogota,2009-08-28,7266008.8196
colombia,banco_de_bogota,2009-08-31,7175481.4966
colombia,banco_de_bogota,2009-09-01,7156423.1128
colombia,banco_de_bogota,2009-09-02,7142129.325
colombia,banco_de_bogota,2009-09-03,7113541.7493
colombia,banco_de_bogota,2009-09-04,7075424.9817
colombia,banco_de_bogota,2009-09-07,7099247.9614
colombia,banco_de_bogota,2009-09-08,7146893.9209
colombia,banco_de_bogota,2009-09-09,7146893.9209
colombia,banco_de_bogota,2009-09-10,7146893.9209
colombia,banco_de_bogota,2009-09-11,7146893.9209
colombia,banco_de_bogota,2009-09-14,7146893.9209
colombia,banco_de_bogota,2009-09-15,7056366.5979
colombia,banco_de_bogota,2009-09-16,7146893.9209
colombia,banco_de_bogota,2009-09-17,7099247.9614
colombia,banco_de_bogota,2009-09-18,7623353.5156
colombia,banco_de_bogota,2009-09-21,7504238.6169
colombia,banco_de_bogota,2009-09-22,7623353.5156
colombia,banco_de_bogota,2009-09-23,7623353.5156
colombia,banco_de_bogota,2009-09-24,7623353.5156
colombia,banco_de_bogota,2009-09-25,7623353.5156
colombia,banco_de_bogota,2009-09-28,7766291.394
colombia,banco_de_bogota,2009-09-29,7861583.313
colombia,banco_de_bogota,2009-09-30,7861583.313
colombia,banco_de_bogota,2009-10-01,7861583.313
colombia,banco_de_bogota,2009-10-02,7861583.313
colombia,banco_de_bogota,2009-10-05,7885406.2927
colombia,banco_de_bogota,2009-10-06,8075990.1306
colombia,banco_de_bogota,2009-10-07,7885406.2927
colombia,banco_de_bogota,2009-10-08,7885406.2927
colombia,banco_de_bogota,2009-10-09,7766291.394
colombia,banco_de_bogota,2009-10-13,7623353.5156
colombia,banco_de_bogota,2009-10-14,7651941.0913
colombia,banco_de_bogota,2009-10-15,7618588.9197
colombia,banco_de_bogota,2009-10-16,7389888.3142
colombia,banco_de_bogota,2009-10-19,7375594.5264
colombia,banco_de_bogota,2009-10-20,7456592.6575
colombia,banco_de_bogota,2009-10-21,7504238.6169
colombia,banco_de_bogota,2009-10-22,7437534.2737
colombia,banco_de_bogota,2009-10-23,7437534.2737
colombia,banco_de_bogota,2009-10-26,7509003.2129
colombia,banco_de_bogota,2009-10-27,7575707.5562
colombia,banco_de_bogota,2009-10-28,7575707.5562
colombia,banco_de_bogota,2009-10-29,7623353.5156
colombia,banco_de_bogota,2009-10-30,7623353.5156
colombia,banco_de_bogota,2009-11-03,7385123.7183
colombia,banco_de_bogota,2009-11-04,7504238.6169
colombia,banco_de_bogota,2009-11-05,7623353.5156
colombia,banco_de_bogota,2009-11-06,7504238.6169
colombia,banco_de_bogota,2009-11-09,7528061.5967
colombia,banco_de_bogota,2009-11-10,7713880.8386
colombia,banco_de_bogota,2009-11-11,7713880.8386
colombia,banco_de_bogota,2009-11-12,7709116.2427
colombia,banco_de_bogota,2009-11-13,7623353.5156
colombia,banco_de_bogota,2009-11-17,7623353.5156
colombia,banco_de_bogota,2009-11-18,7575707.5562
colombia,banco_de_bogota,2009-11-19,7599530.5359
colombia,banco_de_bogota,2009-11-20,7599530.5359
colombia,banco_de_bogota,2009-11-23,7623353.5156
colombia,banco_de_bogota,2009-11-24,7670999.4751
colombia,banco_de_bogota,2009-11-25,7766291.394
colombia,banco_de_bogota,2009-11-26,7704351.6467
colombia,banco_de_bogota,2009-11-27,7861583.313
colombia,banco_de_bogota,2009-11-30,7861583.313
colombia,banco_de_bogota,2009-12-01,7933052.2522
colombia,banco_de_bogota,2009-12-02,8009285.7874
colombia,banco_de_bogota,2009-12-03,8099813.1104
colombia,banco_de_bogota,2009-12-04,8099813.1104
colombia,banco_de_bogota,2009-12-07,8099813.1104
colombia,banco_de_bogota,2009-12-09,8099813.1104
colombia,banco_de_bogota,2009-12-10,8099813.1104
colombia,banco_de_bogota,2009-12-11,8099813.1104
colombia,banco_de_bogota,2009-12-14,8190340.4333
colombia,banco_de_bogota,2009-12-15,8218928.009
colombia,banco_de_bogota,2009-12-16,8237986.3928
colombia,banco_de_bogota,2009-12-17,8104577.7063
colombia,banco_de_bogota,2009-12-18,8052167.1509
colombia,banco_de_bogota,2009-12-21,8052167.1509
colombia,banco_de_bogota,2009-12-22,8075990.1306
colombia,banco_de_bogota,2009-12-23,8052167.1509
colombia,banco_de_bogota,2009-12-24,8118871.4941
colombia,banco_de_bogota,2009-12-28,8052167.1509
colombia,banco_de_bogota,2009-12-29,8075990.1306
colombia,banco_de_bogota,2009-12-30,8052167.1509
colombia,banco_de_bogota,2010-01-04,8028344.1711
colombia,banco_de_bogota,2010-01-05,8004521.1914
colombia,banco_de_bogota,2010-01-06,7904464.6765
colombia,banco_de_bogota,2010-01-07,7885406.2927
colombia,banco_de_bogota,2010-01-08,7885406.2927
colombia,banco_de_bogota,2010-01-12,7980698.2117
colombia,banco_de_bogota,2010-01-13,8099813.1104
colombia,banco_de_bogota,2010-01-14,8123636.0901
colombia,banco_de_bogota,2010-01-15,8080754.7266
colombia,banco_de_bogota,2010-01-18,8004521.1914
colombia,banco_de_bogota,2010-01-19,8147459.0698
colombia,banco_de_bogota,2010-01-20,8052167.1509
colombia,banco_de_bogota,2010-01-21,8004521.1914
colombia,banco_de_bogota,2010-01-22,8009285.7874
colombia,banco_de_bogota,2010-01-25,8090283.9185
colombia,banco_de_bogota,2010-01-26,8052167.1509
colombia,banco_de_bogota,2010-01-27,8018814.9792
colombia,banco_de_bogota,2010-01-28,8018814.9792
colombia,banco_de_bogota,2010-01-29,8099813.1104
colombia,banco_de_bogota,2010-02-01,8099813.1104
colombia,banco_de_bogota,2010-02-02,8104577.7063
colombia,banco_de_bogota,2010-02-03,8147459.0698
colombia,banco_de_bogota,2010-02-04,8123636.0901
colombia,banco_de_bogota,2010-02-05,8109342.3022
colombia,banco_de_bogota,2010-02-08,8147459.0698
colombia,banco_de_bogota,2010-02-09,8242750.9888
colombia,banco_de_bogota,2010-02-10,8171282.0496
colombia,banco_de_bogota,2010-02-11,8338042.9077
colombia,banco_de_bogota,2010-02-12,8433334.8267
colombia,banco_de_bogota,2010-02-15,8480980.7861
colombia,banco_de_bogota,2010-02-16,8690623.0078
colombia,banco_de_bogota,2010-02-17,8700152.1997
colombia,banco_de_bogota,2010-02-18,8743033.5632
colombia,banco_de_bogota,2010-02-19,8814502.5024
colombia,banco_de_bogota,2010-02-22,9005086.3403
colombia,banco_de_bogota,2010-02-23,8919323.6133
colombia,banco_de_bogota,2010-02-24,8943146.593
colombia,banco_de_bogota,2010-02-25,8957440.3809
colombia,banco_de_bogota,2010-02-26,8981263.3606
colombia,banco_de_bogota,2010-03-01,9100378.2593
colombia,banco_de_bogota,2010-03-02,9219493.158
colombia,banco_de_bogota,2010-03-03,9524427.2986
colombia,banco_de_bogota,2010-03-04,9290962.0972
colombia,banco_de_bogota,2010-03-05,9290962.0972
colombia,banco_de_bogota,2010-03-08,9290962.0972
colombia,banco_de_bogota,2010-03-09,9243316.1377
colombia,banco_de_bogota,2010-03-10,9171847.1985
colombia,banco_de_bogota,2010-03-11,9047967.7039
colombia,banco_de_bogota,2010-03-12,9028909.3201
colombia,banco_de_bogota,2010-03-15,8986027.9565
colombia,banco_de_bogota,2010-03-16,8957440.3809
colombia,banco_de_bogota,2010-03-17,8814502.5024
colombia,banco_de_bogota,2010-03-18,8814502.5024
colombia,banco_de_bogota,2010-03-19,8695387.6038
colombia,banco_de_bogota,2010-03-23,8576272.7051
colombia,banco_de_bogota,2010-03-24,8557214.3213
colombia,banco_de_bogota,2010-03-25,8576272.7051
colombia,banco_de_bogota,2010-03-26,8814502.5024
colombia,banco_de_bogota,2010-03-29,8590566.4929
colombia,banco_de_bogota,2010-03-30,8885971.4417
colombia,banco_de_bogota,2010-03-31,8885971.4417
colombia,banco_de_bogota,2010-04-05,8814502.5024
colombia,banco_de_bogota,2010-04-06,8981263.3606
colombia,banco_de_bogota,2010-04-07,8938381.9971
colombia,banco_de_bogota,2010-04-08,8814502.5024
colombia,banco_de_bogota,2010-04-09,8938381.9971
colombia,banco_de_bogota,2010-04-12,9005086.3403
colombia,banco_de_bogota,2010-04-13,8919323.6133
colombia,banco_de_bogota,2010-04-14,9052732.2998
colombia,banco_de_bogota,2010-04-15,9052732.2998
colombia,banco_de_bogota,2010-04-16,8933617.4011
colombia,banco_de_bogota,2010-04-19,8933617.4011
colombia,banco_de_bogota,2010-04-20,9052732.2998
colombia,banco_de_bogota,2010-04-21,9171847.1985
colombia,banco_de_bogota,2010-04-22,9052732.2998
colombia,banco_de_bogota,2010-04-23,9052732.2998
colombia,banco_de_bogota,2010-04-26,9028909.3201
colombia,banco_de_bogota,2010-04-27,9028909.3201
colombia,banco_de_bogota,2010-04-28,8995557.1484
colombia,banco_de_bogota,2010-04-29,9386254.0161
colombia,banco_de_bogota,2010-04-30,9481545.9351
colombia,banco_de_bogota,2010-05-03,9529191.8945
colombia,banco_de_bogota,2010-05-04,9410076.9958
colombia,banco_de_bogota,2010-05-05,9290962.0972
colombia,banco_de_bogota,2010-05-06,8919323.6133
colombia,banco_de_bogota,2010-05-07,8919323.6133
colombia,banco_de_bogota,2010-05-10,9171847.1985
colombia,banco_de_bogota,2010-05-11,9171847.1985
colombia,banco_de_bogota,2010-05-12,9243316.1377
colombia,banco_de_bogota,2010-05-13,9290962.0972
colombia,banco_de_bogota,2010-05-14,9176611.7944
colombia,banco_de_bogota,2010-05-18,9100378.2593
colombia,banco_de_bogota,2010-05-19,9062261.4917
colombia,banco_de_bogota,2010-05-20,9052732.2998
colombia,banco_de_bogota,2010-05-21,9100378.2593
colombia,banco_de_bogota,2010-05-24,9100378.2593
colombia,banco_de_bogota,2010-05-25,9100378.2593
colombia,banco_de_bogota,2010-05-26,9243316.1377
colombia,banco_de_bogota,2010-05-27,9243316.1377
colombia,banco_de_bogota,2010-05-28,9124201.239
colombia,banco_de_bogota,2010-05-31,9243316.1377
colombia,banco_de_bogota,2010-06-01,9267139.1174
colombia,banco_de_bogota,2010-06-02,9267139.1174
colombia,banco_de_bogota,2010-06-03,9338608.0566
colombia,banco_de_bogota,2010-06-04,9333843.4607
colombia,banco_de_bogota,2010-06-08,9333843.4607
colombia,banco_de_bogota,2010-06-09,9333843.4607
colombia,banco_de_bogota,2010-06-10,9267139.1174
colombia,banco_de_bogota,2010-06-11,9257609.9255
colombia,banco_de_bogota,2010-06-15,9290962.0972
colombia,banco_de_bogota,2010-06-16,9286197.5012
colombia,banco_de_bogota,2010-06-17,9286197.5012
colombia,banco_de_bogota,2010-06-18,9095613.6633
colombia,banco_de_bogota,2010-06-21,9257609.9255
colombia,banco_de_bogota,2010-06-22,9219493.158
colombia,banco_de_bogota,2010-06-23,9171847.1985
colombia,banco_de_bogota,2010-06-24,9171847.1985
colombia,banco_de_bogota,2010-06-25,9209963.9661
colombia,banco_de_bogota,2010-06-28,9219493.158
colombia,banco_de_bogota,2010-06-29,9224257.7539
colombia,banco_de_bogota,2010-06-30,9171847.1985
colombia,banco_de_bogota,2010-07-01,9205199.3701
colombia,banco_de_bogota,2010-07-02,9171847.1985
colombia,banco_de_bogota,2010-07-06,9219493.158
colombia,banco_de_bogota,2010-07-07,9214728.562
colombia,banco_de_bogota,2010-07-08,9200434.7742
colombia,banco_de_bogota,2010-07-09,9243316.1377
colombia,banco_de_bogota,2010-07-12,9243316.1377
colombia,banco_de_bogota,2010-07-13,9319549.6729
colombia,banco_de_bogota,2010-07-14,9529191.8945
colombia,banco_de_bogota,2010-07-15,9653071.3892
colombia,banco_de_bogota,2010-07-16,9762657.0959
colombia,banco_de_bogota,2010-07-19,9762657.0959
colombia,banco_de_bogota,2010-07-21,9815067.6514
colombia,banco_de_bogota,2010-07-22,9886536.5906
colombia,banco_de_bogota,2010-07-23,10005651.4893
colombia,banco_de_bogota,2010-07-26,10005651.4893
colombia,banco_de_bogota,2010-07-27,9967534.7217
colombia,banco_de_bogota,2010-07-28,10005651.4893
colombia,banco_de_bogota,2010-07-29,9886536.5906
colombia,banco_de_bogota,2010-07-30,10077120.4285
colombia,banco_de_bogota,2010-08-02,10472581.8921
colombia,banco_de_bogota,2010-08-03,10472581.8921
colombia,banco_de_bogota,2010-08-04,10291527.2461
colombia,banco_de_bogota,2010-08-05,10362996.1853
colombia,banco_de_bogota,2010-08-06,10482111.084
colombia,banco_de_bogota,2010-08-09,10482111.084
colombia,banco_de_bogota,2010-08-10,10601225.9827
colombia,banco_de_bogota,2010-08-11,10720340.8813
colombia,banco_de_bogota,2010-08-12,10720340.8813
colombia,banco_de_bogota,2010-08-13,10720340.8813
colombia,banco_de_bogota,2010-08-17,10720340.8813
colombia,banco_de_bogota,2010-08-18,10696517.9016
colombia,banco_de_bogota,2010-08-19,10720340.8813
colombia,banco_de_bogota,2010-08-20,10720340.8813
colombia,banco_de_bogota,2010-08-23,10720340.8813
colombia,banco_de_bogota,2010-08-24,10839455.78
colombia,banco_de_bogota,2010-08-25,10958570.6787
colombia,banco_de_bogota,2010-08-26,11206329.668
colombia,banco_de_bogota,2010-08-27,11649437.0911
colombia,banco_de_bogota,2010-08-30,11792374.9695
colombia,banco_de_bogota,2010-08-31,11816197.9492
colombia,banco_de_bogota,2010-09-01,12264069.9683
colombia,banco_de_bogota,2010-09-02,11840020.929
colombia,banco_de_bogota,2010-09-03,11911489.8682
colombia,banco_de_bogota,2010-09-06,11978194.2114
colombia,banco_de_bogota,2010-09-07,12106838.302
colombia,banco_de_bogota,2010-09-08,12507064.3616
colombia,banco_de_bogota,2010-09-09,12626179.2603
colombia,banco_de_bogota,2010-09-10,12540416.5332
colombia,banco_de_bogota,2010-09-13,12387949.4629
colombia,banco_de_bogota,2010-09-14,12364126.4832
colombia,banco_de_bogota,2010-09-15,12197365.625
colombia,banco_de_bogota,2010-09-16,12197365.625
colombia,banco_de_bogota,2010-09-17,12264069.9683
colombia,banco_de_bogota,2010-09-20,12245011.5845
colombia,banco_de_bogota,2010-09-21,12168778.0493
colombia,banco_de_bogota,2010-09-22,12102073.7061
colombia,banco_de_bogota,2010-09-23,12102073.7061
colombia,banco_de_bogota,2010-09-24,12006781.7871
colombia,banco_de_bogota,2010-09-27,12264069.9683
colombia,banco_de_bogota,2010-09-28,12316480.5237
colombia,banco_de_bogota,2010-09-29,12554710.321
colombia,banco_de_bogota,2010-09-30,12387949.4629
colombia,banco_de_bogota,2010-10-01,12392714.0588
colombia,banco_de_bogota,2010-10-04,12378420.271
colombia,banco_de_bogota,2010-10-05,12387949.4629
colombia,banco_de_bogota,2010-10-06,12411772.4426
colombia,banco_de_bogota,2010-10-07,12411772.4426
colombia,banco_de_bogota,2010-10-08,12635708.4521
colombia,banco_de_bogota,2010-10-11,13083580.4712
colombia,banco_de_bogota,2010-10-12,12983523.9563
colombia,banco_de_bogota,2010-10-13,13174107.7942
colombia,banco_de_bogota,2010-10-14,12864409.0576
colombia,banco_de_bogota,2010-10-15,12864409.0576
colombia,banco_de_bogota,2010-10-19,12993053.1482
colombia,banco_de_bogota,2010-10-20,12769117.1387
colombia,banco_de_bogota,2010-10-21,12888232.0374
colombia,banco_de_bogota,2010-10-22,12993053.1482
colombia,banco_de_bogota,2010-10-25,12840586.0779
colombia,banco_de_bogota,2010-10-26,12783410.9265
colombia,banco_de_bogota,2010-10-27,12421301.6345
colombia,banco_de_bogota,2010-10-28,12769117.1387
colombia,banco_de_bogota,2010-10-29,12750058.7549
colombia,banco_de_bogota,2010-11-02,12816763.0981
colombia,banco_de_bogota,2010-11-03,13054992.8955
colombia,banco_de_bogota,2010-11-04,12983523.9563
colombia,banco_de_bogota,2010-11-05,12983523.9563
colombia,banco_de_bogota,2010-11-08,12954936.3806
colombia,banco_de_bogota,2010-11-09,12935877.9968
colombia,banco_de_bogota,2010-11-10,12507064.3616
colombia,banco_de_bogota,2010-11-11,12888232.0374
colombia,banco_de_bogota,2010-11-12,12888232.0374
colombia,banco_de_bogota,2010-11-16,12435595.4224
colombia,banco_de_bogota,2010-11-17,12745294.1589
colombia,banco_de_bogota,2010-11-18,12959700.9766
colombia,banco_de_bogota,2010-11-19,12745294.1589
colombia,banco_de_bogota,2010-11-22,12745294.1589
colombia,banco_de_bogota,2010-11-23,12240246.9885
colombia,banco_de_bogota,2010-11-24,12125896.6858
colombia,banco_de_bogota,2010-11-25,12292657.5439
colombia,banco_de_bogota,2010-11-26,12149719.6655
colombia,banco_de_bogota,2010-11-29,12125896.6858
colombia,banco_de_bogota,2010-11-30,12221188.6047
colombia,banco_de_bogota,2010-12-01,12035369.3628
colombia,banco_de_bogota,2010-12-02,12149719.6655
colombia,banco_de_bogota,2010-12-03,12106838.302
colombia,banco_de_bogota,2010-12-06,12149719.6655
colombia,banco_de_bogota,2010-12-07,12149719.6655
colombia,banco_de_bogota,2010-12-09,12173542.6453
colombia,banco_de_bogota,2010-12-10,12268834.5642
colombia,banco_de_bogota,2010-12-13,12330774.3115
colombia,banco_de_bogota,2010-12-14,12816763.0981
colombia,banco_de_bogota,2010-12-15,12983523.9563
colombia,banco_de_bogota,2010-12-16,13102638.855
colombia,banco_de_bogota,2010-12-17,13393279.2078
colombia,banco_de_bogota,2010-12-20,13436160.5713
colombia,banco_de_bogota,2010-12-21,13579098.4497
colombia,banco_de_bogota,2010-12-22,13722036.3281
colombia,banco_de_bogota,2010-12-23,14007912.085
colombia,banco_de_bogota,2010-12-24,14055558.0444
colombia,banco_de_bogota,2010-12-27,14026970.4688
colombia,banco_de_bogota,2010-12-28,13817328.2471
colombia,banco_de_bogota,2010-12-29,13817328.2471
colombia,banco_de_bogota,2010-12-30,13793505.2673
colombia,banco_de_bogota,2011-01-03,13340868.6523
colombia,banco_de_bogota,2011-01-04,13340868.6523
colombia,banco_de_bogota,2011-01-05,13116932.6428
colombia,banco_de_bogota,2011-01-06,12869173.6536
colombia,banco_de_bogota,2011-01-07,12888232.0374
colombia,banco_de_bogota,2011-01-11,13007346.936
colombia,banco_de_bogota,2011-01-12,13102638.855
colombia,banco_de_bogota,2011-01-13,13102638.855
colombia,banco_de_bogota,2011-01-14,13126461.8347
colombia,banco_de_bogota,2011-01-17,13231282.9456
colombia,banco_de_bogota,2011-01-18,13302751.8848
colombia,banco_de_bogota,2011-01-19,13164578.6023
colombia,banco_de_bogota,2011-01-20,13102638.855
colombia,banco_de_bogota,2011-01-21,13150284.8145
colombia,banco_de_bogota,2011-01-24,13221753.7537
colombia,banco_de_bogota,2011-01-25,13216989.1577
colombia,banco_de_bogota,2011-01-26,13293222.6929
colombia,banco_de_bogota,2011-01-27,13336104.0564
colombia,banco_de_bogota,2011-01-28,13340868.6523
colombia,banco_de_bogota,2011-01-31,13283693.501
colombia,banco_de_bogota,2011-02-01,13269399.7131
colombia,banco_de_bogota,2011-02-02,13317045.6726
colombia,banco_de_bogota,2011-02-03,13269399.7131
colombia,banco_de_bogota,2011-02-04,13131226.4307
colombia,banco_de_bogota,2011-02-07,13102638.855
colombia,banco_de_bogota,2011-02-08,13097874.259
colombia,banco_de_bogota,2011-02-09,13074051.2793
colombia,banco_de_bogota,2011-02-10,13074051.2793
colombia,banco_de_bogota,2011-02-11,13054992.8955
colombia,banco_de_bogota,2011-02-14,12973994.7644
colombia,banco_de_bogota,2011-02-15,12864409.0576
colombia,banco_de_bogota,2011-02-16,12792940.1184
colombia,banco_de_bogota,2011-02-17,12864409.0576
colombia,banco_de_bogota,2011-02-18,12721471.1792
colombia,banco_de_bogota,2011-02-21,12626179.2603
colombia,banco_de_bogota,2011-02-22,12511828.9575
colombia,banco_de_bogota,2011-02-23,12859644.4617
colombia,banco_de_bogota,2011-02-24,12859644.4617
colombia,banco_de_bogota,2011-02-25,12859644.4617
colombia,banco_de_bogota,2011-02-28,12983523.9563
colombia,banco_de_bogota,2011-03-01,12840586.0779
colombia,banco_de_bogota,2011-03-02,12864409.0576
colombia,banco_de_bogota,2011-03-03,12983523.9563
colombia,banco_de_bogota,2011-03-04,13097874.259
colombia,banco_de_bogota,2011-03-07,13031169.9158
colombia,banco_de_bogota,2011-03-08,13040699.1077
colombia,banco_de_bogota,2011-03-09,13007346.936
colombia,banco_de_bogota,2011-03-10,13097874.259
colombia,banco_de_bogota,2011-03-11,13212224.5618
colombia,banco_de_bogota,2011-03-14,13097874.259
colombia,banco_de_bogota,2011-03-15,12959700.9766
colombia,banco_de_bogota,2011-03-16,12912055.0171
colombia,banco_de_bogota,2011-03-17,13102638.855
colombia,banco_de_bogota,2011-03-18,12988288.5522
colombia,banco_de_bogota,2011-03-22,12983523.9563
colombia,banco_de_bogota,2011-03-23,13102638.855
colombia,banco_de_bogota,2011-03-24,13078815.8752
colombia,banco_de_bogota,2011-03-25,12864409.0576
colombia,banco_de_bogota,2011-03-28,12883467.4414
colombia,banco_de_bogota,2011-03-29,12983523.9563
colombia,banco_de_bogota,2011-03-30,12959700.9766
colombia,banco_de_bogota,2011-03-31,13007346.936
colombia,banco_de_bogota,2011-04-01,13007346.936
colombia,banco_de_bogota,2011-04-04,12983523.9563
colombia,banco_de_bogota,2011-04-05,12983523.9563
colombia,banco_de_bogota,2011-04-06,12988288.5522
colombia,banco_de_bogota,2011-04-07,12988288.5522
colombia,banco_de_bogota,2011-04-08,12983523.9563
colombia,banco_de_bogota,2011-04-11,13007346.936
colombia,banco_de_bogota,2011-04-12,12602356.2805
colombia,banco_de_bogota,2011-04-13,12864409.0576
colombia,banco_de_bogota,2011-04-14,12864409.0576
colombia,banco_de_bogota,2011-04-15,12978759.3604
colombia,banco_de_bogota,2011-04-18,12978759.3604
colombia,banco_de_bogota,2011-04-19,12864409.0576
colombia,banco_de_bogota,2011-04-20,12983523.9563
colombia,banco_de_bogota,2011-04-25,12864409.0576
colombia,banco_de_bogota,2011-04-26,12869173.6536
colombia,banco_de_bogota,2011-04-27,12864409.0576
colombia,banco_de_bogota,2011-04-28,12811998.5022
colombia,banco_de_bogota,2011-04-29,12678589.8157
colombia,banco_de_bogota,2011-05-02,12626179.2603
colombia,banco_de_bogota,2011-05-03,12435595.4224
colombia,banco_de_bogota,2011-05-04,12626179.2603
colombia,banco_de_bogota,2011-05-05,12507064.3616
colombia,banco_de_bogota,2011-05-06,12387949.4629
colombia,banco_de_bogota,2011-05-09,12840586.0779
colombia,banco_de_bogota,2011-05-10,12683354.4116
colombia,banco_de_bogota,2011-05-11,12864409.0576
colombia,banco_de_bogota,2011-05-12,12835821.4819
colombia,banco_de_bogota,2011-05-13,12626179.2603
colombia,banco_de_bogota,2011-05-16,12626179.2603
colombia,banco_de_bogota,2011-05-17,12445124.6143
colombia,banco_de_bogota,2011-05-18,12445124.6143
colombia,banco_de_bogota,2011-05-19,12387949.4629
colombia,banco_de_bogota,2011-05-20,12507064.3616
colombia,banco_de_bogota,2011-05-23,12435595.4224
colombia,banco_de_bogota,2011-05-24,12507064.3616
colombia,banco_de_bogota,2011-05-25,12483241.3818
colombia,banco_de_bogota,2011-05-26,12483241.3818
colombia,banco_de_bogota,2011-05-27,12492770.5737
colombia,banco_de_bogota,2011-05-30,12364126.4832
colombia,banco_de_bogota,2011-05-31,12464182.998
colombia,banco_de_bogota,2011-06-01,12507064.3616
colombia,banco_de_bogota,2011-06-02,12507064.3616
colombia,banco_de_bogota,2011-06-03,12507064.3616
colombia,banco_de_bogota,2011-06-07,12459418.4021
colombia,banco_de_bogota,2011-06-08,12511828.9575
colombia,banco_de_bogota,2011-06-09,12535651.9373
colombia,banco_de_bogota,2011-06-10,12602356.2805
colombia,banco_de_bogota,2011-06-13,12912055.0171
colombia,banco_de_bogota,2011-06-14,12626179.2603
colombia,banco_de_bogota,2011-06-15,12626179.2603
colombia,banco_de_bogota,2011-06-16,12535651.9373
colombia,banco_de_bogota,2011-06-17,12664296.0278
colombia,banco_de_bogota,2011-06-20,12492770.5737
colombia,banco_de_bogota,2011-06-21,12464182.998
colombia,banco_de_bogota,2011-06-22,12507064.3616
colombia,banco_de_bogota,2011-06-23,12707177.3914
colombia,banco_de_bogota,2011-06-24,12754823.3508
colombia,banco_de_bogota,2011-06-28,12626179.2603
colombia,banco_de_bogota,2011-06-29,12688119.0076
colombia,banco_de_bogota,2011-06-30,15202677.5623
colombia,banco_de_bogota,2011-07-01,15214095.2698
colombia,banco_de_bogota,2011-07-05,15071373.9258
colombia,banco_de_bogota,2011-07-06,14871564.0442
colombia,banco_de_bogota,2011-07-07,15099918.1946
colombia,banco_de_bogota,2011-07-08,15094209.3408
colombia,banco_de_bogota,2011-07-11,15008576.5344
colombia,banco_de_bogota,2011-07-12,14843019.7754
colombia,banco_de_bogota,2011-07-13,14843019.7754
colombia,banco_de_bogota,2011-07-14,14843019.7754
colombia,banco_de_bogota,2011-07-15,14843019.7754
colombia,banco_de_bogota,2011-07-18,14837310.9216
colombia,banco_de_bogota,2011-07-19,15042829.657
colombia,banco_de_bogota,2011-07-21,15128462.4634
colombia,banco_de_bogota,2011-07-22,15128462.4634
colombia,banco_de_bogota,2011-07-25,14843019.7754
colombia,banco_de_bogota,2011-07-26,14843019.7754
colombia,banco_de_bogota,2011-07-27,14837310.9216
colombia,banco_de_bogota,2011-07-28,14791640.0916
colombia,banco_de_bogota,2011-07-29,14837310.9216
colombia,banco_de_bogota,2011-08-01,14837310.9216
colombia,banco_de_bogota,2011-08-02,14791640.0916
colombia,banco_de_bogota,2011-08-03,14757386.969
colombia,banco_de_bogota,2011-08-04,14837310.9216
colombia,banco_de_bogota,2011-08-05,14814475.5066
colombia,banco_de_bogota,2011-08-08,14814475.5066
colombia,banco_de_bogota,2011-08-09,14728842.7002
colombia,banco_de_bogota,2011-08-10,14614665.625
colombia,banco_de_bogota,2011-08-11,14591830.21
colombia,banco_de_bogota,2011-08-12,14614665.625
colombia,banco_de_bogota,2011-08-16,14614665.625
colombia,banco_de_bogota,2011-08-17,14608956.7712
colombia,banco_de_bogota,2011-08-18,14272134.3994
colombia,banco_de_bogota,2011-08-19,14272134.3994
colombia,banco_de_bogota,2011-08-22,14272134.3994
colombia,banco_de_bogota,2011-08-23,14272134.3994
colombia,banco_de_bogota,2011-08-24,13872514.6362
colombia,banco_de_bogota,2011-08-25,13986691.7114
colombia,banco_de_bogota,2011-08-26,13969565.1501
colombia,banco_de_bogota,2011-08-29,13980982.8577
colombia,banco_de_bogota,2011-08-30,13986691.7114
colombia,banco_de_bogota,2011-08-31,13929603.1738
colombia,banco_de_bogota,2011-09-01,13929603.1738
colombia,banco_de_bogota,2011-09-02,13958147.4426
colombia,banco_de_bogota,2011-09-05,13706957.8772
colombia,banco_de_bogota,2011-09-06,13986691.7114
colombia,banco_de_bogota,2011-09-07,13901058.905
colombia,banco_de_bogota,2011-09-08,13929603.1738
colombia,banco_de_bogota,2011-09-09,13901058.905
colombia,banco_de_bogota,2011-09-12,14266425.5457
colombia,banco_de_bogota,2011-09-13,14272134.3994
colombia,banco_de_bogota,2011-09-14,14272134.3994
colombia,banco_de_bogota,2011-09-15,14272134.3994
colombia,banco_de_bogota,2011-09-16,14557577.0874
colombia,banco_de_bogota,2011-09-19,14334931.7908
colombia,banco_de_bogota,2011-09-20,14414855.7434
colombia,banco_de_bogota,2011-09-21,14414855.7434
colombia,banco_de_bogota,2011-09-22,14272134.3994
colombia,banco_de_bogota,2011-09-23,14157957.3242
colombia,banco_de_bogota,2011-09-26,13929603.1738
colombia,banco_de_bogota,2011-09-27,14272134.3994
colombia,banco_de_bogota,2011-09-28,14192210.4468
colombia,banco_de_bogota,2011-09-29,14266425.5457
colombia,banco_de_bogota,2011-09-30,14272134.3994
colombia,banco_de_bogota,2011-10-03,14255007.8381
colombia,banco_de_bogota,2011-10-04,13986691.7114
colombia,banco_de_bogota,2011-10-05,14072324.5178
colombia,banco_de_bogota,2011-10-06,13901058.905
colombia,banco_de_bogota,2011-10-07,13843970.3674
colombia,banco_de_bogota,2011-10-10,13792590.6836
colombia,banco_de_bogota,2011-10-11,14266425.5457
colombia,banco_de_bogota,2011-10-12,14043780.249
colombia,banco_de_bogota,2011-10-13,14272134.3994
colombia,banco_de_bogota,2011-10-14,14129413.0554
colombia,banco_de_bogota,2011-10-18,14272134.3994
colombia,banco_de_bogota,2011-10-19,14272134.3994
colombia,banco_de_bogota,2011-10-20,14129413.0554
colombia,banco_de_bogota,2011-10-21,14129413.0554
colombia,banco_de_bogota,2011-10-24,14135121.9092
colombia,banco_de_bogota,2011-10-25,14026653.6877
colombia,banco_de_bogota,2011-10-26,14106577.6404
colombia,banco_de_bogota,2011-10-27,14157957.3242
colombia,banco_de_bogota,2011-10-28,14197919.3005
colombia,banco_de_bogota,2011-10-31,14175083.8855
colombia,banco_de_bogota,2011-11-01,13963856.2964
colombia,banco_de_bogota,2011-11-02,13843970.3674
colombia,banco_de_bogota,2011-11-03,14043780.249
colombia,banco_de_bogota,2011-11-04,14123704.2017
colombia,banco_de_bogota,2011-11-08,14043780.249
colombia,banco_de_bogota,2011-11-09,13986691.7114
colombia,banco_de_bogota,2011-11-10,13929603.1738
colombia,banco_de_bogota,2011-11-11,13929603.1738
colombia,banco_de_bogota,2011-11-15,13872514.6362
colombia,banco_de_bogota,2011-11-16,13843970.3674
colombia,banco_de_bogota,2011-11-17,13758337.561
colombia,banco_de_bogota,2011-11-18,13838261.5137
colombia,banco_de_bogota,2011-11-21,13786881.8298
colombia,banco_de_bogota,2011-11-22,13832552.6599
colombia,banco_de_bogota,2011-11-23,13558527.6794
colombia,banco_de_bogota,2011-11-24,13501439.1418
colombia,banco_de_bogota,2011-11-25,13501439.1418
colombia,banco_de_bogota,2011-11-28,13501439.1418
colombia,banco_de_bogota,2011-11-29,13501439.1418
colombia,banco_de_bogota,2011-11-30,13621325.0708
colombia,banco_de_bogota,2011-12-01,13986691.7114
colombia,banco_de_bogota,2011-12-02,13706957.8772
colombia,banco_de_bogota,2011-12-05,13975274.0039
colombia,banco_de_bogota,2011-12-06,13901058.905
colombia,banco_de_bogota,2011-12-07,13701249.0234
colombia,banco_de_bogota,2011-12-09,13729793.2922
colombia,banco_de_bogota,2011-12-12,13644160.4858
colombia,banco_de_bogota,2011-12-13,13729793.2922
colombia,banco_de_bogota,2011-12-14,13975274.0039
colombia,banco_de_bogota,2011-12-15,13701249.0234
colombia,banco_de_bogota,2011-12-16,13644160.4858
colombia,banco_de_bogota,2011-12-19,13843970.3674
colombia,banco_de_bogota,2011-12-20,13644160.4858
colombia,banco_de_bogota,2011-12-21,13701249.0234
colombia,banco_de_bogota,2011-12-22,13975274.0039
colombia,banco_de_bogota,2011-12-23,14129413.0554
colombia,banco_de_bogota,2011-12-26,14243590.1306
colombia,banco_de_bogota,2011-12-27,14249298.9844
colombia,banco_de_bogota,2011-12-28,13986691.7114
colombia,banco_de_bogota,2011-12-29,13986691.7114
colombia,banco_de_bogota,2011-12-30,13986691.7114
colombia,banco_de_bogota,2012-01-02,14243590.1306
colombia,banco_de_bogota,2012-01-03,14243590.1306
colombia,banco_de_bogota,2012-01-04,14232172.4231
colombia,banco_de_bogota,2012-01-05,14186501.593
colombia,banco_de_bogota,2012-01-06,14180792.7393
colombia,banco_de_bogota,2012-01-10,13986691.7114
colombia,banco_de_bogota,2012-01-11,14129413.0554
colombia,banco_de_bogota,2012-01-12,14112286.4941
colombia,banco_de_bogota,2012-01-13,14117995.3479
colombia,banco_de_bogota,2012-01-16,14100868.7866
colombia,banco_de_bogota,2012-01-17,14089451.0791
colombia,banco_de_bogota,2012-01-18,14026653.6877
colombia,banco_de_bogota,2012-01-19,13786881.8298
colombia,banco_de_bogota,2012-01-20,13792590.6836
colombia,banco_de_bogota,2012-01-23,13758337.561
colombia,banco_de_bogota,2012-01-24,13843970.3674
colombia,banco_de_bogota,2012-01-25,13838261.5137
colombia,banco_de_bogota,2012-01-26,13712666.731
colombia,banco_de_bogota,2012-01-27,13809717.2449
colombia,banco_de_bogota,2012-01-30,13958147.4426
colombia,banco_de_bogota,2012-01-31,13975274.0039
colombia,banco_de_bogota,2012-02-01,13701249.0234
colombia,banco_de_bogota,2012-02-02,13701249.0234
colombia,banco_de_bogota,2012-02-03,13986691.7114
colombia,banco_de_bogota,2012-02-06,13986691.7114
colombia,banco_de_bogota,2012-02-07,13980982.8577
colombia,banco_de_bogota,2012-02-08,13986691.7114
colombia,banco_de_bogota,2012-02-09,13958147.4426
colombia,banco_de_bogota,2012-02-10,13958147.4426
colombia,banco_de_bogota,2012-02-13,14106577.6404
colombia,banco_de_bogota,2012-02-14,14232172.4231
colombia,banco_de_bogota,2012-02-15,14352058.3521
colombia,banco_de_bogota,2012-02-16,14700298.4314
colombia,banco_de_bogota,2012-02-17,14860146.3367
colombia,banco_de_bogota,2012-02-20,14700298.4314
colombia,banco_de_bogota,2012-02-21,14557577.0874
colombia,banco_de_bogota,2012-02-22,14551868.2336
colombia,banco_de_bogota,2012-02-23,14517615.1111
colombia,banco_de_bogota,2012-02-24,14414855.7434
colombia,banco_de_bogota,2012-02-27,14272134.3994
colombia,banco_de_bogota,2012-02-28,14386311.4746
colombia,banco_de_bogota,2012-02-29,14414855.7434
colombia,banco_de_bogota,2012-03-01,14277843.2532
colombia,banco_de_bogota,2012-03-02,14466235.4272
colombia,banco_de_bogota,2012-03-05,14414855.7434
colombia,banco_de_bogota,2012-03-06,14243590.1306
colombia,banco_de_bogota,2012-03-07,14386311.4746
colombia,banco_de_bogota,2012-03-08,14557577.0874
colombia,banco_de_bogota,2012-03-09,14471944.281
colombia,banco_de_bogota,2012-03-12,14329222.937
colombia,banco_de_bogota,2012-03-13,14523323.9648
colombia,banco_de_bogota,2012-03-14,14671754.1626
colombia,banco_de_bogota,2012-03-15,14671754.1626
colombia,banco_de_bogota,2012-03-16,14757386.969
colombia,banco_de_bogota,2012-03-20,14671754.1626
colombia,banco_de_bogota,2012-03-21,14700298.4314
colombia,banco_de_bogota,2012-03-22,14557577.0874
colombia,banco_de_bogota,2012-03-23,14557577.0874
colombia,banco_de_bogota,2012-03-26,14557577.0874
colombia,banco_de_bogota,2012-03-27,14500488.5498
colombia,banco_de_bogota,2012-03-28,14386311.4746
colombia,banco_de_bogota,2012-03-29,14300678.6682
colombia,banco_de_bogota,2012-03-30,14215045.8618
colombia,banco_de_bogota,2012-04-02,14380602.6208
colombia,banco_de_bogota,2012-04-03,14557577.0874
colombia,banco_de_bogota,2012-04-04,14557577.0874
colombia,banco_de_bogota,2012-04-09,14557577.0874
colombia,banco_de_bogota,2012-04-10,14329222.937
colombia,banco_de_bogota,2012-04-11,14471944.281
colombia,banco_de_bogota,2012-04-12,14443400.0122
colombia,banco_de_bogota,2012-04-13,14471944.281
colombia,banco_de_bogota,2012-04-16,14357767.2058
colombia,banco_de_bogota,2012-04-17,14386311.4746
colombia,banco_de_bogota,2012-04-18,14329222.937
colombia,banco_de_bogota,2012-04-19,14357767.2058
colombia,banco_de_bogota,2012-04-20,14437691.1584
colombia,banco_de_bogota,2012-04-23,14317805.2295
colombia,banco_de_bogota,2012-04-24,14357767.2058
colombia,banco_de_bogota,2012-04-25,14329222.937
colombia,banco_de_bogota,2012-04-26,14272134.3994
colombia,banco_de_bogota,2012-04-27,14294969.8145
colombia,banco_de_bogota,2012-04-30,14300678.6682
colombia,banco_de_bogota,2012-05-02,14557577.0874
colombia,banco_de_bogota,2012-05-03,14694589.5776
colombia,banco_de_bogota,2012-05-04,14626083.3325
colombia,banco_de_bogota,2012-05-07,14586121.3562
colombia,banco_de_bogota,2012-05-08,14557577.0874
colombia,banco_de_bogota,2012-05-09,14563285.9412
colombia,banco_de_bogota,2012-05-10,14723133.8464
colombia,banco_de_bogota,2012-05-11,14734551.554
colombia,banco_de_bogota,2012-05-14,14780222.384
colombia,banco_de_bogota,2012-05-15,14643209.8938
colombia,banco_de_bogota,2012-05-16,14700298.4314
colombia,banco_de_bogota,2012-05-17,14557577.0874
colombia,banco_de_bogota,2012-05-18,14557577.0874
colombia,banco_de_bogota,2012-05-22,14557577.0874
colombia,banco_de_bogota,2012-05-23,14557577.0874
colombia,banco_de_bogota,2012-05-24,14506197.4036
colombia,banco_de_bogota,2012-05-25,14500488.5498
colombia,banco_de_bogota,2012-05-28,14449108.866
colombia,banco_de_bogota,2012-05-29,14420564.5972
colombia,banco_de_bogota,2012-05-30,14443400.0122
colombia,banco_de_bogota,2012-05-31,14369184.9133
colombia,banco_de_bogota,2012-06-01,14369184.9133
colombia,banco_de_bogota,2012-06-04,14283552.1069
colombia,banco_de_bogota,2012-06-05,14272134.3994
colombia,banco_de_bogota,2012-06-06,14369184.9133
colombia,banco_de_bogota,2012-06-07,14414855.7434
colombia,banco_de_bogota,2012-06-08,14357767.2058
colombia,banco_de_bogota,2012-06-12,14272134.3994
colombia,banco_de_bogota,2012-06-13,14243590.1306
colombia,banco_de_bogota,2012-06-14,14272134.3994
colombia,banco_de_bogota,2012-06-15,14289260.9607
colombia,banco_de_bogota,2012-06-19,14317805.2295
colombia,banco_de_bogota,2012-06-20,14277843.2532
colombia,banco_de_bogota,2012-06-21,14272134.3994
colombia,banco_de_bogota,2012-06-22,14403438.0359
colombia,banco_de_bogota,2012-06-25,14186501.593
colombia,banco_de_bogota,2012-06-26,14215045.8618
colombia,banco_de_bogota,2012-06-27,14243590.1306
colombia,banco_de_bogota,2012-06-28,14300678.6682
colombia,banco_de_bogota,2012-06-29,14427855.3314
colombia,banco_de_bogota,2012-07-03,14341804.5044
colombia,banco_de_bogota,2012-07-04,14341804.5044
colombia,banco_de_bogota,2012-07-05,14439328.775
colombia,banco_de_bogota,2012-07-06,14341804.5044
colombia,banco_de_bogota,2012-07-09,14341804.5044
colombia,banco_de_bogota,2012-07-10,14341804.5044
colombia,banco_de_bogota,2012-07-11,14341804.5044
colombia,banco_de_bogota,2012-07-12,14255753.6774
colombia,banco_de_bogota,2012-07-13,14341804.5044
colombia,banco_de_bogota,2012-07-16,14255753.6774
colombia,banco_de_bogota,2012-07-17,14341804.5044
colombia,banco_de_bogota,2012-07-18,14485222.5494
colombia,banco_de_bogota,2012-07-19,14485222.5494
colombia,banco_de_bogota,2012-07-23,14542589.7675
colombia,banco_de_bogota,2012-07-24,14714691.4215
colombia,banco_de_bogota,2012-07-25,14422118.6096
colombia,banco_de_bogota,2012-07-26,14565536.6547
colombia,banco_de_bogota,2012-07-27,14714691.4215
colombia,banco_de_bogota,2012-07-30,14571273.3765
colombia,banco_de_bogota,2012-07-31,14703217.9779
colombia,banco_de_bogota,2012-08-01,14347541.2262
colombia,banco_de_bogota,2012-08-02,14536853.0457
colombia,banco_de_bogota,2012-08-03,14410645.166
colombia,banco_de_bogota,2012-08-06,14347541.2262
colombia,banco_de_bogota,2012-08-08,14513906.1584
colombia,banco_de_bogota,2012-08-09,14341804.5044
colombia,banco_de_bogota,2012-08-10,14508169.4366
colombia,banco_de_bogota,2012-08-13,14341804.5044
colombia,banco_de_bogota,2012-08-14,14307384.1736
colombia,banco_de_bogota,2012-08-15,14307384.1736
colombia,banco_de_bogota,2012-08-16,14278700.5646
colombia,banco_de_bogota,2012-08-17,14341804.5044
colombia,banco_de_bogota,2012-08-21,14290174.0082
colombia,banco_de_bogota,2012-08-22,14341804.5044
colombia,banco_de_bogota,2012-08-23,14301647.4518
colombia,banco_de_bogota,2012-08-24,14198386.4594
colombia,banco_de_bogota,2012-08-27,14330331.0608
colombia,banco_de_bogota,2012-08-28,14336067.7826
colombia,banco_de_bogota,2012-08-29,14313120.8954
colombia,banco_de_bogota,2012-08-30,14336067.7826
colombia,banco_de_bogota,2012-08-31,14330331.0608
colombia,banco_de_bogota,2012-09-03,14284437.2864
colombia,banco_de_bogota,2012-09-04,14198386.4594
colombia,banco_de_bogota,2012-09-05,14244280.2338
colombia,banco_de_bogota,2012-09-06,14232806.7902
colombia,banco_de_bogota,2012-09-07,14238543.512
colombia,banco_de_bogota,2012-09-10,14255753.6774
colombia,banco_de_bogota,2012-09-11,14318857.6172
colombia,banco_de_bogota,2012-09-12,14341804.5044
colombia,banco_de_bogota,2012-09-13,14341804.5044
colombia,banco_de_bogota,2012-09-14,14490959.2712
colombia,banco_de_bogota,2012-09-17,14485222.5494
colombia,banco_de_bogota,2012-09-18,14485222.5494
colombia,banco_de_bogota,2012-09-19,14513906.1584
colombia,banco_de_bogota,2012-09-20,14473749.1058
colombia,banco_de_bogota,2012-09-21,14485222.5494
colombia,banco_de_bogota,2012-09-24,14622903.8727
colombia,banco_de_bogota,2012-09-25,14640114.0381
colombia,banco_de_bogota,2012-09-26,14760585.1959
colombia,banco_de_bogota,2012-09-27,14628640.5945
colombia,banco_de_bogota,2012-09-28,14548326.4893
colombia,banco_de_bogota,2012-10-01,14542589.7675
colombia,banco_de_bogota,2012-10-02,14536853.0457
colombia,banco_de_bogota,2012-10-03,14542589.7675
colombia,banco_de_bogota,2012-10-04,14582746.8201
colombia,banco_de_bogota,2012-10-05,14766321.9177
colombia,banco_de_bogota,2012-10-08,14542589.7675
colombia,banco_de_bogota,2012-10-09,14542589.7675
colombia,banco_de_bogota,2012-10-10,14628640.5945
colombia,banco_de_bogota,2012-10-11,14559799.9329
colombia,banco_de_bogota,2012-10-12,14737638.3087
colombia,banco_de_bogota,2012-10-16,14915476.6846
colombia,banco_de_bogota,2012-10-17,14858109.4666
colombia,banco_de_bogota,2012-10-18,15185102.6093
colombia,banco_de_bogota,2012-10-19,15173629.1656
colombia,banco_de_bogota,2012-10-22,15202312.7747
colombia,banco_de_bogota,2012-10-23,15374414.4287
colombia,banco_de_bogota,2012-10-24,15632566.9098
colombia,banco_de_bogota,2012-10-25,15546516.0828
colombia,banco_de_bogota,2012-10-26,15546516.0828
colombia,banco_de_bogota,2012-10-29,15489148.8647
colombia,banco_de_bogota,2012-10-30,15489148.8647
colombia,banco_de_bogota,2012-10-31,15632566.9098
colombia,banco_de_bogota,2012-11-01,15718617.7368
colombia,banco_de_bogota,2012-11-02,15512095.752
colombia,banco_de_bogota,2012-11-06,15339994.0979
colombia,banco_de_bogota,2012-11-07,14858109.4666
colombia,banco_de_bogota,2012-11-08,15202312.7747
colombia,banco_de_bogota,2012-11-09,15156419.0002
colombia,banco_de_bogota,2012-11-13,14915476.6846
colombia,banco_de_bogota,2012-11-14,15139208.8348
colombia,banco_de_bogota,2012-11-15,15489148.8647
colombia,banco_de_bogota,2012-11-16,15431781.6467
colombia,banco_de_bogota,2012-11-19,15087578.3386
colombia,banco_de_bogota,2012-11-20,15202312.7747
colombia,banco_de_bogota,2012-11-21,14915476.6846
colombia,banco_de_bogota,2012-11-22,15030211.1206
colombia,banco_de_bogota,2012-11-23,15001527.5116
colombia,banco_de_bogota,2012-11-26,15030211.1206
colombia,banco_de_bogota,2012-11-27,15030211.1206
colombia,banco_de_bogota,2012-11-28,15202312.7747
colombia,banco_de_bogota,2012-11-29,15190839.3311
colombia,banco_de_bogota,2012-11-30,15288363.6017
colombia,banco_de_bogota,2012-12-03,15196576.0529
colombia,banco_de_bogota,2012-12-04,15196576.0529
colombia,banco_de_bogota,2012-12-05,15230996.3837
colombia,banco_de_bogota,2012-12-06,15339994.0979
colombia,banco_de_bogota,2012-12-07,15339994.0979
colombia,banco_de_bogota,2012-12-10,15345730.8197
colombia,banco_de_bogota,2012-12-11,15489148.8647
colombia,banco_de_bogota,2012-12-12,15603883.3008
colombia,banco_de_bogota,2012-12-13,15689934.1278
colombia,banco_de_bogota,2012-12-14,15632566.9098
colombia,banco_de_bogota,2012-12-17,15603883.3008
colombia,banco_de_bogota,2012-12-18,15689934.1278
colombia,banco_de_bogota,2012-12-19,15701407.5714
colombia,banco_de_bogota,2012-12-20,15701407.5714
colombia,banco_de_bogota,2012-12-21,15489148.8647
colombia,banco_de_bogota,2012-12-24,15632566.9098
colombia,banco_de_bogota,2012-12-26,15632566.9098
colombia,banco_de_bogota,2012-12-27,15632566.9098
colombia,banco_de_bogota,2012-12-28,15632566.9098
colombia,banco_de_bogota,2013-01-02,15603883.3008
colombia,banco_de_bogota,2013-01-03,15540779.361
colombia,banco_de_bogota,2013-01-04,15626830.188
colombia,banco_de_bogota,2013-01-08,15626830.188
colombia,banco_de_bogota,2013-01-09,15632566.9098
colombia,banco_de_bogota,2013-01-10,15615356.7444
colombia,banco_de_bogota,2013-01-11,15615356.7444
colombia,banco_de_bogota,2013-01-14,15632566.9098
colombia,banco_de_bogota,2013-01-15,15850562.3383
colombia,banco_de_bogota,2013-01-16,15816142.0074
colombia,banco_de_bogota,2013-01-17,15965296.7743
colombia,banco_de_bogota,2013-01-18,15982506.9397
colombia,banco_de_bogota,2013-01-21,16057084.3231
colombia,banco_de_bogota,2013-01-22,16062821.0449
colombia,banco_de_bogota,2013-01-23,16062821.0449
colombia,banco_de_bogota,2013-01-24,16062821.0449
colombia,banco_de_bogota,2013-01-25,16062821.0449
colombia,banco_de_bogota,2013-01-28,16062821.0449
colombia,banco_de_bogota,2013-01-29,16062821.0449
colombia,banco_de_bogota,2013-01-30,16011190.5487
colombia,banco_de_bogota,2013-01-31,16057084.3231
colombia,banco_de_bogota,2013-02-01,16062821.0449
colombia,banco_de_bogota,2013-02-04,16183292.2028
colombia,banco_de_bogota,2013-02-05,16619283.0597
colombia,banco_de_bogota,2013-02-06,16550442.3981
colombia,banco_de_bogota,2013-02-07,16619283.0597
colombia,banco_de_bogota,2013-02-08,16636493.2251
colombia,banco_de_bogota,2013-02-11,16779911.2701
colombia,banco_de_bogota,2013-02-12,16923329.3152
colombia,banco_de_bogota,2013-02-13,17043800.473
colombia,banco_de_bogota,2013-02-14,16974959.8114
colombia,banco_de_bogota,2013-02-15,16785647.9919
colombia,banco_de_bogota,2013-02-18,16647966.6687
colombia,banco_de_bogota,2013-02-19,16802858.1573
colombia,banco_de_bogota,2013-02-20,16636493.2251
colombia,banco_de_bogota,2013-02-21,16636493.2251
colombia,banco_de_bogota,2013-02-22,16722544.0521
colombia,banco_de_bogota,2013-02-25,16779911.2701
colombia,banco_de_bogota,2013-02-26,16779911.2701
colombia,banco_de_bogota,2013-02-27,16865962.0972
colombia,banco_de_bogota,2013-02-28,16808594.8792
colombia,banco_de_bogota,2013-03-01,16808594.8792
colombia,banco_de_bogota,2013-03-04,16779911.2701
colombia,banco_de_bogota,2013-03-05,16785647.9919
colombia,banco_de_bogota,2013-03-06,16647966.6687
colombia,banco_de_bogota,2013-03-07,16636493.2251
colombia,banco_de_bogota,2013-03-08,16642229.9469
colombia,banco_de_bogota,2013-03-11,16745490.9393
colombia,banco_de_bogota,2013-03-12,16716807.3303
colombia,banco_de_bogota,2013-03-13,16716807.3303
colombia,banco_de_bogota,2013-03-14,16653703.3905
colombia,banco_de_bogota,2013-03-15,16665176.8341
colombia,banco_de_bogota,2013-03-18,16670913.5559
colombia,banco_de_bogota,2013-03-19,16779911.2701
colombia,banco_de_bogota,2013-03-20,16693860.4431
colombia,banco_de_bogota,2013-03-21,16493075.1801
colombia,banco_de_bogota,2013-03-22,16636493.2251
colombia,banco_de_bogota,2013-03-26,16636493.2251
colombia,banco_de_bogota,2013-03-27,16636493.2251
colombia,banco_de_bogota,2013-04-01,16556179.1199
colombia,banco_de_bogota,2013-04-02,16550442.3981
colombia,banco_de_bogota,2013-04-03,16550442.3981
colombia,banco_de_bogota,2013-04-04,16636493.2251
colombia,banco_de_bogota,2013-04-05,16579126.0071
colombia,banco_de_bogota,2013-04-08,16579126.0071
colombia,banco_de_bogota,2013-04-09,16579126.0071
colombia,banco_de_bogota,2013-04-10,16607809.6161
colombia,banco_de_bogota,2013-04-11,16636493.2251
colombia,banco_de_bogota,2013-04-12,16699597.1649
colombia,banco_de_bogota,2013-04-15,16722544.0521
colombia,banco_de_bogota,2013-04-16,16779911.2701
colombia,banco_de_bogota,2013-04-17,16923329.3152
colombia,banco_de_bogota,2013-04-18,16923329.3152
colombia,banco_de_bogota,2013-04-19,16917592.5934
colombia,banco_de_bogota,2013-04-22,16865962.0972
colombia,banco_de_bogota,2013-04-23,16923329.3152
colombia,banco_de_bogota,2013-04-24,17204428.6835
colombia,banco_de_bogota,2013-04-25,17669103.1494
colombia,banco_de_bogota,2013-04-26,18070673.6755
colombia,banco_de_bogota,2013-04-29,18214091.7206
colombia,banco_de_bogota,2013-04-30,18070673.6755
colombia,banco_de_bogota,2013-05-02,18156724.5026
colombia,banco_de_bogota,2013-05-03,18357509.7656
colombia,banco_de_bogota,2013-05-06,18351773.0438
colombia,banco_de_bogota,2013-05-07,18644345.8557
colombia,banco_de_bogota,2013-05-08,19045916.3818
colombia,banco_de_bogota,2013-05-09,18787763.9008
colombia,banco_de_bogota,2013-05-10,18759080.2917
colombia,banco_de_bogota,2013-05-14,18759080.2917
colombia,banco_de_bogota,2013-05-15,18931181.9458
colombia,banco_de_bogota,2013-05-16,18988549.1638
colombia,banco_de_bogota,2013-05-17,18988549.1638
colombia,banco_de_bogota,2013-05-20,19028706.2164
colombia,banco_de_bogota,2013-05-21,19074599.9908
colombia,banco_de_bogota,2013-05-22,18787763.9008
colombia,banco_de_bogota,2013-05-23,19533537.735
colombia,banco_de_bogota,2013-05-24,20078526.3062
colombia,banco_de_bogota,2013-05-27,20078526.3062
colombia,banco_de_bogota,2013-05-28,20078526.3062
colombia,banco_de_bogota,2013-05-29,20078526.3062
colombia,banco_de_bogota,2013-05-30,20078526.3062
colombia,banco_de_bogota,2013-05-31,20078526.3062
colombia,banco_de_bogota,2013-06-04,20072789.5844
colombia,banco_de_bogota,2013-06-05,19791690.2161
colombia,banco_de_bogota,2013-06-06,19791690.2161
colombia,banco_de_bogota,2013-06-07,19218018.0359
colombia,banco_de_bogota,2013-06-11,18931181.9458
colombia,banco_de_bogota,2013-06-12,18931181.9458
colombia,banco_de_bogota,2013-06-13,18931181.9458
colombia,banco_de_bogota,2013-06-14,18919708.5022
colombia,banco_de_bogota,2013-06-17,19734322.998
colombia,banco_de_bogota,2013-06-18,20072791.72
colombia,banco_de_bogota,2013-06-19,20067054.9976
colombia,banco_de_bogota,2013-06-20,20009687.7734
colombia,banco_de_bogota,2013-06-21,19906426.77
colombia,banco_de_bogota,2013-06-24,19785955.5994
colombia,banco_de_bogota,2013-06-25,19757271.9873
colombia,banco_de_bogota,2013-06-26,19791692.3218
colombia,banco_de_bogota,2013-06-27,19791692.3218
colombia,banco_de_bogota,2013-06-28,19791692.3218
colombia,banco_de_bogota,2013-07-02,19791692.3218
colombia,banco_de_bogota,2013-07-03,19791692.3218
colombia,banco_de_bogota,2013-07-04,19791692.3218
colombia,banco_de_bogota,2013-07-05,19791692.3218
colombia,banco_de_bogota,2013-07-08,19458962.4219
colombia,banco_de_bogota,2013-07-09,19447488.9771
colombia,banco_de_bogota,2013-07-10,19304070.9167
colombia,banco_de_bogota,2013-07-11,19361438.1409
colombia,banco_de_bogota,2013-07-12,19361438.1409
colombia,banco_de_bogota,2013-07-15,19304070.9167
colombia,banco_de_bogota,2013-07-16,19103285.6323
colombia,banco_de_bogota,2013-07-17,19212283.3582
colombia,banco_de_bogota,2013-07-18,19154916.134
colombia,banco_de_bogota,2013-07-19,19126232.522
colombia,banco_de_bogota,2013-07-22,18931183.96
colombia,banco_de_bogota,2013-07-23,19017234.7961
colombia,banco_de_bogota,2013-07-24,19516329.646
colombia,banco_de_bogota,2013-07-25,20330944.2285
colombia,banco_de_bogota,2013-07-26,20009687.7734
colombia,banco_de_bogota,2013-07-29,20078528.4424
colombia,banco_de_bogota,2013-07-30,20141632.3889
colombia,banco_de_bogota,2013-07-31,20359627.8406
colombia,banco_de_bogota,2013-08-01,20193262.8906
colombia,banco_de_bogota,2013-08-02,20181789.4458
colombia,banco_de_bogota,2013-08-05,20193262.8906
colombia,banco_de_bogota,2013-08-06,20158842.5562
colombia,banco_de_bogota,2013-08-08,20164579.2786
colombia,banco_de_bogota,2013-08-09,20216209.7803
colombia,banco_de_bogota,2013-08-12,20158842.5562
colombia,banco_de_bogota,2013-08-13,20135895.6665
colombia,banco_de_bogota,2013-08-14,20135895.6665
colombia,banco_de_bogota,2013-08-15,20078528.4424
colombia,banco_de_bogota,2013-08-16,20078528.4424
colombia,banco_de_bogota,2013-08-20,20107212.0544
colombia,banco_de_bogota,2013-08-21,20044108.1079
colombia,banco_de_bogota,2013-08-22,20044108.1079
colombia,banco_de_bogota,2013-08-23,19866269.7131
colombia,banco_de_bogota,2013-08-26,19877743.158
colombia,banco_de_bogota,2013-08-27,20078528.4424
colombia,banco_de_bogota,2013-08-28,20055581.5527
colombia,banco_de_bogota,2013-08-29,20078528.4424
colombia,banco_de_bogota,2013-08-30,20072791.72
colombia,banco_de_bogota,2013-09-02,20049844.8303
colombia,banco_de_bogota,2013-09-03,20049844.8303
colombia,banco_de_bogota,2013-09-04,19791692.3218
colombia,banco_de_bogota,2013-09-05,19935110.3821
colombia,banco_de_bogota,2013-09-06,19877743.158
colombia,banco_de_bogota,2013-09-09,19906426.77
colombia,banco_de_bogota,2013-09-10,19929373.6597
colombia,banco_de_bogota,2013-09-11,19808902.489
colombia,banco_de_bogota,2013-09-12,19929373.6597
colombia,banco_de_bogota,2013-09-13,19906426.77
colombia,banco_de_bogota,2013-09-16,19808902.489
colombia,banco_de_bogota,2013-09-17,19808902.489
colombia,banco_de_bogota,2013-09-18,19877743.158
colombia,banco_de_bogota,2013-09-19,20038371.3855
colombia,banco_de_bogota,2013-09-20,20652200.6836
colombia,banco_de_bogota,2013-09-23,20589096.7371
colombia,banco_de_bogota,2013-09-24,20285050.4492
colombia,banco_de_bogota,2013-09-25,19935110.3821
colombia,banco_de_bogota,2013-09-26,20078528.4424
colombia,banco_de_bogota,2013-09-27,20061318.2751
colombia,banco_de_bogota,2013-09-30,19390121.7529
colombia,banco_de_bogota,2013-10-01,19510592.9236
colombia,banco_de_bogota,2013-10-02,19510592.9236
colombia,banco_de_bogota,2013-10-03,19504856.2012
colombia,banco_de_bogota,2013-10-04,19527803.0908
colombia,banco_de_bogota,2013-10-07,19791692.3218
colombia,banco_de_bogota,2013-10-08,20055581.5527
colombia,banco_de_bogota,2013-10-09,20078528.4424
colombia,banco_de_bogota,2013-10-10,20078528.4424
colombia,banco_de_bogota,2013-10-11,20061318.2751
colombia,banco_de_bogota,2013-10-15,20049844.8303
colombia,banco_de_bogota,2013-10-16,20055581.5527
colombia,banco_de_bogota,2013-10-17,20078528.4424
colombia,banco_de_bogota,2013-10-18,20072791.72
colombia,banco_de_bogota,2013-10-21,20078528.4424
colombia,banco_de_bogota,2013-10-22,19849059.5459
colombia,banco_de_bogota,2013-10-23,20067054.9976
colombia,banco_de_bogota,2013-10-24,20049844.8303
colombia,banco_de_bogota,2013-10-25,19676957.8735
colombia,banco_de_bogota,2013-10-28,19952320.5493
colombia,banco_de_bogota,2013-10-29,19797429.0442
colombia,banco_de_bogota,2013-10-30,19734325.0977
colombia,banco_de_bogota,2013-10-31,19223756.803
colombia,banco_de_bogota,2013-11-01,19654010.9839
colombia,banco_de_bogota,2013-11-05,19648274.2615
colombia,banco_de_bogota,2013-11-06,19642537.5391
colombia,banco_de_bogota,2013-11-07,19206546.6357
colombia,banco_de_bogota,2013-11-08,19223756.803
colombia,banco_de_bogota,2013-11-12,18959867.572
colombia,banco_de_bogota,2013-11-13,19103285.6323
colombia,banco_de_bogota,2013-11-14,19109022.3547
colombia,banco_de_bogota,2013-11-15,19045918.4082
colombia,banco_de_bogota,2013-11-18,19304070.9167
colombia,banco_de_bogota,2013-11-19,19608117.2046
colombia,banco_de_bogota,2013-11-20,19985615.5396
colombia,banco_de_bogota,2013-11-21,20901879.1443
colombia,banco_de_bogota,2013-11-22,20231592.3462
colombia,banco_de_bogota,2013-11-25,20022512.0605
colombia,banco_de_bogota,2013-11-26,20127052.2034
colombia,banco_de_bogota,2013-11-27,20858833.2031
colombia,banco_de_bogota,2013-11-28,20858833.2031
colombia,banco_de_bogota,2013-11-29,20858833.2031
colombia,banco_de_bogota,2013-12-02,20594408.136
colombia,banco_de_bogota,2013-12-03,20016362.6404
colombia,banco_de_bogota,2013-12-04,20053259.1614
colombia,banco_de_bogota,2013-12-05,20293086.5479
colombia,banco_de_bogota,2013-12-06,20213144.0857
colombia,banco_de_bogota,2013-12-09,19745788.1531
colombia,banco_de_bogota,2013-12-10,19985615.5396
colombia,banco_de_bogota,2013-12-11,20600557.5562
colombia,banco_de_bogota,2013-12-12,20600557.5562
colombia,banco_de_bogota,2013-12-13,20539063.3545
colombia,banco_de_bogota,2013-12-16,20139351.0437
colombia,banco_de_bogota,2013-12-17,20293086.5479
colombia,banco_de_bogota,2013-12-18,20532913.9343
colombia,banco_de_bogota,2013-12-19,20532913.9343
colombia,banco_de_bogota,2013-12-20,21215499.5728
colombia,banco_de_bogota,2013-12-23,21197051.3123
colombia,banco_de_bogota,2013-12-24,21197051.3123
colombia,banco_de_bogota,2013-12-26,21184752.4719
colombia,banco_de_bogota,2013-12-27,21215499.5728
colombia,banco_de_bogota,2013-12-30,21984177.0935
colombia,banco_de_bogota,2014-01-02,21984177.0935
colombia,banco_de_bogota,2014-01-03,21984177.0935
colombia,banco_de_bogota,2014-01-07,21522970.5811
colombia,banco_de_bogota,2014-01-08,21043315.8081
colombia,banco_de_bogota,2014-01-09,21031016.9678
colombia,banco_de_bogota,2014-01-10,21061764.0686
colombia,banco_de_bogota,2014-01-13,20908028.5645
colombia,banco_de_bogota,2014-01-14,21037166.3879
colombia,banco_de_bogota,2014-01-15,21006419.2871
colombia,banco_de_bogota,2014-01-16,20908028.5645
colombia,banco_de_bogota,2014-01-17,21215499.5728
colombia,banco_de_bogota,2014-01-20,21209350.1526
colombia,banco_de_bogota,2014-01-21,21209350.1526
colombia,banco_de_bogota,2014-01-22,21147855.9509
colombia,banco_de_bogota,2014-01-23,21178603.0518
colombia,banco_de_bogota,2014-01-24,21147855.9509
colombia,banco_de_bogota,2014-01-27,21215499.5728
colombia,banco_de_bogota,2014-01-28,21154005.3711
colombia,banco_de_bogota,2014-01-29,20729695.3796
colombia,banco_de_bogota,2014-01-30,20004063.8
colombia,banco_de_bogota,2014-01-31,20416074.9512
colombia,banco_de_bogota,2014-02-03,20139351.0437
colombia,banco_de_bogota,2014-02-04,20582109.2957
colombia,banco_de_bogota,2014-02-05,20569810.4553
colombia,banco_de_bogota,2014-02-06,20582109.2957
colombia,banco_de_bogota,2014-02-07,20551362.1948
colombia,banco_de_bogota,2014-02-10,20293086.5479
colombia,banco_de_bogota,2014-02-11,20532913.9343
colombia,banco_de_bogota,2014-02-12,20139351.0437
colombia,banco_de_bogota,2014-02-13,20409925.531
colombia,banco_de_bogota,2014-02-14,19991764.9597
colombia,banco_de_bogota,2014-02-17,20286937.1277
colombia,banco_de_bogota,2014-02-18,20194695.8252
colombia,banco_de_bogota,2014-02-19,20293086.5479
colombia,banco_de_bogota,2014-02-20,20034810.9009
colombia,banco_de_bogota,2014-02-21,20834235.5225
colombia,banco_de_bogota,2014-02-24,21215499.5728
colombia,banco_de_bogota,2014-02-25,21031016.9678
colombia,banco_de_bogota,2014-02-26,20600557.5562
colombia,banco_de_bogota,2014-02-27,20612856.3965
colombia,banco_de_bogota,2014-02-28,20901879.1443
colombia,banco_de_bogota,2014-03-03,20938775.6653
colombia,banco_de_bogota,2014-03-04,21147855.9509
colombia,banco_de_bogota,2014-03-05,21190901.8921
colombia,banco_de_bogota,2014-03-06,21209350.1526
colombia,banco_de_bogota,2014-03-07,21215499.5728
colombia,banco_de_bogota,2014-03-10,21215499.5728
colombia,banco_de_bogota,2014-03-11,21399982.1777
colombia,banco_de_bogota,2014-03-12,21522970.5811
colombia,banco_de_bogota,2014-03-13,21522970.5811
colombia,banco_de_bogota,2014-03-14,21522970.5811
colombia,banco_de_bogota,2014-03-17,21522972.7173
colombia,banco_de_bogota,2014-03-18,21221651.0992
colombia,banco_de_bogota,2014-03-19,21486076.1926
colombia,banco_de_bogota,2014-03-20,21492225.6134
colombia,banco_de_bogota,2014-03-21,21412283.1433
colombia,banco_de_bogota,2014-03-25,21399984.3018
colombia,banco_de_bogota,2014-03-26,21424581.9849
colombia,banco_de_bogota,2014-03-27,21461478.5095
colombia,banco_de_bogota,2014-03-28,21492225.6134
colombia,banco_de_bogota,2014-03-31,21510673.8757
colombia,banco_de_bogota,2014-04-01,21516823.2965
colombia,banco_de_bogota,2014-04-02,21830443.7561
colombia,banco_de_bogota,2014-04-03,21738202.4445
colombia,banco_de_bogota,2014-04-04,21848892.0184
colombia,banco_de_bogota,2014-04-07,21270846.4655
colombia,banco_de_bogota,2014-04-08,21215501.6785
colombia,banco_de_bogota,2014-04-09,21061766.1591
colombia,banco_de_bogota,2014-04-10,21061766.1591
colombia,banco_de_bogota,2014-04-11,21215501.6785
colombia,banco_de_bogota,2014-04-14,21209352.2577
colombia,banco_de_bogota,2014-04-15,21067915.5798
colombia,banco_de_bogota,2014-04-16,21215501.6785
colombia,banco_de_bogota,2014-04-21,21492225.6134
colombia,banco_de_bogota,2014-04-22,21221651.0992
colombia,banco_de_bogota,2014-04-23,21215501.6785
colombia,banco_de_bogota,2014-04-24,21227800.52
colombia,banco_de_bogota,2014-04-25,21080214.4214
colombia,banco_de_bogota,2014-04-28,21369237.1979
colombia,banco_de_bogota,2014-04-29,21369237.1979
colombia,banco_de_bogota,2014-04-30,21492225.6134
colombia,banco_de_bogota,2014-05-02,21123260.3668
colombia,banco_de_bogota,2014-05-05,21067915.5798
colombia,banco_de_bogota,2014-05-06,21067915.5798
colombia,banco_de_bogota,2014-05-07,21215501.6785
colombia,banco_de_bogota,2014-05-08,21215501.6785
colombia,banco_de_bogota,2014-05-09,21215501.6785
colombia,banco_de_bogota,2014-05-12,21178605.1538
colombia,banco_de_bogota,2014-05-13,21363087.7771
colombia,banco_de_bogota,2014-05-14,21215501.6785
colombia,banco_de_bogota,2014-05-15,21215501.6785
colombia,banco_de_bogota,2014-05-16,21215501.6785
colombia,banco_de_bogota,2014-05-19,21215501.6785
colombia,banco_de_bogota,2014-05-20,21209352.2577
colombia,banco_de_bogota,2014-05-21,21203202.8369
colombia,banco_de_bogota,2014-05-22,21123260.3668
colombia,banco_de_bogota,2014-05-23,21363087.7771
colombia,banco_de_bogota,2014-05-26,21363087.7771
colombia,banco_de_bogota,2014-05-27,21129409.7876
colombia,banco_de_bogota,2014-05-28,21123260.3668
colombia,banco_de_bogota,2014-05-29,21123260.3668
colombia,banco_de_bogota,2014-05-30,21399984.3018
colombia,banco_de_bogota,2014-06-03,21399984.3018
colombia,banco_de_bogota,2014-06-04,21154007.4707
colombia,banco_de_bogota,2014-06-05,21215501.6785
colombia,banco_de_bogota,2014-06-06,21215501.6785
colombia,banco_de_bogota,2014-06-09,21117110.946
colombia,banco_de_bogota,2014-06-10,21061766.1591
colombia,banco_de_bogota,2014-06-11,21215501.6785
colombia,banco_de_bogota,2014-06-12,21184754.5746
colombia,banco_de_bogota,2014-06-13,21215501.6785
colombia,banco_de_bogota,2014-06-16,21123260.3668
colombia,banco_de_bogota,2014-06-17,21301593.5693
colombia,banco_de_bogota,2014-06-18,21301593.5693
colombia,banco_de_bogota,2014-06-19,21301593.5693
colombia,banco_de_bogota,2014-06-20,21369237.1979
colombia,banco_de_bogota,2014-06-24,21369237.1979
colombia,banco_de_bogota,2014-06-25,21338490.094
colombia,banco_de_bogota,2014-06-26,21221651.0992
colombia,banco_de_bogota,2014-06-27,21061766.1591
colombia,banco_de_bogota,2014-07-01,21154007.4707
colombia,banco_de_bogota,2014-07-02,21061766.1591
colombia,banco_de_bogota,2014-07-03,21123260.3668
colombia,banco_de_bogota,2014-07-04,21221651.0992
colombia,banco_de_bogota,2014-07-07,21215501.6785
colombia,banco_de_bogota,2014-07-08,21184754.5746
colombia,banco_de_bogota,2014-07-09,21123260.3668
colombia,banco_de_bogota,2014-07-10,21123260.3668
colombia,banco_de_bogota,2014-07-11,21338490.094
colombia,banco_de_bogota,2014-07-14,21338490.094
colombia,banco_de_bogota,2014-07-15,21135559.2084
colombia,banco_de_bogota,2014-07-16,21067915.5798
colombia,banco_de_bogota,2014-07-17,21067915.5798
colombia,banco_de_bogota,2014-07-18,21092513.2629
colombia,banco_de_bogota,2014-07-21,21061766.1591
colombia,banco_de_bogota,2014-07-22,20994122.5305
colombia,banco_de_bogota,2014-07-23,20981823.689
colombia,banco_de_bogota,2014-07-24,21215501.6785
colombia,banco_de_bogota,2014-07-25,21067915.5798
colombia,banco_de_bogota,2014-07-28,21276995.8862
colombia,banco_de_bogota,2014-07-29,21276995.8862
colombia,banco_de_bogota,2014-07-30,21276995.8862
colombia,banco_de_bogota,2014-07-31,21522972.7173
colombia,banco_de_bogota,2014-08-01,21258547.6239
colombia,banco_de_bogota,2014-08-04,21522972.7173
colombia,banco_de_bogota,2014-08-05,21381536.0394
colombia,banco_de_bogota,2014-08-06,21375386.6187
colombia,banco_de_bogota,2014-08-08,21406133.7225
colombia,banco_de_bogota,2014-08-11,21522972.7173
colombia,banco_de_bogota,2014-08-12,21522972.7173
colombia,banco_de_bogota,2014-08-13,21559869.2419
colombia,banco_de_bogota,2014-08-14,21676708.2367
colombia,banco_de_bogota,2014-08-15,21830443.7561
colombia,banco_de_bogota,2014-08-19,21891937.9639
colombia,banco_de_bogota,2014-08-20,22586822.5116
colombia,banco_de_bogota,2014-08-21,22439236.413
colombia,banco_de_bogota,2014-08-22,22187110.1611
colombia,banco_de_bogota,2014-08-25,22230156.1066
colombia,banco_de_bogota,2014-08-26,22445385.8337
colombia,banco_de_bogota,2014-08-27,22439236.413
colombia,banco_de_bogota,2014-08-28,22303949.1559
colombia,banco_de_bogota,2014-08-29,22303949.1559
colombia,banco_de_bogota,2014-09-01,22322397.4182
colombia,banco_de_bogota,2014-09-02,22322397.4182
colombia,banco_de_bogota,2014-09-03,22303949.1559
colombia,banco_de_bogota,2014-09-04,22322397.4182
colombia,banco_de_bogota,2014-09-05,22383891.626
colombia,banco_de_bogota,2014-09-08,22322397.4182
colombia,banco_de_bogota,2014-09-09,22328546.839
colombia,banco_de_bogota,2014-09-10,22137914.7949
colombia,banco_de_bogota,2014-09-11,22137914.7949
colombia,banco_de_bogota,2014-09-12,22414638.7299
colombia,banco_de_bogota,2014-09-15,22414638.7299
colombia,banco_de_bogota,2014-09-16,22291650.3143
colombia,banco_de_bogota,2014-09-17,22599121.3531
colombia,banco_de_bogota,2014-09-18,22506880.0415
colombia,banco_de_bogota,2014-09-19,22537627.1454
colombia,banco_de_bogota,2014-09-22,22592971.9324
colombia,banco_de_bogota,2014-09-23,22445385.8337
colombia,banco_de_bogota,2014-09-24,22137914.7949
colombia,banco_de_bogota,2014-09-25,21830443.7561
colombia,banco_de_bogota,2014-09-26,21590616.3458
colombia,banco_de_bogota,2014-09-29,21676708.2367
colombia,banco_de_bogota,2014-09-30,21689007.0782
colombia,banco_de_bogota,2014-10-01,21689007.0782
colombia,banco_de_bogota,2014-10-02,21529122.1381
colombia,banco_de_bogota,2014-10-03,21529122.1381
colombia,banco_de_bogota,2014-10-06,21830443.7561
colombia,banco_de_bogota,2014-10-07,21529122.1381
colombia,banco_de_bogota,2014-10-08,21522972.7173
colombia,banco_de_bogota,2014-10-09,21522972.7173
colombia,banco_de_bogota,2014-10-10,21522972.7173
colombia,banco_de_bogota,2014-10-14,21522972.7173
colombia,banco_de_bogota,2014-10-15,20606709.0216
colombia,banco_de_bogota,2014-10-16,20908030.6396
colombia,banco_de_bogota,2014-10-17,20754295.1202
colombia,banco_de_bogota,2014-10-20,20440674.6606
colombia,banco_de_bogota,2014-10-21,21350788.9355
colombia,banco_de_bogota,2014-10-22,21092513.2629
colombia,banco_de_bogota,2014-10-23,21492225.6134
colombia,banco_de_bogota,2014-10-24,21369237.1979
colombia,banco_de_bogota,2014-10-27,21246248.7823
colombia,banco_de_bogota,2014-10-28,21184754.5746
colombia,banco_de_bogota,2014-10-29,21067915.5798
colombia,banco_de_bogota,2014-10-30,20754295.1202
colombia,banco_de_bogota,2014-10-31,20908030.6396
colombia,banco_de_bogota,2014-11-04,20908030.6396
colombia,banco_de_bogota,2014-11-05,20908030.6396
colombia,banco_de_bogota,2014-11-06,20908030.6396
colombia,banco_de_bogota,2014-11-07,20908030.6396
colombia,banco_de_bogota,2014-11-10,20840387.0111
colombia,banco_de_bogota,2014-11-11,22262083.5938
colombia,banco_de_bogota,2014-11-12,21864546.3867
colombia,banco_de_bogota,2014-11-13,22063314.9902
colombia,banco_de_bogota,2014-11-14,22189201.7725
colombia,banco_de_bogota,2014-11-18,22189201.7725
colombia,banco_de_bogota,2014-11-19,22195827.3926
colombia,banco_de_bogota,2014-11-20,22162699.292
colombia,banco_de_bogota,2014-11-21,22228955.4932
colombia,banco_de_bogota,2014-11-24,22195827.3926
colombia,banco_de_bogota,2014-11-25,22162699.292
colombia,banco_de_bogota,2014-11-26,22361467.8955
colombia,banco_de_bogota,2014-11-27,22268709.2139
colombia,banco_de_bogota,2014-11-28,22195827.3926
colombia,banco_de_bogota,2014-12-01,21864546.3867
colombia,banco_de_bogota,2014-12-02,22189201.7725
colombia,banco_de_bogota,2014-12-03,22156073.6719
colombia,banco_de_bogota,2014-12-04,21910925.7275
colombia,banco_de_bogota,2014-12-05,21997058.7891
colombia,banco_de_bogota,2014-12-09,22162699.292
colombia,banco_de_bogota,2014-12-10,21281491.8164
colombia,banco_de_bogota,2014-12-11,21208609.9951
colombia,banco_de_bogota,2014-12-12,21036343.8721
colombia,banco_de_bogota,2014-12-15,21135728.1738
colombia,banco_de_bogota,2014-12-16,20864077.749
colombia,banco_de_bogota,2014-12-17,21533265.3809
colombia,banco_de_bogota,2014-12-18,21208609.9951
colombia,banco_de_bogota,2014-12-19,21533235.6262
colombia,banco_de_bogota,2014-12-22,22129540.6128
colombia,banco_de_bogota,2014-12-23,22493949.2157
colombia,banco_de_bogota,2014-12-24,22692717.5446
colombia,banco_de_bogota,2014-12-26,22858357.8186
colombia,banco_de_bogota,2014-12-29,22752348.0432
colombia,banco_de_bogota,2014-12-30,21897644.2291
colombia,banco_de_bogota,2015-01-02,21897644.2291
colombia,banco_de_bogota,2015-01-05,21301339.2426
colombia,banco_de_bogota,2015-01-06,21301339.2426
colombia,banco_de_bogota,2015-01-07,21069442.8589
colombia,banco_de_bogota,2015-01-08,21698875.9003
colombia,banco_de_bogota,2015-01-09,21698875.9003
colombia,banco_de_bogota,2015-01-13,21374220.9631
colombia,banco_de_bogota,2015-01-14,21201955.0781
colombia,banco_de_bogota,2015-01-15,21201955.0781
colombia,banco_de_bogota,2015-01-16,21036314.8041
colombia,banco_de_bogota,2015-01-19,21036314.8041
colombia,banco_de_bogota,2015-01-20,21036314.8041
colombia,banco_de_bogota,2015-01-21,20870674.53
colombia,banco_de_bogota,2015-01-22,21029689.1931
colombia,banco_de_bogota,2015-01-23,21036314.8041
colombia,banco_de_bogota,2015-01-26,21672373.4564
colombia,banco_de_bogota,2015-01-27,21228457.522
colombia,banco_de_bogota,2015-01-28,21069442.8589
colombia,banco_de_bogota,2015-01-29,21321216.0754
colombia,banco_de_bogota,2015-01-30,20579147.6477
colombia,banco_de_bogota,2015-02-02,21036314.8041
colombia,banco_de_bogota,2015-02-03,21195329.4672
colombia,banco_de_bogota,2015-02-04,21526610.0153
colombia,banco_de_bogota,2015-02-05,21367595.3522
colombia,banco_de_bogota,2015-02-06,21201955.0781
colombia,banco_de_bogota,2015-02-09,21208580.6891
colombia,banco_de_bogota,2015-02-10,21201955.0781
colombia,banco_de_bogota,2015-02-11,21036314.8041
colombia,banco_de_bogota,2015-02-12,20870674.53
colombia,banco_de_bogota,2015-02-13,20870674.53
colombia,banco_de_bogota,2015-02-16,20870674.53
colombia,banco_de_bogota,2015-02-17,21042940.415
colombia,banco_de_bogota,2015-02-18,20877300.141
colombia,banco_de_bogota,2015-02-19,20903802.5848
colombia,banco_de_bogota,2015-02-20,20705034.256
colombia,banco_de_bogota,2015-02-23,20705034.256
colombia,banco_de_bogota,2015-02-24,20506265.9271
colombia,banco_de_bogota,2015-02-25,20208113.4338
colombia,banco_de_bogota,2015-02-26,20208113.4338
colombia,banco_de_bogota,2015-02-27,20499640.3162
colombia,banco_de_bogota,2015-03-02,20174985.379
colombia,banco_de_bogota,2015-03-03,20049098.7708
colombia,banco_de_bogota,2015-03-04,20274369.5435
colombia,banco_de_bogota,2015-03-05,19876832.8857
colombia,banco_de_bogota,2015-03-06,20168359.7681
colombia,banco_de_bogota,2015-03-09,19214271.7896
colombia,banco_de_bogota,2015-03-10,19108262.0142
colombia,banco_de_bogota,2015-03-11,18617966.803
colombia,banco_de_bogota,2015-03-12,18849863.1866
colombia,banco_de_bogota,2015-03-13,18750479.0222
colombia,banco_de_bogota,2015-03-16,19207646.1786
colombia,banco_de_bogota,2015-03-17,19068508.3484
colombia,banco_de_bogota,2015-03-18,19247399.8444
colombia,banco_de_bogota,2015-03-19,19379912.0636
colombia,banco_de_bogota,2015-03-20,19214271.7896
colombia,banco_de_bogota,2015-03-24,18763730.2441
colombia,banco_de_bogota,2015-03-25,18882991.2415
colombia,banco_de_bogota,2015-03-26,18551710.6934
colombia,banco_de_bogota,2015-03-27,18551710.6934
colombia,banco_de_bogota,2015-03-30,18386070.4193
colombia,banco_de_bogota,2015-03-31,18286686.2549
colombia,banco_de_bogota,2015-04-01,18710725.3564
colombia,banco_de_bogota,2015-04-06,18783607.077
colombia,banco_de_bogota,2015-04-07,19373286.4526
colombia,banco_de_bogota,2015-04-08,19545552.3376
colombia,banco_de_bogota,2015-04-09,20049098.7708
colombia,banco_de_bogota,2015-04-10,20049098.7708
colombia,banco_de_bogota,2015-04-13,19876832.8857
colombia,banco_de_bogota,2015-04-14,19876832.8857
colombia,banco_de_bogota,2015-04-15,19439542.5623
colombia,banco_de_bogota,2015-04-16,19545552.3376
colombia,banco_de_bogota,2015-04-17,19876832.8857
colombia,banco_de_bogota,2015-04-20,19876832.8857
colombia,banco_de_bogota,2015-04-21,19293779.1211
colombia,banco_de_bogota,2015-04-22,19326907.1759
colombia,banco_de_bogota,2015-04-23,19817202.3871
colombia,banco_de_bogota,2015-04-24,19876832.8857
colombia,banco_de_bogota,2015-04-27,20440009.8175
colombia,banco_de_bogota,2015-04-28,20539393.9819
colombia,banco_de_bogota,2015-04-29,21069442.8589
colombia,banco_de_bogota,2015-04-30,20830920.8643
colombia,banco_de_bogota,2015-05-04,20870674.53
colombia,banco_de_bogota,2015-05-05,20870674.53
colombia,banco_de_bogota,2015-05-06,20870674.53
colombia,banco_de_bogota,2015-05-07,20870674.53
colombia,banco_de_bogota,2015-05-08,20718285.4779
colombia,banco_de_bogota,2015-05-11,20711659.8669
colombia,banco_de_bogota,2015-05-12,20711659.8669
colombia,banco_de_bogota,2015-05-13,20592398.8696
colombia,banco_de_bogota,2015-05-14,20870674.53
colombia,banco_de_bogota,2015-05-15,20870674.53
colombia,banco_de_bogota,2015-05-19,21003186.7493
colombia,banco_de_bogota,2015-05-20,21301339.2426
colombia,banco_de_bogota,2015-05-21,20910428.1958
colombia,banco_de_bogota,2015-05-22,20970058.6945
colombia,banco_de_bogota,2015-05-25,21208580.6891
colombia,banco_de_bogota,2015-05-26,21453728.2947
colombia,banco_de_bogota,2015-05-27,20738162.3108
colombia,banco_de_bogota,2015-05-28,21162201.4124
colombia,banco_de_bogota,2015-05-29,20638778.1464
colombia,banco_de_bogota,2015-06-01,20870674.53
colombia,banco_de_bogota,2015-06-02,20671906.2012
colombia,banco_de_bogota,2015-06-03,20671906.2012
colombia,banco_de_bogota,2015-06-04,20711659.8669
colombia,banco_de_bogota,2015-06-05,20585773.2587
colombia,banco_de_bogota,2015-06-09,20539393.9819
colombia,banco_de_bogota,2015-06-10,20440009.8175
colombia,banco_de_bogota,2015-06-11,20208113.4338
colombia,banco_de_bogota,2015-06-12,19909960.9406
colombia,banco_de_bogota,2015-06-16,19413040.1184
colombia,banco_de_bogota,2015-06-17,19545552.3376
colombia,banco_de_bogota,2015-06-18,19280527.8992
colombia,banco_de_bogota,2015-06-19,19538926.7267
colombia,banco_de_bogota,2015-06-22,19485921.839
colombia,banco_de_bogota,2015-06-23,19711192.6117
colombia,banco_de_bogota,2015-06-24,19876832.8857
colombia,banco_de_bogota,2015-06-25,19856956.0529
colombia,banco_de_bogota,2015-06-26,19850330.4419
colombia,banco_de_bogota,2015-06-30,19876832.8857
colombia,banco_de_bogota,2015-07-01,19876832.8857
colombia,banco_de_bogota,2015-07-02,19810576.7761
colombia,banco_de_bogota,2015-07-03,19870207.2748
colombia,banco_de_bogota,2015-07-06,19876832.8857
colombia,banco_de_bogota,2015-07-07,19810576.7761
colombia,banco_de_bogota,2015-07-08,19843704.8309
colombia,banco_de_bogota,2015-07-09,19843704.8309
colombia,banco_de_bogota,2015-07-10,19976217.0502
colombia,banco_de_bogota,2015-07-13,20208113.4338
colombia,banco_de_bogota,2015-07-14,20208113.4338
colombia,banco_de_bogota,2015-07-15,20208113.4338
colombia,banco_de_bogota,2015-07-16,20208113.4338
colombia,banco_de_bogota,2015-07-17,19890084.1077
colombia,banco_de_bogota,2015-07-21,20174985.379
colombia,banco_de_bogota,2015-07-22,20208113.4338
colombia,banco_de_bogota,2015-07-23,20208113.4338
colombia,banco_de_bogota,2015-07-24,20201487.8229
colombia,banco_de_bogota,2015-07-27,19863581.6638
colombia,banco_de_bogota,2015-07-28,19896709.7186
colombia,banco_de_bogota,2015-07-29,20062349.9927
colombia,banco_de_bogota,2015-07-30,20075601.2146
colombia,banco_de_bogota,2015-07-31,19883458.4967
colombia,banco_de_bogota,2015-08-03,20128606.1023
colombia,banco_de_bogota,2015-08-04,20128606.1023
colombia,banco_de_bogota,2015-08-05,19896709.7186
colombia,banco_de_bogota,2015-08-06,19896709.7186
colombia,banco_de_bogota,2015-08-10,19896709.7186
colombia,banco_de_bogota,2015-08-11,19552177.9486
colombia,banco_de_bogota,2015-08-12,19538926.7267
colombia,banco_de_bogota,2015-08-13,19419665.7294
colombia,banco_de_bogota,2015-08-14,19227523.0115
colombia,banco_de_bogota,2015-08-18,19379912.0636
colombia,banco_de_bogota,2015-08-19,19313655.954
colombia,banco_de_bogota,2015-08-20,19346784.0088
colombia,banco_de_bogota,2015-08-21,19048631.5155
colombia,banco_de_bogota,2015-08-24,18366193.5864
colombia,banco_de_bogota,2015-08-25,18346316.7535
colombia,banco_de_bogota,2015-08-26,18293311.8658
colombia,banco_de_bogota,2015-08-27,18306563.0878
colombia,banco_de_bogota,2015-08-28,18942621.7401
colombia,banco_de_bogota,2015-08-31,19214271.7896
colombia,banco_de_bogota,2015-09-01,19214271.7896
colombia,banco_de_bogota,2015-09-02,19644936.5021
colombia,banco_de_bogota,2015-09-03,19525675.5048
colombia,banco_de_bogota,2015-09-04,19326907.1759
colombia,banco_de_bogota,2015-09-07,19538926.7267
colombia,banco_de_bogota,2015-09-08,19187769.3457
colombia,banco_de_bogota,2015-09-09,19214271.7896
colombia,banco_de_bogota,2015-09-10,19406414.5074
colombia,banco_de_bogota,2015-09-11,19379912.0636
colombia,banco_de_bogota,2015-09-14,19379912.0636
colombia,banco_de_bogota,2015-09-15,19379912.0636
colombia,banco_de_bogota,2015-09-16,19545552.3376
colombia,banco_de_bogota,2015-09-17,19379912.0636
colombia,banco_de_bogota,2015-09-18,18889616.8524
colombia,banco_de_bogota,2015-09-21,19479296.228
colombia,banco_de_bogota,2015-09-22,19545552.3376
colombia,banco_de_bogota,2015-09-23,19545552.3376
colombia,banco_de_bogota,2015-09-24,19545552.3376
colombia,banco_de_bogota,2015-09-25,19545552.3376
colombia,banco_de_bogota,2015-09-28,19545552.3376
colombia,banco_de_bogota,2015-09-29,19512424.2828
colombia,banco_de_bogota,2015-09-30,19545552.3376
colombia,banco_de_bogota,2015-10-01,19379912.0636
colombia,banco_de_bogota,2015-10-02,19313655.954
colombia,banco_de_bogota,2015-10-05,19247399.8444
colombia,banco_de_bogota,2015-10-06,19446168.1732
colombia,banco_de_bogota,2015-10-07,19545552.3376
colombia,banco_de_bogota,2015-10-08,19538926.7267
colombia,banco_de_bogota,2015-10-09,19512424.2828
colombia,banco_de_bogota,2015-10-13,19525675.5048
colombia,banco_de_bogota,2015-10-14,19578680.3925
colombia,banco_de_bogota,2015-10-15,19876832.8857
colombia,banco_de_bogota,2015-10-16,19837079.22
colombia,banco_de_bogota,2015-10-19,19731069.4446
colombia,banco_de_bogota,2015-10-20,19545552.3376
colombia,banco_de_bogota,2015-10-21,19585306.0034
colombia,banco_de_bogota,2015-10-22,19578680.3925
colombia,banco_de_bogota,2015-10-23,19578680.3925
colombia,banco_de_bogota,2015-10-26,19578680.3925
colombia,banco_de_bogota,2015-10-27,19545552.3376
colombia,banco_de_bogota,2015-10-28,19545552.3376
colombia,banco_de_bogota,2015-10-29,19552177.9486
colombia,banco_de_bogota,2015-10-30,19545552.3376
colombia,banco_de_bogota,2015-11-03,19545552.3376
colombia,banco_de_bogota,2015-11-04,19678064.5569
colombia,banco_de_bogota,2015-11-05,19876832.8857
colombia,banco_de_bogota,2015-11-06,19552177.9486
colombia,banco_de_bogota,2015-11-09,19605182.8363
colombia,banco_de_bogota,2015-11-10,19558803.5596
colombia,banco_de_bogota,2015-11-11,19810576.7761
colombia,banco_de_bogota,2015-11-12,19227523.0115
colombia,banco_de_bogota,2015-11-13,18253558.2001
colombia,banco_de_bogota,2015-11-17,18485454.5837
colombia,banco_de_bogota,2015-11-18,19379912.0636
colombia,banco_de_bogota,2015-11-19,19379912.0636
colombia,banco_de_bogota,2015-11-20,19538926.7267
colombia,banco_de_bogota,2015-11-23,19538926.7267
colombia,banco_de_bogota,2015-11-24,19545552.3376
colombia,banco_de_bogota,2015-11-25,19538926.7267
colombia,banco_de_bogota,2015-11-26,19095010.7922
colombia,banco_de_bogota,2015-11-27,18916119.2963
colombia,banco_de_bogota,2015-11-30,19214271.7896
colombia,banco_de_bogota,2015-12-01,19048631.5155
colombia,banco_de_bogota,2015-12-02,18916119.2963
colombia,banco_de_bogota,2015-12-03,19373286.4526
colombia,banco_de_bogota,2015-12-04,18843237.5757
colombia,banco_de_bogota,2015-12-07,18882991.2415
colombia,banco_de_bogota,2015-12-09,19148015.6799
colombia,banco_de_bogota,2015-12-10,19141390.069
colombia,banco_de_bogota,2015-12-11,19048631.5155
colombia,banco_de_bogota,2015-12-14,19048631.5155
colombia,banco_de_bogota,2015-12-15,19061882.7374
colombia,banco_de_bogota,2015-12-16,19545552.3376
colombia,banco_de_bogota,2015-12-17,19512424.2828
colombia,banco_de_bogota,2015-12-18,18750479.0222
colombia,banco_de_bogota,2015-12-21,19148015.6799
colombia,banco_de_bogota,2015-12-22,18916119.2963
colombia,banco_de_bogota,2015-12-23,19545552.3376
colombia,banco_de_bogota,2015-12-24,19711192.6117
colombia,banco_de_bogota,2015-12-28,19711192.6117
colombia,banco_de_bogota,2015-12-29,19711192.6117
colombia,banco_de_bogota,2015-12-30,19711192.6117
colombia,banco_de_bogota,2016-01-04,19711192.6117
colombia,banco_de_bogota,2016-01-05,19545552.3376
colombia,banco_de_bogota,2016-01-06,19379912.0636
colombia,banco_de_bogota,2016-01-07,19545552.3376
colombia,banco_de_bogota,2016-01-08,18962498.573
colombia,banco_de_bogota,2016-01-12,18916119.2963
colombia,banco_de_bogota,2016-01-13,18949247.3511
colombia,banco_de_bogota,2016-01-14,19214271.7896
colombia,banco_de_bogota,2016-01-15,19512424.2828
colombia,banco_de_bogota,2016-01-18,18935996.1292
colombia,banco_de_bogota,2016-01-19,18882991.2415
colombia,banco_de_bogota,2016-01-20,18763730.2441
colombia,banco_de_bogota,2016-01-21,18750479.0222
colombia,banco_de_bogota,2016-01-22,18863114.4086
colombia,banco_de_bogota,2016-01-25,18856488.7976
colombia,banco_de_bogota,2016-01-26,18843237.5757
colombia,banco_de_bogota,2016-01-27,18836611.9647
colombia,banco_de_bogota,2016-01-28,18882991.2415
colombia,banco_de_bogota,2016-01-29,18485454.5837
colombia,banco_de_bogota,2016-02-01,18717350.9674
colombia,banco_de_bogota,2016-02-02,18591464.3591
colombia,banco_de_bogota,2016-02-03,18617966.803
colombia,banco_de_bogota,2016-02-04,18750479.0222
colombia,banco_de_bogota,2016-02-05,18730602.1893
colombia,banco_de_bogota,2016-02-08,18743853.4113
colombia,banco_de_bogota,2016-02-09,18591464.3591
colombia,banco_de_bogota,2016-02-10,18584838.7482
colombia,banco_de_bogota,2016-02-11,18611341.192
colombia,banco_de_bogota,2016-02-12,18624592.4139
colombia,banco_de_bogota,2016-02-15,18617966.803
colombia,banco_de_bogota,2016-02-16,18551710.6934
colombia,banco_de_bogota,2016-02-17,18770355.8551
colombia,banco_de_bogota,2016-02-18,18790232.688
colombia,banco_de_bogota,2016-02-19,18783607.077
colombia,banco_de_bogota,2016-02-22,18796858.299
colombia,banco_de_bogota,2016-02-23,18796858.299
colombia,banco_de_bogota,2016-02-24,18776981.4661
colombia,banco_de_bogota,2016-02-25,18949247.3511
colombia,banco_de_bogota,2016-02-26,19048631.5155
colombia,banco_de_bogota,2016-02-29,18816735.1318
colombia,banco_de_bogota,2016-03-01,18816735.1318
colombia,banco_de_bogota,2016-03-02,19207646.1786
colombia,banco_de_bogota,2016-03-03,19545552.3376
colombia,banco_de_bogota,2016-03-04,19678064.5569
colombia,banco_de_bogota,2016-03-07,19678064.5569
colombia,banco_de_bogota,2016-03-08,19803951.1652
colombia,banco_de_bogota,2016-03-09,19863581.6638
colombia,banco_de_bogota,2016-03-10,19505798.6719
colombia,banco_de_bogota,2016-03-11,19552177.9486
colombia,banco_de_bogota,2016-03-14,19830453.609
colombia,banco_de_bogota,2016-03-15,20208113.4338
colombia,banco_de_bogota,2016-03-16,19876832.8857
colombia,banco_de_bogota,2016-03-17,20062349.9927
colombia,banco_de_bogota,2016-03-18,19055257.1265
colombia,banco_de_bogota,2016-03-22,19876832.8857
colombia,banco_de_bogota,2016-03-23,19876832.8857
colombia,banco_de_bogota,2016-03-28,19870207.2748
colombia,banco_de_bogota,2016-03-29,19830453.609
colombia,banco_de_bogota,2016-03-30,19830453.609
colombia,banco_de_bogota,2016-03-31,20174985.379
colombia,banco_de_bogota,2016-04-01,20194862.2119
colombia,banco_de_bogota,2016-04-04,20042473.1598
colombia,banco_de_bogota,2016-04-05,20042473.1598
colombia,banco_de_bogota,2016-04-06,20042473.1598
colombia,banco_de_bogota,2016-04-07,19876832.8857
colombia,banco_de_bogota,2016-04-08,20208113.4338
colombia,banco_de_bogota,2016-04-11,20367128.0969
colombia,banco_de_bogota,2016-04-12,20373753.7079
colombia,banco_de_bogota,2016-04-13,20539393.9819
colombia,banco_de_bogota,2016-04-14,20539393.9819
colombia,banco_de_bogota,2016-04-15,20539393.9819
colombia,banco_de_bogota,2016-04-18,20671906.2012
colombia,banco_de_bogota,2016-04-19,20870674.53
colombia,banco_de_bogota,2016-04-20,20864048.9191
colombia,banco_de_bogota,2016-04-21,20864048.9191
colombia,banco_de_bogota,2016-04-22,20864048.9191
colombia,banco_de_bogota,2016-04-25,20870674.53
colombia,banco_de_bogota,2016-04-26,20539393.9819
colombia,banco_de_bogota,2016-04-27,20539393.9819
colombia,banco_de_bogota,2016-04-28,20870674.53
colombia,banco_de_bogota,2016-04-29,20864048.9191
colombia,banco_de_bogota,2016-05-02,20864048.9191
colombia,banco_de_bogota,2016-05-03,20691783.0341
colombia,banco_de_bogota,2016-05-04,20234615.8777
colombia,banco_de_bogota,2016-05-05,20638778.1464
colombia,banco_de_bogota,2016-05-06,20539393.9819
colombia,banco_de_bogota,2016-05-10,20599024.4806
colombia,banco_de_bogota,2016-05-11,20870674.53
colombia,banco_de_bogota,2016-05-12,21433851.4618
colombia,banco_de_bogota,2016-05-13,21460353.9056
colombia,banco_de_bogota,2016-05-16,21466979.5166
colombia,banco_de_bogota,2016-05-17,20618901.3135
colombia,banco_de_bogota,2016-05-18,20387004.9298
colombia,banco_de_bogota,2016-05-19,20539393.9819
colombia,banco_de_bogota,2016-05-20,20532768.371
colombia,banco_de_bogota,2016-05-23,20221364.6558
colombia,banco_de_bogota,2016-05-24,19545552.3376
colombia,banco_de_bogota,2016-05-25,19545552.3376
colombia,banco_de_bogota,2016-05-26,19512424.2828
colombia,banco_de_bogota,2016-05-27,19499173.0609
colombia,banco_de_bogota,2016-05-31,19512424.2828
colombia,banco_de_bogota,2016-06-01,19379912.0636
colombia,banco_de_bogota,2016-06-02,19479296.228
colombia,banco_de_bogota,2016-06-03,19479296.228
colombia,banco_de_bogota,2016-06-07,19578680.3925
colombia,banco_de_bogota,2016-06-08,19545552.3376
colombia,banco_de_bogota,2016-06-09,19704567.0007
colombia,banco_de_bogota,2016-06-10,19711192.6117
colombia,banco_de_bogota,2016-06-13,19704567.0007
colombia,banco_de_bogota,2016-06-14,19704567.0007
colombia,banco_de_bogota,2016-06-15,19704567.0007
colombia,banco_de_bogota,2016-06-16,19697941.3898
colombia,banco_de_bogota,2016-06-17,19413040.1184
colombia,banco_de_bogota,2016-06-20,19545552.3376
colombia,banco_de_bogota,2016-06-21,19704567.0007
colombia,banco_de_bogota,2016-06-22,19678064.5569
colombia,banco_de_bogota,2016-06-23,19505798.6719
colombia,banco_de_bogota,2016-06-24,19353409.6198
colombia,banco_de_bogota,2016-06-27,19346784.0088
colombia,banco_de_bogota,2016-06-28,19413040.1184
colombia,banco_de_bogota,2016-06-29,19379912.0636
colombia,banco_de_bogota,2016-06-30,19379912.0636
colombia,banco_de_bogota,2016-07-01,19280527.8992
colombia,banco_de_bogota,2016-07-05,19207646.1786
colombia,banco_de_bogota,2016-07-06,19260651.0663
colombia,banco_de_bogota,2016-07-07,19525675.5048
colombia,banco_de_bogota,2016-07-08,19525675.5048
colombia,banco_de_bogota,2016-07-11,19379912.0636
colombia,banco_de_bogota,2016-07-12,19505798.6719
colombia,banco_de_bogota,2016-07-13,19538926.7267
colombia,banco_de_bogota,2016-07-14,19379912.0636
colombia,banco_de_bogota,2016-07-15,19413040.1184
colombia,banco_de_bogota,2016-07-18,19413040.1184
colombia,banco_de_bogota,2016-07-19,19545552.3376
colombia,banco_de_bogota,2016-07-21,19545552.3376
colombia,banco_de_bogota,2016-07-22,19379912.0636
colombia,banco_de_bogota,2016-07-25,19379912.0636
colombia,banco_de_bogota,2016-07-26,19379912.0636
colombia,banco_de_bogota,2016-07-27,19386537.6746
colombia,banco_de_bogota,2016-07-28,19379912.0636
colombia,banco_de_bogota,2016-07-29,19313655.954
colombia,banco_de_bogota,2016-08-01,19446168.1732
colombia,banco_de_bogota,2016-08-02,19446168.1732
colombia,banco_de_bogota,2016-08-03,19611808.4473
colombia,banco_de_bogota,2016-08-04,19413040.1184
colombia,banco_de_bogota,2016-08-05,19413040.1184
colombia,banco_de_bogota,2016-08-08,19413040.1184
colombia,banco_de_bogota,2016-08-09,19300404.7321
colombia,banco_de_bogota,2016-08-10,19326907.1759
colombia,banco_de_bogota,2016-08-11,19406414.5074
colombia,banco_de_bogota,2016-08-12,19413040.1184
colombia,banco_de_bogota,2016-08-16,19711192.6117
colombia,banco_de_bogota,2016-08-17,19757571.8884
colombia,banco_de_bogota,2016-08-18,19711192.6117
colombia,banco_de_bogota,2016-08-19,19492547.45
colombia,banco_de_bogota,2016-08-22,19545552.3376
colombia,banco_de_bogota,2016-08-23,19777448.7213
colombia,banco_de_bogota,2016-08-24,20029221.9379
colombia,banco_de_bogota,2016-08-25,19876832.8857
colombia,banco_de_bogota,2016-08-26,19876832.8857
colombia,banco_de_bogota,2016-08-29,20062349.9927
colombia,banco_de_bogota,2016-08-30,19876832.8857
colombia,banco_de_bogota,2016-08-31,20049098.7708
colombia,banco_de_bogota,2016-09-01,20208113.4338
colombia,banco_de_bogota,2016-09-02,20539393.9819
colombia,banco_de_bogota,2016-09-05,20671906.2012
colombia,banco_de_bogota,2016-09-06,20724911.0889
colombia,banco_de_bogota,2016-09-07,21122447.7466
colombia,banco_de_bogota,2016-09-08,21307964.8535
colombia,banco_de_bogota,2016-09-09,21129073.3575
colombia,banco_de_bogota,2016-09-12,20612275.7025
colombia,banco_de_bogota,2016-09-13,20638778.1464
colombia,banco_de_bogota,2016-09-14,20870674.53
colombia,banco_de_bogota,2016-09-15,20870674.53
colombia,banco_de_bogota,2016-09-16,20705034.256
colombia,banco_de_bogota,2016-09-19,20705034.256
colombia,banco_de_bogota,2016-09-20,20705034.256
colombia,banco_de_bogota,2016-09-21,20705034.256
colombia,banco_de_bogota,2016-09-22,20705034.256
colombia,banco_de_bogota,2016-09-23,20539393.9819
colombia,banco_de_bogota,2016-09-26,20539393.9819
colombia,banco_de_bogota,2016-09-27,20870674.53
colombia,banco_de_bogota,2016-09-28,20864048.9191
colombia,banco_de_bogota,2016-09-29,20870674.53
colombia,banco_de_bogota,2016-09-30,20738162.3108
colombia,banco_de_bogota,2016-10-03,20830920.8643
colombia,banco_de_bogota,2016-10-04,20837546.4752
colombia,banco_de_bogota,2016-10-05,20824295.2533
colombia,banco_de_bogota,2016-10-06,20811044.0314
colombia,banco_de_bogota,2016-10-07,20744787.9218
colombia,banco_de_bogota,2016-10-10,20744787.9218
colombia,banco_de_bogota,2016-10-11,20738162.3108
colombia,banco_de_bogota,2016-10-12,20671906.2012
colombia,banco_de_bogota,2016-10-13,20280995.1544
colombia,banco_de_bogota,2016-10-14,20307497.5983
colombia,banco_de_bogota,2016-10-18,20274369.5435
colombia,banco_de_bogota,2016-10-19,20274369.5435
colombia,banco_de_bogota,2016-10-20,20314123.2092
colombia,banco_de_bogota,2016-10-21,20539393.9819
colombia,banco_de_bogota,2016-10-24,20247867.0996
colombia,banco_de_bogota,2016-10-25,20506265.9271
colombia,banco_de_bogota,2016-10-26,20565896.4258
colombia,banco_de_bogota,2016-10-27,20565896.4258
colombia,banco_de_bogota,2016-10-28,
colombia,banco_de_bogota,2016-10-31,20565896.4258
colombia,banco_de_bogota,2016-11-01,20208113.4338
colombia,banco_de_bogota,2016-11-02,20208113.4338
colombia,banco_de_bogota,2016-11-03,19890084.1077
colombia,banco_de_bogota,2016-11-04,19909960.9406
colombia,banco_de_bogota,2016-11-08,20141857.3242
colombia,banco_de_bogota,2016-11-09,20141857.3242
colombia,banco_de_bogota,2016-11-10,19876832.8857
colombia,banco_de_bogota,2016-11-11,20208113.4338
colombia,banco_de_bogota,2016-11-15,19850330.4419
colombia,banco_de_bogota,2016-11-16,19750946.2775
colombia,banco_de_bogota,2016-11-17,19876832.8857
colombia,banco_de_bogota,2016-11-18,19883458.4967
colombia,banco_de_bogota,2016-11-21,19903335.3296
colombia,banco_de_bogota,2016-11-22,20042473.1598
colombia,banco_de_bogota,2016-11-23,19625059.6692
colombia,banco_de_bogota,2016-11-24,19870207.2748
colombia,banco_de_bogota,2016-11-25,19618434.0582
colombia,banco_de_bogota,2016-11-28,19585306.0034
colombia,banco_de_bogota,2016-11-29,19711192.6117
colombia,banco_de_bogota,2016-11-30,20413507.3737
colombia,banco_de_bogota,2016-12-01,20413507.3737
colombia,banco_de_bogota,2016-12-02,20532768.371
colombia,banco_de_bogota,2016-12-05,20526142.76
colombia,banco_de_bogota,2016-12-06,20247867.0996
colombia,banco_de_bogota,2016-12-07,20519517.149
colombia,banco_de_bogota,2016-12-09,20512891.5381
colombia,banco_de_bogota,2016-12-12,20466512.2614
colombia,banco_de_bogota,2016-12-13,20287620.7654
colombia,banco_de_bogota,2016-12-14,19876832.8857
colombia,banco_de_bogota,2016-12-15,19843704.8309
colombia,banco_de_bogota,2016-12-16,20174985.379
colombia,banco_de_bogota,2016-12-19,20168359.7681
colombia,banco_de_bogota,2016-12-20,20307497.5983
colombia,banco_de_bogota,2016-12-21,20208113.4338
colombia,banco_de_bogota,2016-12-22,20512891.5381
colombia,banco_de_bogota,2016-12-23,20241241.4886
colombia,banco_de_bogota,2016-12-26,20532768.371
colombia,banco_de_bogota,2016-12-27,20532768.371
colombia,banco_de_bogota,2016-12-28,19976217.0502
colombia,banco_de_bogota,2016-12-29,19943088.9954
colombia,banco_de_bogota,2017-01-02,19943088.9954
colombia,banco_de_bogota,2017-01-03,19989468.2721
colombia,banco_de_bogota,2017-01-04,20433384.2065
colombia,banco_de_bogota,2017-01-05,20870674.53
colombia,banco_de_bogota,2017-01-06,20870674.53
colombia,banco_de_bogota,2017-01-10,20864048.9191
colombia,banco_de_bogota,2017-01-11,20850797.6971
colombia,banco_de_bogota,2017-01-12,20393630.5408
colombia,banco_de_bogota,2017-01-13,20539393.9819
colombia,banco_de_bogota,2017-01-16,20208113.4338
colombia,banco_de_bogota,2017-01-17,20671906.2012
colombia,banco_de_bogota,2017-01-18,20671906.2012
colombia,banco_de_bogota,2017-01-19,20512891.5381
colombia,banco_de_bogota,2017-01-20,20499640.3162
colombia,banco_de_bogota,2017-01-23,20367128.0969
colombia,banco_de_bogota,2017-01-24,20473137.8723
colombia,banco_de_bogota,2017-01-25,20466512.2614
colombia,banco_de_bogota,2017-01-26,20108729.2694
colombia,banco_de_bogota,2017-01-27,20420132.9846
colombia,banco_de_bogota,2017-01-30,20208113.4338
colombia,banco_de_bogota,2017-01-31,19830453.609
colombia,banco_de_bogota,2017-02-01,20135231.7133
colombia,banco_de_bogota,2017-02-02,19916586.5515
colombia,banco_de_bogota,2017-02-03,19903335.3296
colombia,banco_de_bogota,2017-02-06,20088852.4365
colombia,banco_de_bogota,2017-02-07,19943088.9954
colombia,banco_de_bogota,2017-02-08,20095478.0475
colombia,banco_de_bogota,2017-02-09,20108729.2694
colombia,banco_de_bogota,2017-02-10,20082226.8256
colombia,banco_de_bogota,2017-02-13,20102103.6584
colombia,banco_de_bogota,2017-02-14,18399321.6412
colombia,banco_de_bogota,2017-02-15,19711192.6117
colombia,banco_de_bogota,2017-02-16,19207646.1786
colombia,banco_de_bogota,2017-02-17,19386537.6746
colombia,banco_de_bogota,2017-02-20,19678064.5569
colombia,banco_de_bogota,2017-02-21,19770823.1104
colombia,banco_de_bogota,2017-02-22,19214271.7896
colombia,banco_de_bogota,2017-02-23,19472670.6171
colombia,banco_de_bogota,2017-02-24,19466045.0061
colombia,banco_de_bogota,2017-02-27,19207646.1786
colombia,banco_de_bogota,2017-02-28,19214271.7896
colombia,banco_de_bogota,2017-03-01,18909493.6853
colombia,banco_de_bogota,2017-03-02,19214271.7896
colombia,banco_de_bogota,2017-03-03,19214271.7896
colombia,banco_de_bogota,2017-03-06,18949247.3511
colombia,banco_de_bogota,2017-03-07,19214271.7896
colombia,banco_de_bogota,2017-03-08,18896242.4634
colombia,banco_de_bogota,2017-03-09,19214271.7896
colombia,banco_de_bogota,2017-03-10,19207646.1786
colombia,banco_de_bogota,2017-03-13,19201020.5676
colombia,banco_de_bogota,2017-03-14,18962498.573
colombia,banco_de_bogota,2017-03-15,19048631.5155
colombia,banco_de_bogota,2017-03-16,19386537.6746
colombia,banco_de_bogota,2017-03-17,19538926.7267
colombia,banco_de_bogota,2017-03-21,19446168.1732
colombia,banco_de_bogota,2017-03-22,19134764.458
colombia,banco_de_bogota,2017-03-23,19545552.3376
colombia,banco_de_bogota,2017-03-24,19704567.0007
colombia,banco_de_bogota,2017-03-27,19691315.7788
colombia,banco_de_bogota,2017-03-28,19671438.9459
colombia,banco_de_bogota,2017-03-29,19671438.9459
colombia,banco_de_bogota,2017-03-30,19711192.6117
colombia,banco_de_bogota,2017-03-31,19711192.6117
colombia,banco_de_bogota,2017-04-03,20161734.1571
colombia,banco_de_bogota,2017-04-04,19876832.8857
colombia,banco_de_bogota,2017-04-05,19976217.0502
colombia,banco_de_bogota,2017-04-06,19936463.3844
colombia,banco_de_bogota,2017-04-07,20141857.3242
colombia,banco_de_bogota,2017-04-10,20141857.3242
colombia,banco_de_bogota,2017-04-11,19976217.0502
colombia,banco_de_bogota,2017-04-12,20141857.3242
colombia,banco_de_bogota,2017-04-17,20042473.1598
colombia,banco_de_bogota,2017-04-18,19976217.0502
colombia,banco_de_bogota,2017-04-19,19876832.8857
colombia,banco_de_bogota,2017-04-20,19876832.8857
colombia,banco_de_bogota,2017-04-21,19876832.8857
colombia,banco_de_bogota,2017-04-24,19903335.3296
colombia,banco_de_bogota,2017-04-25,19949714.6063
colombia,banco_de_bogota,2017-04-26,19916586.5515
colombia,banco_de_bogota,2017-04-27,19969591.4392
colombia,banco_de_bogota,2017-04-28,19976217.0502
colombia,banco_de_bogota,2017-05-02,20135231.7133
colombia,banco_de_bogota,2017-05-03,19876832.8857
colombia,banco_de_bogota,2017-05-04,20141857.3242
colombia,banco_de_bogota,2017-05-05,20148482.9352
colombia,banco_de_bogota,2017-05-08,20208113.4338
colombia,banco_de_bogota,2017-05-09,20049098.7708
colombia,banco_de_bogota,2017-05-10,20380379.3188
colombia,banco_de_bogota,2017-05-11,20671906.2012
colombia,banco_de_bogota,2017-05-12,20658654.9792
colombia,banco_de_bogota,2017-05-15,20539393.9819
colombia,banco_de_bogota,2017-05-16,20506265.9271
colombia,banco_de_bogota,2017-05-17,20506265.9271
colombia,banco_de_bogota,2017-05-18,20208113.4338
colombia,banco_de_bogota,2017-05-19,20638778.1464
colombia,banco_de_bogota,2017-05-22,20632152.5354
colombia,banco_de_bogota,2017-05-23,20638778.1464
colombia,banco_de_bogota,2017-05-24,20671906.2012
colombia,banco_de_bogota,2017-05-25,20658654.9792
colombia,banco_de_bogota,2017-05-26,20658654.9792
colombia,banco_de_bogota,2017-05-30,20671906.2012
colombia,banco_de_bogota,2017-05-31,20665280.5902
colombia,banco_de_bogota,2017-06-01,20658654.9792
colombia,banco_de_bogota,2017-06-02,20605650.0916
colombia,banco_de_bogota,2017-06-05,20373753.7079
colombia,banco_de_bogota,2017-06-06,20771290.3656
colombia,banco_de_bogota,2017-06-07,20804418.4204
colombia,banco_de_bogota,2017-06-08,20850797.6971
colombia,banco_de_bogota,2017-06-09,20870674.53
colombia,banco_de_bogota,2017-06-12,20864048.9191
colombia,banco_de_bogota,2017-06-13,20864048.9191
colombia,banco_de_bogota,2017-06-14,20857423.7428
colombia,banco_de_bogota,2017-06-15,20870674.965
colombia,banco_de_bogota,2017-06-16,20870674.965
colombia,banco_de_bogota,2017-06-20,20705034.6875
colombia,banco_de_bogota,2017-06-21,20970059.1315
colombia,banco_de_bogota,2017-06-22,20804418.854
colombia,banco_de_bogota,2017-06-23,20744788.3541
colombia,banco_de_bogota,2017-06-27,20857423.7428
colombia,banco_de_bogota,2017-06-28,20857423.7428
colombia,banco_de_bogota,2017-06-29,20605650.521
colombia,banco_de_bogota,2017-06-30,20864049.3539
colombia,banco_de_bogota,2017-07-04,20870674.965
colombia,banco_de_bogota,2017-07-05,20830921.2984
colombia,banco_de_bogota,2017-07-06,21036315.2425
colombia,banco_de_bogota,2017-07-07,21029689.6314
colombia,banco_de_bogota,2017-07-10,21036315.2425
colombia,banco_de_bogota,2017-07-11,20870674.965
colombia,banco_de_bogota,2017-07-12,20638778.5765
colombia,banco_de_bogota,2017-07-13,20870674.965
colombia,banco_de_bogota,2017-07-14,21367595.7975
colombia,banco_de_bogota,2017-07-17,21427226.2974
colombia,banco_de_bogota,2017-07-18,21420600.6863
colombia,banco_de_bogota,2017-07-19,21930772.741
colombia,banco_de_bogota,2017-07-21,22262053.296
colombia,banco_de_bogota,2017-07-24,22295181.3515
colombia,banco_de_bogota,2017-07-25,22262053.296
colombia,banco_de_bogota,2017-07-26,22460821.629
colombia,banco_de_bogota,2017-07-27,22487324.0734
colombia,banco_de_bogota,2017-07-28,22520452.1289
colombia,banco_de_bogota,2017-07-31,22560205.7955
colombia,banco_de_bogota,2017-08-01,22626461.9065
colombia,banco_de_bogota,2017-08-02,22566831.4066
colombia,banco_de_bogota,2017-08-03,22692718.0175
colombia,banco_de_bogota,2017-08-04,22626461.9065
colombia,banco_de_bogota,2017-08-08,22348186.2403
colombia,banco_de_bogota,2017-08-09,22666215.5731
colombia,banco_de_bogota,2017-08-10,22262053.296
colombia,banco_de_bogota,2017-08-11,22202422.7961
colombia,banco_de_bogota,2017-08-14,22195797.185
colombia,banco_de_bogota,2017-08-15,22195797.185
colombia,banco_de_bogota,2017-08-16,22361437.4625
colombia,banco_de_bogota,2017-08-17,22679466.7953
colombia,banco_de_bogota,2017-08-18,22281930.1293
colombia,banco_de_bogota,2017-08-22,22593333.851
colombia,banco_de_bogota,2017-08-23,22520452.1289
colombia,banco_de_bogota,2017-08-24,22328309.407
colombia,banco_de_bogota,2017-08-25,22341560.6292
colombia,banco_de_bogota,2017-08-28,22321683.7959
colombia,banco_de_bogota,2017-08-29,22195797.185
colombia,banco_de_bogota,2017-08-30,22195797.185
colombia,banco_de_bogota,2017-08-31,22851732.6839
colombia,banco_de_bogota,2017-09-01,22858358.295
colombia,banco_de_bogota,2017-09-04,23023998.5725
colombia,banco_de_bogota,2017-09-05,23355279.1275
colombia,banco_de_bogota,2017-09-06,23348653.5164
colombia,banco_de_bogota,2017-09-07,23189638.85
colombia,banco_de_bogota,2017-09-08,23043875.4058
colombia,banco_de_bogota,2017-09-11,23183013.2389
colombia,banco_de_bogota,2017-09-12,22725846.073
colombia,banco_de_bogota,2017-09-13,22745722.9063
colombia,banco_de_bogota,2017-09-14,22593333.851
colombia,banco_de_bogota,2017-09-15,22626461.9065
colombia,banco_de_bogota,2017-09-18,22758974.1285
colombia,banco_de_bogota,2017-09-19,22758974.1285
colombia,banco_de_bogota,2017-09-20,22831855.8506
colombia,banco_de_bogota,2017-09-21,22692718.0175
colombia,banco_de_bogota,2017-09-22,22639713.1287
colombia,banco_de_bogota,2017-09-25,22626461.9065
colombia,banco_de_bogota,2017-09-26,22719220.4619
colombia,banco_de_bogota,2017-09-27,22527077.74
colombia,banco_de_bogota,2017-09-28,22692718.0175
colombia,banco_de_bogota,2017-09-29,22851732.6839
colombia,banco_de_bogota,2017-10-02,22705969.2397
colombia,banco_de_bogota,2017-10-03,22705969.2397
colombia,banco_de_bogota,2017-10-04,22712594.8508
colombia,banco_de_bogota,2017-10-05,22725846.073
colombia,banco_de_bogota,2017-10-06,22739097.2952
colombia,banco_de_bogota,2017-10-09,22699343.6286
colombia,banco_de_bogota,2017-10-10,22699343.6286
colombia,banco_de_bogota,2017-10-11,22692718.0175
colombia,banco_de_bogota,2017-10-12,22758974.1285
colombia,banco_de_bogota,2017-10-13,22652964.3509
colombia,banco_de_bogota,2017-10-17,22725846.073
colombia,banco_de_bogota,2017-10-18,22626461.9065
colombia,banco_de_bogota,2017-10-19,22613210.6843
colombia,banco_de_bogota,2017-10-20,22619836.2954
colombia,banco_de_bogota,2017-10-23,22527077.74
colombia,banco_de_bogota,2017-10-24,22527077.74
colombia,banco_de_bogota,2017-10-25,22533703.3511
colombia,banco_de_bogota,2017-10-26,22858358.295
colombia,banco_de_bogota,2017-10-27,22659589.962
colombia,banco_de_bogota,2017-10-30,22626461.9065
colombia,banco_de_bogota,2017-10-31,21268211.631
colombia,banco_de_bogota,2017-11-01,21804886.1301
colombia,banco_de_bogota,2017-11-02,22268678.9071
colombia,banco_de_bogota,2017-11-03,22480698.4623
colombia,banco_de_bogota,2017-11-07,22228925.2405
colombia,banco_de_bogota,2017-11-08,22195797.185
colombia,banco_de_bogota,2017-11-09,22301806.9626
colombia,banco_de_bogota,2017-11-10,22315058.1848
colombia,banco_de_bogota,2017-11-14,21983777.6298
colombia,banco_de_bogota,2017-11-15,21983777.6298
colombia,banco_de_bogota,2017-11-16,21983777.6298
colombia,banco_de_bogota,2017-11-17,22162669.1295
colombia,banco_de_bogota,2017-11-20,22222299.6294
colombia,banco_de_bogota,2017-11-21,22195797.185
colombia,banco_de_bogota,2017-11-22,22195797.185
colombia,banco_de_bogota,2017-11-23,22202422.7961
colombia,banco_de_bogota,2017-11-24,22288555.7404
colombia,banco_de_bogota,2017-11-27,22361437.4625
colombia,banco_de_bogota,2017-11-28,22361437.4625
colombia,banco_de_bogota,2017-11-29,22228925.2405
colombia,banco_de_bogota,2017-11-30,22248802.0738
colombia,banco_de_bogota,2017-12-01,22513826.5178
colombia,banco_de_bogota,2017-12-04,22295181.3515
colombia,banco_de_bogota,2017-12-05,22295181.3515
colombia,banco_de_bogota,2017-12-06,21891019.0744
colombia,banco_de_bogota,2017-12-07,22030156.9075
colombia,banco_de_bogota,2017-12-11,22136166.6851
colombia,banco_de_bogota,2017-12-12,22361437.4625
colombia,banco_de_bogota,2017-12-13,22427693.5735
colombia,banco_de_bogota,2017-12-14,22421067.9624
colombia,banco_de_bogota,2017-12-15,22142792.2962
colombia,banco_de_bogota,2017-12-18,22361437.4625
colombia,banco_de_bogota,2017-12-19,22460821.629
colombia,banco_de_bogota,2017-12-20,22195797.185
colombia,banco_de_bogota,2017-12-21,22692718.0175
colombia,banco_de_bogota,2017-12-22,22659589.962
colombia,banco_de_bogota,2017-12-26,22493949.6845
colombia,banco_de_bogota,2017-12-27,22593333.851
colombia,banco_de_bogota,2017-12-28,22348186.2403
colombia,banco_de_bogota,2018-01-02,22348186.2403
colombia,banco_de_bogota,2018-01-03,22195797.185
colombia,banco_de_bogota,2018-01-04,22573457.0177
colombia,banco_de_bogota,2018-01-05,22527077.74
colombia,banco_de_bogota,2018-01-09,22454196.0179
colombia,banco_de_bogota,2018-01-10,22195797.185
colombia,banco_de_bogota,2018-01-11,21864516.63
colombia,banco_de_bogota,2018-01-12,21864516.63
colombia,banco_de_bogota,2018-01-15,21844639.7967
colombia,banco_de_bogota,2018-01-16,22162669.1295
colombia,banco_de_bogota,2018-01-17,22454196.0179
colombia,banco_de_bogota,2018-01-18,22527077.74
colombia,banco_de_bogota,2018-01-19,22520452.1289
colombia,banco_de_bogota,2018-01-22,22527077.74
colombia,banco_de_bogota,2018-01-23,22368063.0736
colombia,banco_de_bogota,2018-01-24,22560205.7955
colombia,banco_de_bogota,2018-01-25,22560205.7955
colombia,banco_de_bogota,2018-01-26,22553580.1844
colombia,banco_de_bogota,2018-01-29,22513826.5178
colombia,banco_de_bogota,2018-01-30,22427693.5735
colombia,banco_de_bogota,2018-01-31,22096413.0185
colombia,banco_de_bogota,2018-02-01,21871142.2411
colombia,banco_de_bogota,2018-02-02,21917521.5188
colombia,banco_de_bogota,2018-02-05,22321683.7959
colombia,banco_de_bogota,2018-02-06,22321683.7959
colombia,banco_de_bogota,2018-02-07,21930772.741
colombia,banco_de_bogota,2018-02-08,21997028.852
colombia,banco_de_bogota,2018-02-09,21864516.63
colombia,banco_de_bogota,2018-02-12,21864516.63
colombia,banco_de_bogota,2018-02-13,22182545.9628
colombia,banco_de_bogota,2018-02-14,21930772.741
colombia,banco_de_bogota,2018-02-15,21930772.741
colombia,banco_de_bogota,2018-02-16,21963900.7965
colombia,banco_de_bogota,2018-02-19,21897644.6855
colombia,banco_de_bogota,2018-02-20,22023531.2964
colombia,banco_de_bogota,2018-02-21,22195797.185
colombia,banco_de_bogota,2018-02-22,22036782.5186
colombia,banco_de_bogota,2018-02-23,22036782.5186
colombia,banco_de_bogota,2018-02-26,22083161.7963
colombia,banco_de_bogota,2018-02-27,22036782.5186
colombia,banco_de_bogota,2018-02-28,21871142.2411
colombia,banco_de_bogota,2018-03-01,21871142.2411
colombia,banco_de_bogota,2018-03-02,22030156.9075
colombia,banco_de_bogota,2018-03-05,22030156.9075
colombia,banco_de_bogota,2018-03-06,22089787.4074
colombia,banco_de_bogota,2018-03-07,22195797.185
colombia,banco_de_bogota,2018-03-08,22195797.185
colombia,banco_de_bogota,2018-03-09,22262053.296
colombia,banco_de_bogota,2018-03-12,22361437.4625
colombia,banco_de_bogota,2018-03-13,22262053.296
colombia,banco_de_bogota,2018-03-14,22354811.8514
colombia,banco_de_bogota,2018-03-15,22527077.74
colombia,banco_de_bogota,2018-03-16,22513826.5178
colombia,banco_de_bogota,2018-03-20,22507200.9067
colombia,banco_de_bogota,2018-03-21,22507200.9067
colombia,banco_de_bogota,2018-03-22,22427693.5735
colombia,banco_de_bogota,2018-03-23,22427693.5735
colombia,banco_de_bogota,2018-03-26,22427693.5735
colombia,banco_de_bogota,2018-03-27,22427693.5735
colombia,banco_de_bogota,2018-03-28,22500575.2956
colombia,banco_de_bogota,2018-04-02,22507200.9067
colombia,banco_de_bogota,2018-04-03,22527077.74
colombia,banco_de_bogota,2018-04-04,23110131.5168
colombia,banco_de_bogota,2018-04-05,23023998.5725
colombia,banco_de_bogota,2018-04-06,22692718.0175
colombia,banco_de_bogota,2018-04-09,22871609.5172
colombia,banco_de_bogota,2018-04-10,22990870.517
colombia,banco_de_bogota,2018-04-11,23004121.7392
colombia,banco_de_bogota,2018-04-12,22884860.7394
colombia,banco_de_bogota,2018-04-13,22957742.4615
colombia,banco_de_bogota,2018-04-16,22957742.4615
colombia,banco_de_bogota,2018-04-17,22924614.406
colombia,banco_de_bogota,2018-04-18,22725846.073
colombia,banco_de_bogota,2018-04-19,22990870.517
colombia,banco_de_bogota,2018-04-20,22692718.0175
colombia,banco_de_bogota,2018-04-23,22957742.4615
colombia,banco_de_bogota,2018-04-24,22990870.517
colombia,banco_de_bogota,2018-04-25,22990870.517
colombia,banco_de_bogota,2018-04-26,22990870.517
colombia,banco_de_bogota,2018-04-27,22990870.517
colombia,banco_de_bogota,2018-04-30,23023998.5725
colombia,banco_de_bogota,2018-05-02,23189638.85
colombia,banco_de_bogota,2018-05-03,23189638.85
colombia,banco_de_bogota,2018-05-04,23189638.85
colombia,banco_de_bogota,2018-05-07,22772225.3507
colombia,banco_de_bogota,2018-05-08,22772225.3507
colombia,banco_de_bogota,2018-05-09,23183013.2389
colombia,banco_de_bogota,2018-05-10,23176387.6278
colombia,banco_de_bogota,2018-05-11,23023998.5725
colombia,banco_de_bogota,2018-05-15,23156510.7945
colombia,banco_de_bogota,2018-05-16,23149885.1834
colombia,banco_de_bogota,2018-05-17,23156510.7945
colombia,banco_de_bogota,2018-05-18,23023998.5725
colombia,banco_de_bogota,2018-05-21,23090254.6835
colombia,banco_de_bogota,2018-05-22,23090254.6835
colombia,banco_de_bogota,2018-05-23,23090254.6835
colombia,banco_de_bogota,2018-05-24,23090254.6835
colombia,banco_de_bogota,2018-05-25,23090254.6835
colombia,banco_de_bogota,2018-05-28,23090254.6835
colombia,banco_de_bogota,2018-05-29,23183013.2389
colombia,banco_de_bogota,2018-05-30,22984244.9059
colombia,banco_de_bogota,2018-05-31,23183013.2389
colombia,banco_de_bogota,2018-06-01,23189638.85
colombia,banco_de_bogota,2018-06-05,22990870.517
colombia,banco_de_bogota,2018-06-06,22990870.517
colombia,banco_de_bogota,2018-06-07,23156510.7945
colombia,banco_de_bogota,2018-06-08,23149885.1834
colombia,banco_de_bogota,2018-06-12,22924614.406
colombia,banco_de_bogota,2018-06-13,22858358.295
colombia,banco_de_bogota,2018-06-14,22573457.0177
colombia,banco_de_bogota,2018-06-15,22348186.2403
colombia,banco_de_bogota,2018-06-18,22851732.6839
colombia,banco_de_bogota,2018-06-19,22527077.74
colombia,banco_de_bogota,2018-06-20,22851732.6839
colombia,banco_de_bogota,2018-06-21,22573457.0177
colombia,banco_de_bogota,2018-06-22,22692718.0175
colombia,banco_de_bogota,2018-06-25,22659589.962
colombia,banco_de_bogota,2018-06-26,22845107.0728
colombia,banco_de_bogota,2018-06-27,22739097.2952
colombia,banco_de_bogota,2018-06-28,22527077.74
colombia,banco_de_bogota,2018-06-29,22560205.7955
colombia,banco_de_bogota,2018-07-03,22593333.851
colombia,banco_de_bogota,2018-07-04,22606585.0732
colombia,banco_de_bogota,2018-07-05,22825230.2395
colombia,banco_de_bogota,2018-07-06,22825230.2395
colombia,banco_de_bogota,2018-07-09,22725846.073
colombia,banco_de_bogota,2018-07-10,22831855.8506
colombia,banco_de_bogota,2018-07-11,22792102.184
colombia,banco_de_bogota,2018-07-12,22732471.6841
colombia,banco_de_bogota,2018-07-13,22739097.2952
colombia,banco_de_bogota,2018-07-16,22990870.517
colombia,banco_de_bogota,2018-07-17,23017372.9614
colombia,banco_de_bogota,2018-07-18,22964368.0726
colombia,banco_de_bogota,2018-07-19,22858358.295
colombia,banco_de_bogota,2018-07-23,22778850.9618
colombia,banco_de_bogota,2018-07-24,22692718.0175
colombia,banco_de_bogota,2018-07-25,23010747.3503
colombia,banco_de_bogota,2018-07-26,23023998.5725
colombia,banco_de_bogota,2018-07-27,23183013.2389
colombia,banco_de_bogota,2018-07-30,23176387.6278
colombia,banco_de_bogota,2018-07-31,22692718.0175
colombia,banco_de_bogota,2018-08-01,22739097.2952
colombia,banco_de_bogota,2018-08-02,22851732.6839
colombia,banco_de_bogota,2018-08-03,22858358.295
colombia,banco_de_bogota,2018-08-06,22858358.295
colombia,banco_de_bogota,2018-08-08,22858358.295
colombia,banco_de_bogota,2018-08-09,22858358.295
colombia,banco_de_bogota,2018-08-10,22858358.295
colombia,banco_de_bogota,2018-08-13,22739097.2952
colombia,banco_de_bogota,2018-08-14,22692718.0175
colombia,banco_de_bogota,2018-08-15,22838481.4617
colombia,banco_de_bogota,2018-08-16,22692718.0175
colombia,banco_de_bogota,2018-08-17,22851732.6839
colombia,banco_de_bogota,2018-08-21,22845107.0728
colombia,banco_de_bogota,2018-08-22,22851732.6839
colombia,banco_de_bogota,2018-08-23,22845107.0728
colombia,banco_de_bogota,2018-08-24,22858358.295
colombia,banco_de_bogota,2018-08-27,22858358.295
colombia,banco_de_bogota,2018-08-28,22858358.295
colombia,banco_de_bogota,2018-08-29,22858358.295
colombia,banco_de_bogota,2018-08-30,22792102.184
colombia,banco_de_bogota,2018-08-31,22858358.295
colombia,banco_de_bogota,2018-09-03,22712594.8508
colombia,banco_de_bogota,2018-09-04,22858358.295
colombia,banco_de_bogota,2018-09-05,22772225.3507
colombia,banco_de_bogota,2018-09-06,22626461.9065
colombia,banco_de_bogota,2018-09-07,22626461.9065
colombia,banco_de_bogota,2018-09-10,22527077.74
colombia,banco_de_bogota,2018-09-11,22626461.9065
colombia,banco_de_bogota,2018-09-12,22626461.9065
colombia,banco_de_bogota,2018-09-13,22626461.9065
colombia,banco_de_bogota,2018-09-14,22527077.74
colombia,banco_de_bogota,2018-09-17,22527077.74
colombia,banco_de_bogota,2018-09-18,22334935.0181
colombia,banco_de_bogota,2018-09-19,22527077.74
colombia,banco_de_bogota,2018-09-20,22361437.4625
colombia,banco_de_bogota,2018-09-21,21864516.63
colombia,banco_de_bogota,2018-09-24,22527077.74
colombia,banco_de_bogota,2018-09-25,22527077.74
colombia,banco_de_bogota,2018-09-26,22493949.6845
colombia,banco_de_bogota,2018-09-27,22527077.74
colombia,banco_de_bogota,2018-09-28,22036782.5186
colombia,banco_de_bogota,2018-10-01,22063284.963
colombia,banco_de_bogota,2018-10-02,22520452.1289
colombia,banco_de_bogota,2018-10-03,22354811.8514
colombia,banco_de_bogota,2018-10-04,22341560.6292
colombia,banco_de_bogota,2018-10-05,22348186.2403
colombia,banco_de_bogota,2018-10-08,22228925.2405
colombia,banco_de_bogota,2018-10-09,22460821.629
colombia,banco_de_bogota,2018-10-10,22394565.518
colombia,banco_de_bogota,2018-10-11,22394565.518
colombia,banco_de_bogota,2018-10-12,22394565.518
colombia,banco_de_bogota,2018-10-16,22281930.1293
colombia,banco_de_bogota,2018-10-17,22328309.407
colombia,banco_de_bogota,2018-10-18,22460821.629
colombia,banco_de_bogota,2018-10-19,22460821.629
colombia,banco_de_bogota,2018-10-22,22328309.407
colombia,banco_de_bogota,2018-10-23,22460821.629
colombia,banco_de_bogota,2018-10-24,22460821.629
colombia,banco_de_bogota,2018-10-25,21864516.63
colombia,banco_de_bogota,2018-10-26,21944023.9632
colombia,banco_de_bogota,2018-10-29,21884393.4633
colombia,banco_de_bogota,2018-10-30,21864516.63
colombia,banco_de_bogota,2018-10-31,21208581.1311
colombia,banco_de_bogota,2018-11-01,21201955.52
colombia,banco_de_bogota,2018-11-02,21201955.52
colombia,banco_de_bogota,2018-11-06,21195329.9089
colombia,banco_de_bogota,2018-11-07,21168827.4645
colombia,banco_de_bogota,2018-11-08,21201955.52
colombia,banco_de_bogota,2018-11-09,21208581.1311
colombia,banco_de_bogota,2018-11-13,21201955.52
colombia,banco_de_bogota,2018-11-14,21208581.1311
colombia,banco_de_bogota,2018-11-15,21069443.298
colombia,banco_de_bogota,2018-11-16,21195329.9089
colombia,banco_de_bogota,2018-11-19,21069443.298
colombia,banco_de_bogota,2018-11-20,19452794.1896
colombia,banco_de_bogota,2018-11-21,19876833.3
colombia,banco_de_bogota,2018-11-22,19545552.745
colombia,banco_de_bogota,2018-11-23,19724444.2447
colombia,banco_de_bogota,2018-11-26,19810577.189
colombia,banco_de_bogota,2018-11-27,19843705.2445
colombia,banco_de_bogota,2018-11-28,19810577.189
colombia,banco_de_bogota,2018-11-29,19379912.4675
colombia,banco_de_bogota,2018-11-30,19678064.967
colombia,banco_de_bogota,2018-12-03,19585306.4116
colombia,banco_de_bogota,2018-12-04,19618434.4671
colombia,banco_de_bogota,2018-12-05,19545552.745
colombia,banco_de_bogota,2018-12-06,19591932.0227
colombia,banco_de_bogota,2018-12-07,19611808.856
colombia,banco_de_bogota,2018-12-10,19545552.745
colombia,banco_de_bogota,2018-12-11,19545552.745
colombia,banco_de_bogota,2018-12-12,19545552.745
colombia,banco_de_bogota,2018-12-13,18564962.3022
colombia,banco_de_bogota,2018-12-14,19512424.6895
colombia,banco_de_bogota,2018-12-17,18551711.08
colombia,banco_de_bogota,2018-12-18,18882991.635
colombia,banco_de_bogota,2018-12-19,18220430.525
colombia,banco_de_bogota,2018-12-20,18551711.08
colombia,banco_de_bogota,2018-12-21,17889149.97
colombia,banco_de_bogota,2018-12-24,18511957.4134
colombia,banco_de_bogota,2018-12-26,18511957.4134
colombia,banco_de_bogota,2018-12-27,18452326.9135
colombia,banco_de_bogota,2018-12-28,18485454.969
colombia,banco_de_bogota,2019-01-02,17909026.8033
colombia,banco_de_bogota,2019-01-03,18882991.635
colombia,banco_de_bogota,2019-01-04,18564962.3022
colombia,banco_de_bogota,2019-01-08,18717351.3575
colombia,banco_de_bogota,2019-01-09,19214272.19
colombia,banco_de_bogota,2019-01-10,19214272.19
colombia,banco_de_bogota,2019-01-11,19214272.19
colombia,banco_de_bogota,2019-01-14,19214272.19
colombia,banco_de_bogota,2019-01-15,19207646.5789
colombia,banco_de_bogota,2019-01-16,18909494.0794
colombia,banco_de_bogota,2019-01-17,18584839.1355
colombia,banco_de_bogota,2019-01-18,18803484.3018
colombia,banco_de_bogota,2019-01-21,19379912.4675
colombia,banco_de_bogota,2019-01-22,19366661.2453
colombia,banco_de_bogota,2019-01-23,19134764.8568
colombia,banco_de_bogota,2019-01-24,19148016.079
colombia,banco_de_bogota,2019-01-25,19379912.4675
colombia,banco_de_bogota,2019-01-28,19538927.1339
colombia,banco_de_bogota,2019-01-29,19379912.4675
colombia,banco_de_bogota,2019-01-30,19532301.5228
colombia,banco_de_bogota,2019-01-31,19810577.189
colombia,banco_de_bogota,2019-02-01,19810577.189
colombia,banco_de_bogota,2019-02-04,20691783.4653
colombia,banco_de_bogota,2019-02-05,20804418.854
colombia,banco_de_bogota,2019-02-06,21228457.9644
colombia,banco_de_bogota,2019-02-07,20963433.5204
colombia,banco_de_bogota,2019-02-08,20970059.1315
colombia,banco_de_bogota,2019-02-11,21201955.52
colombia,banco_de_bogota,2019-02-12,20870674.965
colombia,banco_de_bogota,2019-02-13,20970059.1315
colombia,banco_de_bogota,2019-02-14,20857423.7428
colombia,banco_de_bogota,2019-02-15,20870674.965
colombia,banco_de_bogota,2019-02-18,20936931.076
colombia,banco_de_bogota,2019-02-19,20930305.4649
colombia,banco_de_bogota,2019-02-20,20983310.3537
colombia,banco_de_bogota,2019-02-21,21023064.0203
colombia,banco_de_bogota,2019-02-22,20870674.965
colombia,banco_de_bogota,2019-02-25,21195329.9089
colombia,banco_de_bogota,2019-02-26,20870674.965
colombia,banco_de_bogota,2019-02-27,21168827.4645
colombia,banco_de_bogota,2019-02-28,20910428.6316
colombia,banco_de_bogota,2019-03-01,21215206.7422
colombia,banco_de_bogota,2019-03-04,21016438.4092
colombia,banco_de_bogota,2019-03-05,21201955.52
colombia,banco_de_bogota,2019-03-06,22513826.5178
colombia,banco_de_bogota,2019-03-07,22122915.4629
colombia,banco_de_bogota,2019-03-08,21712127.5747
colombia,banco_de_bogota,2019-03-11,22520452.1289
colombia,banco_de_bogota,2019-03-12,22520452.1289
colombia,banco_de_bogota,2019-03-13,22858358.295
colombia,banco_de_bogota,2019-03-14,22858358.295
colombia,banco_de_bogota,2019-03-15,22361437.4625
colombia,banco_de_bogota,2019-03-18,22394565.518
colombia,banco_de_bogota,2019-03-19,22533703.3511
colombia,banco_de_bogota,2019-03-20,22493949.6845
colombia,banco_de_bogota,2019-03-21,22368063.0736
colombia,banco_de_bogota,2019-03-22,22487324.0734
colombia,banco_de_bogota,2019-03-26,22460821.629
colombia,banco_de_bogota,2019-03-27,22156043.5184
colombia,banco_de_bogota,2019-03-28,21864516.63
colombia,banco_de_bogota,2019-03-29,21864516.63
colombia,banco_de_bogota,2019-04-01,21864516.63
colombia,banco_de_bogota,2019-04-02,21698876.3525
colombia,banco_de_bogota,2019-04-03,22129541.074
colombia,banco_de_bogota,2019-04-04,22122915.4629
colombia,banco_de_bogota,2019-04-05,21864516.63
colombia,banco_de_bogota,2019-04-08,22129541.074
colombia,banco_de_bogota,2019-04-09,22162669.1295
colombia,banco_de_bogota,2019-04-10,22195797.185
colombia,banco_de_bogota,2019-04-11,22063284.963
colombia,banco_de_bogota,2019-04-12,22228925.2405
colombia,banco_de_bogota,2019-04-15,22228925.2405
colombia,banco_de_bogota,2019-04-16,22129541.074
colombia,banco_de_bogota,2019-04-17,22169294.7406
colombia,banco_de_bogota,2019-04-22,22202422.7961
colombia,banco_de_bogota,2019-04-23,22454196.0179
colombia,banco_de_bogota,2019-04-24,23116757.1279
colombia,banco_de_bogota,2019-04-25,23083629.0724
colombia,banco_de_bogota,2019-04-26,23169762.0167
colombia,banco_de_bogota,2019-04-29,23156510.7945
colombia,banco_de_bogota,2019-04-30,22818604.6284
colombia,banco_de_bogota,2019-05-02,22613210.6843
colombia,banco_de_bogota,2019-05-03,22818604.6284
colombia,banco_de_bogota,2019-05-06,22692718.0175
colombia,banco_de_bogota,2019-05-07,22831855.8506
colombia,banco_de_bogota,2019-05-08,21944023.9632
colombia,banco_de_bogota,2019-05-09,21977152.0187
colombia,banco_de_bogota,2019-05-10,22195797.185
colombia,banco_de_bogota,2019-05-13,21977152.0187
colombia,banco_de_bogota,2019-05-14,22182545.9628
colombia,banco_de_bogota,2019-05-15,21977152.0187
colombia,banco_de_bogota,2019-05-16,22069910.5741
colombia,banco_de_bogota,2019-05-17,22692718.0175
colombia,banco_de_bogota,2019-05-20,22202422.7961
colombia,banco_de_bogota,2019-05-21,22036782.5186
colombia,banco_de_bogota,2019-05-22,22195797.185
colombia,banco_de_bogota,2019-05-23,22195797.185
colombia,banco_de_bogota,2019-05-24,22195797.185
colombia,banco_de_bogota,2019-05-27,22030156.9075
colombia,banco_de_bogota,2019-05-28,21698876.3525
colombia,banco_de_bogota,2019-05-29,21705501.9636
colombia,banco_de_bogota,2019-05-30,21851265.4078
colombia,banco_de_bogota,2019-05-31,21864516.63
colombia,banco_de_bogota,2019-06-04,21599492.186
colombia,banco_de_bogota,2019-06-05,21546487.2972
colombia,banco_de_bogota,2019-06-06,21387472.6308
colombia,banco_de_bogota,2019-06-07,21751881.2413
colombia,banco_de_bogota,2019-06-10,21990403.2409
colombia,banco_de_bogota,2019-06-11,21732004.408
colombia,banco_de_bogota,2019-06-12,21924147.1299
colombia,banco_de_bogota,2019-06-13,21924147.1299
colombia,banco_de_bogota,2019-06-14,21983777.6298
colombia,banco_de_bogota,2019-06-17,22063284.963
colombia,banco_de_bogota,2019-06-18,22202422.7961
colombia,banco_de_bogota,2019-06-19,22262053.296
colombia,banco_de_bogota,2019-06-20,22686092.4064
colombia,banco_de_bogota,2019-06-21,22686092.4064
colombia,banco_de_bogota,2019-06-25,22228925.2405
colombia,banco_de_bogota,2019-06-26,22686092.4064
colombia,banco_de_bogota,2019-06-27,22275304.5182
colombia,banco_de_bogota,2019-06-28,22268678.9071
colombia,banco_de_bogota,2019-07-02,22308432.5737
colombia,banco_de_bogota,2019-07-03,22652964.3509
colombia,banco_de_bogota,2019-07-04,22652964.3509
colombia,banco_de_bogota,2019-07-05,22593333.851
colombia,banco_de_bogota,2019-07-08,22659589.962
colombia,banco_de_bogota,2019-07-09,22851732.6839
colombia,banco_de_bogota,2019-07-10,23487791.3495
colombia,banco_de_bogota,2019-07-11,23454663.294
colombia,banco_de_bogota,2019-07-12,23454663.294
colombia,banco_de_bogota,2019-07-15,23454663.294
colombia,banco_de_bogota,2019-07-16,24514761.07
colombia,banco_de_bogota,2019-07-17,24315992.737
colombia,banco_de_bogota,2019-07-18,24156978.0706
colombia,banco_de_bogota,2019-07-19,24050968.293
colombia,banco_de_bogota,2019-07-22,24216608.5705
colombia,banco_de_bogota,2019-07-23,24216608.5705
colombia,banco_de_bogota,2019-07-24,24183480.515
colombia,banco_de_bogota,2019-07-25,23865451.1822
colombia,banco_de_bogota,2019-07-26,23620303.5715
colombia,banco_de_bogota,2019-07-29,24216608.5705
colombia,banco_de_bogota,2019-07-30,24176854.9039
colombia,banco_de_bogota,2019-07-31,23686559.6825
colombia,banco_de_bogota,2019-08-01,23540796.2383
colombia,banco_de_bogota,2019-08-02,23752815.7935
colombia,banco_de_bogota,2019-08-05,23189638.85
colombia,banco_de_bogota,2019-08-06,22891486.3505
colombia,banco_de_bogota,2019-08-08,23520919.405
colombia,banco_de_bogota,2019-08-09,23580549.9049
colombia,banco_de_bogota,2019-08-12,23580549.9049
colombia,banco_de_bogota,2019-08-13,23613677.9604
colombia,banco_de_bogota,2019-08-14,22619836.2954
colombia,banco_de_bogota,2019-08-15,22732471.6841
colombia,banco_de_bogota,2019-08-16,23255894.961
colombia,banco_de_bogota,2019-08-20,23255894.961
colombia,banco_de_bogota,2019-08-21,23494416.9606
colombia,banco_de_bogota,2019-08-22,23679934.0714
colombia,banco_de_bogota,2019-08-23,23255894.961
colombia,banco_de_bogota,2019-08-26,23262520.5721
colombia,banco_de_bogota,2019-08-27,23527545.0161
colombia,banco_de_bogota,2019-08-28,23686559.6825
colombia,banco_de_bogota,2019-08-29,23540796.2383
colombia,banco_de_bogota,2019-08-30,23520919.405
colombia,banco_de_bogota,2019-09-02,23520919.405
colombia,banco_de_bogota,2019-09-03,23699810.9047
colombia,banco_de_bogota,2019-09-04,23554047.4605
colombia,banco_de_bogota,2019-09-05,23845574.3489
colombia,banco_de_bogota,2019-09-06,24150352.4595
colombia,banco_de_bogota,2019-09-09,24183480.515
colombia,banco_de_bogota,2019-09-10,24183480.515
colombia,banco_de_bogota,2019-09-11,24349120.7925
colombia,banco_de_bogota,2019-09-12,24514761.07
colombia,banco_de_bogota,2019-09-13,24839416.0139
colombia,banco_de_bogota,2019-09-16,25177322.18
colombia,banco_de_bogota,2019-09-17,25177322.18
colombia,banco_de_bogota,2019-09-18,24852667.2361
colombia,banco_de_bogota,2019-09-19,24846041.625
colombia,banco_de_bogota,2019-09-20,25236952.6799
colombia,banco_de_bogota,2019-09-23,25707371.068
colombia,banco_de_bogota,2019-09-24,25839883.29
colombia,banco_de_bogota,2019-09-25,25508602.735
colombia,banco_de_bogota,2019-09-26,25998897.9564
colombia,banco_de_bogota,2019-09-27,26502444.4
colombia,banco_de_bogota,2019-09-30,26634956.622
colombia,banco_de_bogota,2019-10-01,26502444.4
colombia,banco_de_bogota,2019-10-02,26661459.0664
colombia,banco_de_bogota,2019-10-03,26621705.3998
colombia,banco_de_bogota,2019-10-04,26502444.4
colombia,banco_de_bogota,2019-10-07,26502444.4
colombia,banco_de_bogota,2019-10-08,26502444.4
colombia,banco_de_bogota,2019-10-09,26562074.8999
colombia,banco_de_bogota,2019-10-10,26502444.4
colombia,banco_de_bogota,2019-10-11,26601828.5665
colombia,banco_de_bogota,2019-10-15,26005523.5675
colombia,banco_de_bogota,2019-10-16,26535572.4555
colombia,banco_de_bogota,2019-10-17,26509070.0111
colombia,banco_de_bogota,2019-10-18,26634956.622
colombia,banco_de_bogota,2019-10-21,26833724.955
colombia,banco_de_bogota,2019-10-22,27165005.51
colombia,banco_de_bogota,2019-10-23,27264389.6765
colombia,banco_de_bogota,2019-10-24,27198133.5655
colombia,banco_de_bogota,2019-10-25,28092591.064
colombia,banco_de_bogota,2019-10-28,28529881.3966
colombia,banco_de_bogota,2019-10-29,28980422.9514
colombia,banco_de_bogota,2019-10-30,29642984.0614
colombia,banco_de_bogota,2019-10-31,28828033.8961
colombia,banco_de_bogota,2019-11-01,29165940.0622
colombia,banco_de_bogota,2019-11-05,29311703.5064
colombia,banco_de_bogota,2019-11-06,29801998.7278
colombia,banco_de_bogota,2019-11-07,29709240.1724
colombia,banco_de_bogota,2019-11-08,29450841.3395
colombia,banco_de_bogota,2019-11-12,28185349.6194
colombia,banco_de_bogota,2019-11-13,28172098.3972
colombia,banco_de_bogota,2019-11-14,27165005.51
colombia,banco_de_bogota,2019-11-15,27496286.065
colombia,banco_de_bogota,2019-11-18,27330645.7875
colombia,banco_de_bogota,2019-11-19,27814315.3978
colombia,banco_de_bogota,2019-11-20,27165005.51
colombia,banco_de_bogota,2019-11-21,27158379.8989
colombia,banco_de_bogota,2019-11-22,27151754.2878
colombia,banco_de_bogota,2019-11-25,27165005.51
colombia,banco_de_bogota,2019-11-26,27165005.51
colombia,banco_de_bogota,2019-11-27,27496286.065
colombia,banco_de_bogota,2019-11-28,28490127.73
colombia,banco_de_bogota,2019-11-29,28655768.0075
colombia,banco_de_bogota,2019-12-02,28655768.0075
colombia,banco_de_bogota,2019-12-03,27178256.7322
colombia,banco_de_bogota,2019-12-04,27264389.6765
colombia,banco_de_bogota,2019-12-05,28490127.73
colombia,banco_de_bogota,2019-12-06,28490127.73
colombia,banco_de_bogota,2019-12-09,28324487.4525
colombia,banco_de_bogota,2019-12-10,28483502.1189
colombia,banco_de_bogota,2019-12-11,28483502.1189
colombia,banco_de_bogota,2019-12-12,28490127.73
colombia,banco_de_bogota,2019-12-13,28821408.285
colombia,banco_de_bogota,2019-12-16,28814782.6739
colombia,banco_de_bogota,2019-12-17,28821408.285
colombia,banco_de_bogota,2019-12-18,28788280.2295
colombia,banco_de_bogota,2019-12-19,28821408.285
colombia,banco_de_bogota,2019-12-20,28821408.285
colombia,banco_de_bogota,2019-12-23,29152688.84
colombia,banco_de_bogota,2019-12-24,29152688.84
colombia,banco_de_bogota,2019-12-26,29483969.395
colombia,banco_de_bogota,2019-12-27,28814782.6739
colombia,banco_de_bogota,2019-12-30,28205226.4527
colombia,banco_de_bogota,2020-01-02,28191975.2305
colombia,banco_de_bogota,2020-01-03,29411087.6729
colombia,banco_de_bogota,2020-01-07,28490127.73
colombia,banco_de_bogota,2020-01-08,28490127.73
colombia,banco_de_bogota,2020-01-09,28861161.9516
colombia,banco_de_bogota,2020-01-10,29450841.3395
colombia,banco_de_bogota,2020-01-13,28503378.9522
colombia,banco_de_bogota,2020-01-14,28887664.396
colombia,banco_de_bogota,2020-01-15,29152688.84
colombia,banco_de_bogota,2020-01-16,29318329.1175
colombia,banco_de_bogota,2020-01-17,28987048.5625
colombia,banco_de_bogota,2020-01-20,28523255.7855
colombia,banco_de_bogota,2020-01-21,28987048.5625
colombia,banco_de_bogota,2020-01-22,29351457.173
colombia,banco_de_bogota,2020-01-23,28987048.5625
colombia,banco_de_bogota,2020-01-24,29483969.395
colombia,banco_de_bogota,2020-01-27,29040053.4513
colombia,banco_de_bogota,2020-01-28,29152688.84
colombia,banco_de_bogota,2020-01-29,29278575.4509
colombia,banco_de_bogota,2020-01-30,29006925.3958
colombia,banco_de_bogota,2020-01-31,29483969.395
colombia,banco_de_bogota,2020-02-03,29483969.395
colombia,banco_de_bogota,2020-02-04,29497220.6172
colombia,banco_de_bogota,2020-02-05,29483969.395
colombia,banco_de_bogota,2020-02-06,29715865.7835
colombia,banco_de_bogota,2020-02-07,29715865.7835
colombia,banco_de_bogota,2020-02-10,28887664.396
colombia,banco_de_bogota,2020-02-11,28973797.3403
colombia,banco_de_bogota,2020-02-12,28973797.3403
colombia,banco_de_bogota,2020-02-13,29132812.0067
colombia,banco_de_bogota,2020-02-14,29715865.7835
colombia,banco_de_bogota,2020-02-17,29715865.7835
colombia,banco_de_bogota,2020-02-18,29715865.7835
colombia,banco_de_bogota,2020-02-19,29729117.0057
colombia,banco_de_bogota,2020-02-20,29729117.0057
colombia,banco_de_bogota,2020-02-21,29695988.9502
colombia,banco_de_bogota,2020-02-24,29702614.5613
colombia,banco_de_bogota,2020-02-25,29212319.3399
colombia,banco_de_bogota,2020-02-26,29152688.84
colombia,banco_de_bogota,2020-02-27,28874413.1738
colombia,banco_de_bogota,2020-02-28,28503378.9522
colombia,banco_de_bogota,2020-03-02,28821408.285
colombia,banco_de_bogota,2020-03-03,28655768.0075
colombia,banco_de_bogota,2020-03-04,28675644.8408
colombia,banco_de_bogota,2020-03-05,29139437.6178
colombia,banco_de_bogota,2020-03-06,29119560.7845
colombia,banco_de_bogota,2020-03-09,27496286.065
colombia,banco_de_bogota,2020-03-10,26542198.0666
colombia,banco_de_bogota,2020-03-11,27165005.51
colombia,banco_de_bogota,2020-03-12,26833724.955
colombia,banco_de_bogota,2020-03-13,26833724.955
colombia,banco_de_bogota,2020-03-16,23189638.85
colombia,banco_de_bogota,2020-03-17,24481633.0145
colombia,banco_de_bogota,2020-03-18,21533236.075
colombia,banco_de_bogota,2020-03-19,20539394.41
colombia,banco_de_bogota,2020-03-20,20539394.41
colombia,banco_de_bogota,2020-03-24,19214272.19
colombia,banco_de_bogota,2020-03-25,20532768.7989
colombia,banco_de_bogota,2020-03-26,22858358.295
colombia,banco_de_bogota,2020-03-27,24567765.9588
colombia,banco_de_bogota,2020-03-30,24514761.07
colombia,banco_de_bogota,2020-03-31,23520919.405
colombia,banco_de_bogota,2020-04-01,23183013.2389
colombia,banco_de_bogota,2020-04-02,24918923.3471
colombia,banco_de_bogota,2020-04-03,25011681.9025
colombia,banco_de_bogota,2020-04-06,25342962.4575
colombia,banco_de_bogota,2020-04-07,25177322.18
colombia,banco_de_bogota,2020-04-08,24514761.07
colombia,banco_de_bogota,2020-04-13,24514761.07
colombia,banco_de_bogota,2020-04-14,24501509.8478
colombia,banco_de_bogota,2020-04-15,24501509.8478
colombia,banco_de_bogota,2020-04-16,24183480.515
colombia,banco_de_bogota,2020-04-17,24176854.9039
colombia,banco_de_bogota,2020-04-20,24183480.515
colombia,banco_de_bogota,2020-04-21,23189638.85
colombia,banco_de_bogota,2020-04-22,23090254.6835
colombia,banco_de_bogota,2020-04-23,23189638.85
colombia,banco_de_bogota,2020-04-24,22195797.185
colombia,banco_de_bogota,2020-04-27,22129541.074
colombia,banco_de_bogota,2020-04-28,21851265.4078
colombia,banco_de_bogota,2020-04-29,21559738.5194
colombia,banco_de_bogota,2020-04-30,21201955.52
colombia,banco_de_bogota,2020-05-04,20539394.41
colombia,banco_de_bogota,2020-05-05,21029689.6314
colombia,banco_de_bogota,2020-05-06,19929838.1888
colombia,banco_de_bogota,2020-05-07,20539394.41
colombia,banco_de_bogota,2020-05-08,20804418.854
colombia,banco_de_bogota,2020-05-11,20870674.965
colombia,banco_de_bogota,2020-05-12,20539394.41
colombia,banco_de_bogota,2020-05-13,20188237.0217
colombia,banco_de_bogota,2020-05-14,19638311.3004
colombia,banco_de_bogota,2020-05-15,19413040.523
colombia,banco_de_bogota,2020-05-18,19545552.745
colombia,banco_de_bogota,2020-05-19,19512424.6895
colombia,banco_de_bogota,2020-05-20,19876833.3
colombia,banco_de_bogota,2020-05-21,19611808.856
colombia,banco_de_bogota,2020-05-22,19797325.9668
colombia,banco_de_bogota,2020-05-26,19757572.3002
colombia,banco_de_bogota,2020-05-27,19545552.745
colombia,banco_de_bogota,2020-05-28,19479296.634
colombia,banco_de_bogota,2020-05-29,19214272.19
colombia,banco_de_bogota,2020-06-01,19810577.189
colombia,banco_de_bogota,2020-06-02,19545552.745
colombia,banco_de_bogota,2020-06-03,19876833.3
colombia,banco_de_bogota,2020-06-04,20042473.5775
colombia,banco_de_bogota,2020-06-05,20711660.2986
colombia,banco_de_bogota,2020-06-08,21678999.5192
colombia,banco_de_bogota,2020-06-09,21400723.853
colombia,banco_de_bogota,2020-06-10,21201955.52
colombia,banco_de_bogota,2020-06-11,20638778.5765
colombia,banco_de_bogota,2020-06-12,21519984.8528
colombia,banco_de_bogota,2020-06-16,21725378.7969
colombia,banco_de_bogota,2020-06-17,22182545.9628
colombia,banco_de_bogota,2020-06-18,22493949.6845
colombia,banco_de_bogota,2020-06-19,22692718.0175
colombia,banco_de_bogota,2020-06-23,21572989.7416
colombia,banco_de_bogota,2020-06-24,21036315.2425
colombia,banco_de_bogota,2020-06-25,20539394.41
colombia,banco_de_bogota,2020-06-26,20367128.5214
colombia,banco_de_bogota,2020-06-30,20049099.1886
colombia,banco_de_bogota,2020-07-01,20446635.8546
colombia,banco_de_bogota,2020-07-02,20473138.299
colombia,banco_de_bogota,2020-07-03,20718285.9097
colombia,banco_de_bogota,2020-07-06,20718285.9097
colombia,banco_de_bogota,2020-07-07,20579148.0766
colombia,banco_de_bogota,2020-07-08,21023064.0203
colombia,banco_de_bogota,2020-07-09,20870674.965
colombia,banco_de_bogota,2020-07-10,21261586.0199
colombia,banco_de_bogota,2020-07-13,21533236.075
colombia,banco_de_bogota,2020-07-14,21765132.4635
colombia,banco_de_bogota,2020-07-15,21864516.63
colombia,banco_de_bogota,2020-07-16,22129541.074
colombia,banco_de_bogota,2020-07-17,22129541.074
colombia,banco_de_bogota,2020-07-21,22195797.185
colombia,banco_de_bogota,2020-07-22,22527077.74
colombia,banco_de_bogota,2020-07-23,22725846.073
colombia,banco_de_bogota,2020-07-24,22553580.1844
colombia,banco_de_bogota,2020-07-27,22546954.5733
colombia,banco_de_bogota,2020-07-28,22527077.74
colombia,banco_de_bogota,2020-07-29,22195797.185
colombia,banco_de_bogota,2020-07-30,22030156.9075
colombia,banco_de_bogota,2020-07-31,20565896.8544
colombia,banco_de_bogota,2020-08-03,20936931.076
colombia,banco_de_bogota,2020-08-04,20705034.6875
colombia,banco_de_bogota,2020-08-05,20956807.9093
colombia,banco_de_bogota,2020-08-06,21188704.2978
colombia,banco_de_bogota,2020-08-10,21314590.9087
colombia,banco_de_bogota,2020-08-11,21354344.5753
colombia,banco_de_bogota,2020-08-12,21321216.5198
colombia,banco_de_bogota,2020-08-13,21519984.8528
colombia,banco_de_bogota,2020-08-14,21533236.075
colombia,banco_de_bogota,2020-08-18,21692250.7414
colombia,banco_de_bogota,2020-08-19,21818137.3523
colombia,banco_de_bogota,2020-08-20,22162669.1295
colombia,banco_de_bogota,2020-08-21,22460821.629
colombia,banco_de_bogota,2020-08-24,22560205.7955
colombia,banco_de_bogota,2020-08-25,22725846.073
colombia,banco_de_bogota,2020-08-26,22838481.4617
colombia,banco_de_bogota,2020-08-27,23156510.7945
colombia,banco_de_bogota,2020-08-28,23023998.5725
colombia,banco_de_bogota,2020-08-31,22858358.295
colombia,banco_de_bogota,2020-09-01,23023998.5725
colombia,banco_de_bogota,2020-09-02,23852199.96
colombia,banco_de_bogota,2020-09-03,23037249.7947
colombia,banco_de_bogota,2020-09-04,23037249.7947
colombia,banco_de_bogota,2020-09-07,23037249.7947
colombia,banco_de_bogota,2020-09-08,22851732.6839
colombia,banco_de_bogota,2020-09-09,23189638.85
colombia,banco_de_bogota,2020-09-10,22858358.295
colombia,banco_de_bogota,2020-09-11,22851732.6839
colombia,banco_de_bogota,2020-09-14,22639713.1287
colombia,banco_de_bogota,2020-09-15,22202422.7961
colombia,banco_de_bogota,2020-09-16,22354811.8514
colombia,banco_de_bogota,2020-09-17,22361437.4625
colombia,banco_de_bogota,2020-09-18,22520452.1289
colombia,banco_de_bogota,2020-09-21,22626461.9065
colombia,banco_de_bogota,2020-09-22,22686092.4064
colombia,banco_de_bogota,2020-09-23,23023998.5725
colombia,banco_de_bogota,2020-09-24,23156510.7945
colombia,banco_de_bogota,2020-09-25,22527077.74
colombia,banco_de_bogota,2020-09-28,22215674.0183
colombia,banco_de_bogota,2020-09-29,22527077.74
colombia,banco_de_bogota,2020-09-30,22858358.295
colombia,banco_de_bogota,2020-10-01,22858358.295
colombia,banco_de_bogota,2020-10-02,22527077.74
colombia,banco_de_bogota,2020-10-05,23819071.9045
colombia,banco_de_bogota,2020-10-06,23587175.516
colombia,banco_de_bogota,2020-10-07,23593801.1271
colombia,banco_de_bogota,2020-10-08,23189638.85
colombia,banco_de_bogota,2020-10-09,22692718.0175
colombia,banco_de_bogota,2020-10-13,22262053.296
colombia,banco_de_bogota,2020-10-14,21566364.1305
colombia,banco_de_bogota,2020-10-15,22523764.9345
colombia,banco_de_bogota,2020-10-16,22523764.9345
colombia,banco_de_bogota,2020-10-19,22527077.74
colombia,banco_de_bogota,2020-10-20,24117224.404
colombia,banco_de_bogota,2020-10-21,23852199.96
colombia,banco_de_bogota,2020-10-22,23852199.96
colombia,banco_de_bogota,2020-10-23,23852199.96
colombia,banco_de_bogota,2020-10-26,23043875.4058
colombia,banco_de_bogota,2020-10-27,23047188.2113
colombia,banco_de_bogota,2020-10-28,23520919.405
colombia,banco_de_bogota,2020-10-29,23355279.1275
colombia,banco_de_bogota,2020-10-30,22540328.9622
colombia,banco_de_bogota,2020-11-03,22537016.1567
colombia,banco_de_bogota,2020-11-04,22560205.7955
colombia,banco_de_bogota,2020-11-05,23189638.85
colombia,banco_de_bogota,2020-11-06,23514293.7939
colombia,banco_de_bogota,2020-11-09,23255894.961
colombia,banco_de_bogota,2020-11-10,23030624.1836
colombia,banco_de_bogota,2020-11-11,23308899.8498
colombia,banco_de_bogota,2020-11-12,23212828.4889
colombia,banco_de_bogota,2020-11-13,23023998.5725
colombia,banco_de_bogota,2020-11-17,23607052.3493
colombia,banco_de_bogota,2020-11-18,23852199.96
colombia,banco_de_bogota,2020-11-19,23411596.8218
colombia,banco_de_bogota,2020-11-20,23686559.6825
colombia,banco_de_bogota,2020-11-23,23686559.6825
colombia,banco_de_bogota,2020-11-24,23852199.96
colombia,banco_de_bogota,2020-11-25,23587175.516
colombia,banco_de_bogota,2020-11-26,23520919.405
colombia,banco_de_bogota,2020-11-27,23355279.1275
colombia,banco_de_bogota,2020-11-30,23358591.9331
colombia,banco_de_bogota,2020-12-01,23885328.0155
colombia,banco_de_bogota,2020-12-02,23852199.96
colombia,banco_de_bogota,2020-12-03,23951584.1265
colombia,banco_de_bogota,2020-12-04,24766534.2918
colombia,banco_de_bogota,2020-12-07,25174009.3744
colombia,banco_de_bogota,2020-12-09,24952051.4026
colombia,banco_de_bogota,2020-12-10,24647273.292
colombia,banco_de_bogota,2020-12-11,24859292.8472
colombia,banco_de_bogota,2020-12-14,24779785.514
colombia,banco_de_bogota,2020-12-15,24985179.4581
colombia,banco_de_bogota,2020-12-16,25501977.1239
colombia,banco_de_bogota,2020-12-17,25177322.18
colombia,banco_de_bogota,2020-12-18,24918923.3471
colombia,banco_de_bogota,2020-12-21,25177322.18
colombia,banco_de_bogota,2020-12-22,25170696.5689
colombia,banco_de_bogota,2020-12-23,25336336.8464
colombia,banco_de_bogota,2020-12-24,24832790.4028
colombia,banco_de_bogota,2020-12-28,25177322.18
colombia,banco_de_bogota,2020-12-29,25435721.0129
colombia,banco_de_bogota,2020-12-30,25044809.958
colombia,banco_de_bogota,2021-01-04,25435721.0129
colombia,banco_de_bogota,2021-01-05,25641114.957
colombia,banco_de_bogota,2021-01-06,25641114.957
colombia,banco_de_bogota,2021-01-07,25193886.2078
colombia,banco_de_bogota,2021-01-08,25508602.735
colombia,banco_de_bogota,2021-01-12,25607986.9015
colombia,banco_de_bogota,2021-01-13,25674243.0125
colombia,banco_de_bogota,2021-01-14,25674243.0125
colombia,banco_de_bogota,2021-01-15,26167851.0395
colombia,banco_de_bogota,2021-01-18,25515228.3461
colombia,banco_de_bogota,2021-01-19,25985646.7342
colombia,banco_de_bogota,2021-01-20,27165005.51
colombia,banco_de_bogota,2021-01-21,26800596.8995
colombia,banco_de_bogota,2021-01-22,26999365.2325
colombia,banco_de_bogota,2021-01-25,27118626.2323
colombia,banco_de_bogota,2021-01-26,27118626.2323
colombia,banco_de_bogota,2021-01-27,26966237.177
colombia,banco_de_bogota,2021-01-28,26379870.5947
colombia,banco_de_bogota,2021-01-29,27628798.287
colombia,banco_de_bogota,2021-02-01,27363773.843
colombia,banco_de_bogota,2021-02-02,27363773.843
colombia,banco_de_bogota,2021-02-03,26740966.3996
colombia,banco_de_bogota,2021-02-04,26601828.5665
colombia,banco_de_bogota,2021-02-05,26432875.4835
colombia,banco_de_bogota,2021-02-08,26671397.4831
colombia,banco_de_bogota,2021-02-09,26833724.955
colombia,banco_de_bogota,2021-02-10,26568700.511
colombia,banco_de_bogota,2021-02-11,26668084.6775
colombia,banco_de_bogota,2021-02-12,26598515.761
colombia,banco_de_bogota,2021-02-15,27575793.3982
colombia,banco_de_bogota,2021-02-16,27562542.176
colombia,banco_de_bogota,2021-02-17,27595670.2315
colombia,banco_de_bogota,2021-02-18,27158379.8989
colombia,banco_de_bogota,2021-02-19,26701212.733
colombia,banco_de_bogota,2021-02-22,26837037.7606
colombia,banco_de_bogota,2021-02-23,27473096.4261
colombia,banco_de_bogota,2021-02-24,26830412.1495
colombia,banco_de_bogota,2021-02-25,26572013.3165
colombia,banco_de_bogota,2021-02-26,26174476.6506
colombia,banco_de_bogota,2021-03-01,26194353.4839
colombia,banco_de_bogota,2021-03-02,26171163.845
colombia,banco_de_bogota,2021-03-03,26181102.2617
colombia,banco_de_bogota,2021-03-04,26181102.2617
colombia,banco_de_bogota,2021-03-05,25952518.6787
colombia,banco_de_bogota,2021-03-08,26485880.3722
colombia,banco_de_bogota,2021-03-09,26336804.1225
colombia,banco_de_bogota,2021-03-10,25899513.7899
colombia,banco_de_bogota,2021-03-11,25899513.7899
colombia,banco_de_bogota,2021-03-12,26131410.1784
colombia,banco_de_bogota,2021-03-15,26171163.845
colombia,banco_de_bogota,2021-03-16,26244045.5671
colombia,banco_de_bogota,2021-03-17,26244045.5671
colombia,banco_de_bogota,2021-03-18,26171163.845
colombia,banco_de_bogota,2021-03-19,25972395.512
colombia,banco_de_bogota,2021-03-23,25972395.512
colombia,banco_de_bogota,2021-03-24,25972395.512
colombia,banco_de_bogota,2021-03-25,25972395.512
colombia,banco_de_bogota,2021-03-26,26144661.4006
colombia,banco_de_bogota,2021-03-29,26161225.4283
colombia,banco_de_bogota,2021-03-30,26147974.2062
colombia,banco_de_bogota,2021-03-31,25839883.29
colombia,banco_de_bogota,2021-04-05,26104907.734
colombia,banco_de_bogota,2021-04-06,26154599.8172
colombia,banco_de_bogota,2021-04-07,26147974.2062
colombia,banco_de_bogota,2021-04-08,25584797.2627
colombia,banco_de_bogota,2021-04-09,25508602.735
colombia,banco_de_bogota,2021-04-12,25508602.735
colombia,banco_de_bogota,2021-04-13,25505289.9294
colombia,banco_de_bogota,2021-04-14,25660991.7903
colombia,banco_de_bogota,2021-04-15,25965769.9009
colombia,banco_de_bogota,2021-04-16,25495351.5128
colombia,banco_de_bogota,2021-04-19,25395967.3463
colombia,banco_de_bogota,2021-04-20,25399280.1519
colombia,banco_de_bogota,2021-04-21,25362839.2908
colombia,banco_de_bogota,2021-04-22,25190573.4022
colombia,banco_de_bogota,2021-04-23,25028245.9303
colombia,banco_de_bogota,2021-04-26,25409218.5685
colombia,banco_de_bogota,2021-04-27,26005523.5675
colombia,banco_de_bogota,2021-04-28,25730560.7069
colombia,banco_de_bogota,2021-04-29,26144661.4006
colombia,banco_de_bogota,2021-04-30,26005523.5675
colombia,banco_de_bogota,2021-05-03,25806755.2345
colombia,banco_de_bogota,2021-05-04,25511915.5406
colombia,banco_de_bogota,2021-05-05,25213763.0411
colombia,banco_de_bogota,2021-05-06,25177322.18
colombia,banco_de_bogota,2021-05-07,24846041.625
colombia,banco_de_bogota,2021-05-10,24846041.625
colombia,banco_de_bogota,2021-05-11,24680401.3475
colombia,banco_de_bogota,2021-05-12,24839416.0139
colombia,banco_de_bogota,2021-05-13,24730093.4308
colombia,banco_de_bogota,2021-05-14,24680401.3475
colombia,banco_de_bogota,2021-05-18,24614145.2365
colombia,banco_de_bogota,2021-05-19,24402125.6813
colombia,banco_de_bogota,2021-05-20,24017840.2375
colombia,banco_de_bogota,2021-05-21,23322151.072
colombia,banco_de_bogota,2021-05-24,22692718.0175
colombia,banco_de_bogota,2021-05-25,22686092.4064
colombia,banco_de_bogota,2021-05-26,22195797.185
colombia,banco_de_bogota,2021-05-27,22361437.4625
colombia,banco_de_bogota,2021-05-28,23110131.5168
colombia,banco_de_bogota,2021-05-31,23189638.85
colombia,banco_de_bogota,2021-06-01,23633554.7937
colombia,banco_de_bogota,2021-06-02,23805820.6823
colombia,banco_de_bogota,2021-06-03,23653431.627
colombia,banco_de_bogota,2021-06-04,23583862.7105
colombia,banco_de_bogota,2021-06-08,23812446.2934
colombia,banco_de_bogota,2021-06-09,23852199.96
colombia,banco_de_bogota,2021-06-10,24150352.4595
colombia,banco_de_bogota,2021-06-11,23361904.7386
colombia,banco_de_bogota,2021-06-15,23852199.96
colombia,banco_de_bogota,2021-06-16,23848887.1545
colombia,banco_de_bogota,2021-06-17,23312212.6554
colombia,banco_de_bogota,2021-06-18,23255894.961
colombia,banco_de_bogota,2021-06-21,23514293.7939
colombia,banco_de_bogota,2021-06-22,23189638.85
colombia,banco_de_bogota,2021-06-23,23023998.5725
colombia,banco_de_bogota,2021-06-24,23189638.85
colombia,banco_de_bogota,2021-06-25,23351966.322
colombia,banco_de_bogota,2021-06-28,23189638.85
colombia,banco_de_bogota,2021-06-29,23169762.0167
colombia,banco_de_bogota,2021-06-30,23123382.739
colombia,banco_de_bogota,2021-07-01,23355279.1275
colombia,banco_de_bogota,2021-07-02,23312212.6554
colombia,banco_de_bogota,2021-07-06,22858358.295
colombia,banco_de_bogota,2021-07-07,23520919.405
colombia,banco_de_bogota,2021-07-08,23514293.7939
colombia,banco_de_bogota,2021-07-09,23507668.1828
colombia,banco_de_bogota,2021-07-12,23520919.405
colombia,banco_de_bogota,2021-07-13,23683246.877
colombia,banco_de_bogota,2021-07-14,23616990.7659
colombia,banco_de_bogota,2021-07-15,23616990.7659
colombia,banco_de_bogota,2021-07-16,23607052.3493
colombia,banco_de_bogota,2021-07-19,23186326.0445
colombia,banco_de_bogota,2021-07-21,23120069.9335
colombia,banco_de_bogota,2021-07-22,23348653.5164
colombia,banco_de_bogota,2021-07-23,23345340.7109
colombia,banco_de_bogota,2021-07-26,23186326.0445
colombia,banco_de_bogota,2021-07-27,22527077.74
colombia,banco_de_bogota,2021-07-28,22742410.1008
colombia,banco_de_bogota,2021-07-29,23146572.3779
colombia,banco_de_bogota,2021-07-30,22623149.101
colombia,banco_de_bogota,2021-08-02,22527077.74
colombia,banco_de_bogota,2021-08-03,23116757.1279
colombia,banco_de_bogota,2021-08-04,22725846.073
colombia,banco_de_bogota,2021-08-05,22924614.406
colombia,banco_de_bogota,2021-08-06,22977619.2948
colombia,banco_de_bogota,2021-08-09,22566831.4066
colombia,banco_de_bogota,2021-08-10,22590021.0454
colombia,banco_de_bogota,2021-08-11,22384627.1013
colombia,banco_de_bogota,2021-08-12,22593333.851
colombia,banco_de_bogota,2021-08-13,23186326.0445
colombia,banco_de_bogota,2021-08-17,23514293.7939
colombia,banco_de_bogota,2021-08-18,24279551.876
colombia,banco_de_bogota,2021-08-19,23852199.96
colombia,banco_de_bogota,2021-08-20,24011214.6264
colombia,banco_de_bogota,2021-08-23,24120537.2096
colombia,banco_de_bogota,2021-08-24,24117224.404
colombia,banco_de_bogota,2021-08-25,24266300.6538
colombia,banco_de_bogota,2021-08-26,24272926.2648
colombia,banco_de_bogota,2021-08-27,24180167.7095
colombia,banco_de_bogota,2021-08-30,23852199.96
colombia,banco_de_bogota,2021-08-31,23355279.1275
colombia,banco_de_bogota,2021-09-01,23686559.6825
colombia,banco_de_bogota,2021-09-02,23537483.4327
colombia,banco_de_bogota,2021-09-03,23226079.7111
colombia,banco_de_bogota,2021-09-06,23226079.7111
colombia,banco_de_bogota,2021-09-07,23322151.072
colombia,banco_de_bogota,2021-09-08,23358591.9331
colombia,banco_de_bogota,2021-09-09,23580549.9049
colombia,banco_de_bogota,2021-09-10,23673308.4603
colombia,banco_de_bogota,2021-09-13,23679934.0714
colombia,banco_de_bogota,2021-09-14,23931707.2932
colombia,banco_de_bogota,2021-09-15,23852199.96
colombia,banco_de_bogota,2021-09-16,24620770.8476
colombia,banco_de_bogota,2021-09-17,24282864.6815
colombia,banco_de_bogota,2021-09-20,24143726.8484
colombia,banco_de_bogota,2021-09-21,24143726.8484
colombia,banco_de_bogota,2021-09-22,24282864.6815
colombia,banco_de_bogota,2021-09-23,24282864.6815
colombia,banco_de_bogota,2021-09-24,24282864.6815
colombia,banco_de_bogota,2021-09-27,24282864.6815
colombia,banco_de_bogota,2021-09-28,24309367.1259
colombia,banco_de_bogota,2021-09-29,24183480.515
colombia,banco_de_bogota,2021-09-30,23925081.6821
colombia,banco_de_bogota,2021-10-01,24173542.0984
colombia,banco_de_bogota,2021-10-04,24084096.3485
colombia,banco_de_bogota,2021-10-05,23885328.0155
colombia,banco_de_bogota,2021-10-06,24345807.987
colombia,banco_de_bogota,2021-10-07,24614145.2365
colombia,banco_de_bogota,2021-10-08,24448504.959
colombia,banco_de_bogota,2021-10-11,24415376.9035
colombia,banco_de_bogota,2021-10-12,24292803.0982
colombia,banco_de_bogota,2021-10-13,24292803.0982
colombia,banco_de_bogota,2021-10-14,24183480.515
colombia,banco_de_bogota,2021-10-15,24511448.2645
colombia,banco_de_bogota,2021-10-19,24604206.8198
colombia,banco_de_bogota,2021-10-20,24445192.1535
colombia,banco_de_bogota,2021-10-21,24445192.1535
colombia,banco_de_bogota,2021-10-22,24345807.987
colombia,banco_de_bogota,2021-10-25,24415376.9035
colombia,banco_de_bogota,2021-10-26,24518073.8755
colombia,banco_de_bogota,2021-10-27,24518073.8755
colombia,banco_de_bogota,2021-10-28,25174009.3744
colombia,banco_de_bogota,2021-10-29,25144194.1245
colombia,banco_de_bogota,2021-11-02,24846041.625
colombia,banco_de_bogota,2021-11-03,24614145.2365
colombia,banco_de_bogota,2021-11-04,24352433.598
colombia,banco_de_bogota,2021-11-05,24183480.515
colombia,banco_de_bogota,2021-11-08,24209982.9594
colombia,banco_de_bogota,2021-11-09,24667150.1253
colombia,banco_de_bogota,2021-11-10,24647273.292
colombia,banco_de_bogota,2021-11-11,24183480.515
colombia,banco_de_bogota,2021-11-12,24209982.9594
colombia,banco_de_bogota,2021-11-16,24349120.7925
colombia,banco_de_bogota,2021-11-17,24017840.2375
colombia,banco_de_bogota,2021-11-18,24117224.404
colombia,banco_de_bogota,2021-11-19,23855512.7656
colombia,banco_de_bogota,2021-11-22,23852199.96
colombia,banco_de_bogota,2021-11-23,23554047.4605
colombia,banco_de_bogota,2021-11-24,23520919.405
colombia,banco_de_bogota,2021-11-25,23848887.1545
colombia,banco_de_bogota,2021-11-26,23524232.2106
colombia,banco_de_bogota,2021-11-29,23524232.2106
colombia,banco_de_bogota,2021-11-30,23355279.1275
colombia,banco_de_bogota,2021-12-01,23189638.85
colombia,banco_de_bogota,2021-12-02,23514293.7939
colombia,banco_de_bogota,2021-12-03,23527545.0161
colombia,banco_de_bogota,2021-12-06,23355279.1275
colombia,banco_de_bogota,2021-12-07,23196264.4611
colombia,banco_de_bogota,2021-12-09,22967680.8782
colombia,banco_de_bogota,2021-12-10,22964368.0726
colombia,banco_de_bogota,2021-12-13,23232705.3222
colombia,banco_de_bogota,2021-12-14,23023998.5725
colombia,banco_de_bogota,2021-12-15,23189638.85
colombia,banco_de_bogota,2021-12-16,23848887.1545
colombia,banco_de_bogota,2021-12-17,23842261.5434
colombia,banco_de_bogota,2021-12-20,23683246.877
colombia,banco_de_bogota,2021-12-21,23192951.6556
colombia,banco_de_bogota,2021-12-22,23686559.6825
colombia,banco_de_bogota,2021-12-23,23819071.9045
colombia,banco_de_bogota,2021-12-24,23819071.9045
colombia,banco_de_bogota,2021-12-27,23520919.405
colombia,banco_de_bogota,2021-12-28,23510980.9884
colombia,banco_de_bogota,2021-12-29,23298961.4332
colombia,banco_de_bogota,2021-12-30,23255894.961
colombia,banco_de_bogota,2022-01-03,23255894.961
colombia,banco_de_bogota,2022-01-04,23355279.1275
colombia,banco_de_bogota,2022-01-05,23355279.1275
colombia,banco_de_bogota,2022-01-06,23292335.822
colombia,banco_de_bogota,2022-01-07,23984712.182
colombia,banco_de_bogota,2022-01-11,24514761.07
colombia,banco_de_bogota,2022-01-12,23653431.627
colombia,banco_de_bogota,2022-01-13,23656744.4325
colombia,banco_de_bogota,2022-01-14,23448037.6829
colombia,banco_de_bogota,2022-01-17,23723000.5436
colombia,banco_de_bogota,2022-01-18,25442346.624
colombia,banco_de_bogota,2022-01-19,25011681.9025
colombia,banco_de_bogota,2022-01-20,25011681.9025
colombia,banco_de_bogota,2022-01-21,25177322.18
colombia,banco_de_bogota,2022-01-24,25210450.2355
colombia,banco_de_bogota,2022-01-25,25435721.0129
colombia,banco_de_bogota,2022-01-26,24855980.0417
colombia,banco_de_bogota,2022-01-27,25011681.9025
colombia,banco_de_bogota,2022-01-28,25011681.9025
colombia,banco_de_bogota,2022-01-31,25442346.624
colombia,banco_de_bogota,2022-02-01,25707371.068
colombia,banco_de_bogota,2022-02-02,24855980.0417
colombia,banco_de_bogota,2022-02-03,25077938.0135
colombia,banco_de_bogota,2022-02-04,25501977.1239
colombia,banco_de_bogota,2022-02-07,25187260.5967
colombia,banco_de_bogota,2022-02-08,25336336.8464
colombia,banco_de_bogota,2022-02-09,25263455.1243
colombia,banco_de_bogota,2022-02-10,25177322.18
colombia,banco_de_bogota,2022-02-11,25177322.18
colombia,banco_de_bogota,2022-02-14,24855980.0417
colombia,banco_de_bogota,2022-02-15,24836103.2084
colombia,banco_de_bogota,2022-02-16,24680401.3475
colombia,banco_de_bogota,2022-02-17,25111066.069
colombia,banco_de_bogota,2022-02-18,25031558.7358
colombia,banco_de_bogota,2022-02-21,24836103.2084
colombia,banco_de_bogota,2022-02-22,24206670.1539
colombia,banco_de_bogota,2022-02-23,24663837.3198
colombia,banco_de_bogota,2022-02-24,24349120.7925
colombia,banco_de_bogota,2022-02-25,24415376.9035
colombia,banco_de_bogota,2022-02-28,23915143.2655
colombia,banco_de_bogota,2022-03-01,23819071.9045
colombia,banco_de_bogota,2022-03-02,23815759.099
colombia,banco_de_bogota,2022-03-03,24166916.4873
colombia,banco_de_bogota,2022-03-04,23997963.4042
colombia,banco_de_bogota,2022-03-07,24166916.4873
colombia,banco_de_bogota,2022-03-08,23852199.96
colombia,banco_de_bogota,2022-03-09,24147039.6539
colombia,banco_de_bogota,2022-03-10,23567298.6827
colombia,banco_de_bogota,2022-03-11,23620303.5715
colombia,banco_de_bogota,2022-03-14,23819071.9045
colombia,banco_de_bogota,2022-03-15,23683246.877
colombia,banco_de_bogota,2022-03-16,23236018.1277
colombia,banco_de_bogota,2022-03-17,22712594.8508
colombia,banco_de_bogota,2022-03-18,22593333.851
colombia,banco_de_bogota,2022-03-22,22593333.851
colombia,banco_de_bogota,2022-03-23,22593333.851
colombia,banco_de_bogota,2022-03-24,22593333.851
colombia,banco_de_bogota,2022-03-25,22593333.851
colombia,banco_de_bogota,2022-03-28,22593333.851
colombia,banco_de_bogota,2022-03-29,22593333.851
colombia,banco_de_bogota,2022-03-30,16895308.305
colombia,banco_de_bogota,2022-03-31,16448079.5558
colombia,banco_de_bogota,2022-04-01,16630283.861
colombia,banco_de_bogota,2022-04-04,16825739.3885
colombia,banco_de_bogota,2022-04-05,16928436.3605
colombia,banco_de_bogota,2022-04-06,17557869.415
colombia,banco_de_bogota,2022-04-07,17557869.415
colombia,banco_de_bogota,2022-04-08,17557869.415
colombia,banco_de_bogota,2022-04-11,17756637.748
colombia,banco_de_bogota,2022-04-12,18154174.414
colombia,banco_de_bogota,2022-04-13,17259716.9155
colombia,banco_de_bogota,2022-04-18,17355788.2765
colombia,banco_de_bogota,2022-04-19,17325973.0265
colombia,banco_de_bogota,2022-04-20,17392229.1375
colombia,banco_de_bogota,2022-04-21,17259716.9155
colombia,banco_de_bogota,2022-04-22,17186835.1934
colombia,banco_de_bogota,2022-04-25,16729668.0275
colombia,banco_de_bogota,2022-04-26,17060948.5825
colombia,banco_de_bogota,2022-04-27,16600468.6111
colombia,banco_de_bogota,2022-04-28,16719729.6109
colombia,banco_de_bogota,2022-04-29,16719729.6109
colombia,banco_de_bogota,2022-05-02,16696539.972
colombia,banco_de_bogota,2022-05-03,16302316.1116
colombia,banco_de_bogota,2022-05-04,16229434.3895
colombia,banco_de_bogota,2022-05-05,16139988.6396
colombia,banco_de_bogota,2022-05-06,16139988.6396
colombia,banco_de_bogota,2022-05-09,15901466.64
colombia,banco_de_bogota,2022-05-10,16229434.3895
colombia,banco_de_bogota,2022-05-11,16216183.1673
colombia,banco_de_bogota,2022-05-12,15901466.64
colombia,banco_de_bogota,2022-05-13,16067106.9175
colombia,banco_de_bogota,2022-05-16,17190147.999
colombia,banco_de_bogota,2022-05-17,17325973.0265
colombia,banco_de_bogota,2022-05-18,17557869.415
colombia,banco_de_bogota,2022-05-19,16895308.305
colombia,banco_de_bogota,2022-05-20,17557869.415
colombia,banco_de_bogota,2022-05-23,17229901.6656
colombia,banco_de_bogota,2022-05-24,17084138.2214
colombia,banco_de_bogota,2022-05-25,17077512.6103
colombia,banco_de_bogota,2022-05-26,17687068.8315
colombia,banco_de_bogota,2022-05-27,17723509.6925
colombia,banco_de_bogota,2022-05-31,18856489.1906
colombia,banco_de_bogota,2022-06-01,19545552.745
colombia,banco_de_bogota,2022-06-02,19704567.4114
colombia,banco_de_bogota,2022-06-03,20208113.855
colombia,banco_de_bogota,2022-06-06,20870674.965
colombia,banco_de_bogota,2022-06-07,20877300.5761
colombia,banco_de_bogota,2022-06-08,20801106.0485
colombia,banco_de_bogota,2022-06-09,20605650.521
colombia,banco_de_bogota,2022-06-10,20469825.4935
colombia,banco_de_bogota,2022-06-13,20373754.1325
colombia,banco_de_bogota,2022-06-14,19562116.7728
colombia,banco_de_bogota,2022-06-15,17726822.4981
colombia,banco_de_bogota,2022-06-16,17726822.4981
colombia,banco_de_bogota,2022-06-17,18266809.8027
colombia,banco_de_bogota,2022-06-21,17445234.0263
colombia,banco_de_bogota,2022-06-22,17445234.0263
colombia,banco_de_bogota,2022-06-23,16564027.75
colombia,banco_de_bogota,2022-06-24,16564027.75
colombia,banco_de_bogota,2022-06-28,16239372.8061
colombia,banco_de_bogota,2022-06-29,15735826.3625
colombia,banco_de_bogota,2022-06-30,15238905.53
colombia,banco_de_bogota,2022-07-01,15437673.863
colombia,banco_de_bogota,2022-07-05,15238905.53
colombia,banco_de_bogota,2022-07-06,15238905.53
colombia,banco_de_bogota,2022-07-07,15543683.6406
colombia,banco_de_bogota,2022-07-08,15387981.7798
colombia,banco_de_bogota,2022-07-11,15305161.641
colombia,banco_de_bogota,2022-07-12,15222341.5023
colombia,banco_de_bogota,2022-07-13,15056701.2248
colombia,banco_de_bogota,2022-07-14,14404078.5314
colombia,banco_de_bogota,2022-07-15,14423193.3608
colombia,banco_de_bogota,2022-07-18,14707394.2152
colombia,banco_de_bogota,2022-07-19,14742919.322
colombia,banco_de_bogota,2022-07-21,14920544.856
colombia,banco_de_bogota,2022-07-22,14920544.856
colombia,banco_de_bogota,2022-07-25,14707394.2152
colombia,banco_de_bogota,2022-07-26,14707394.2152
colombia,banco_de_bogota,2022-07-27,14707394.2152
colombia,banco_de_bogota,2022-07-28,14920544.856
colombia,banco_de_bogota,2022-07-29,14742919.322
colombia,banco_de_bogota,2022-08-01,14845942.1317
colombia,banco_de_bogota,2022-08-02,14845942.1317
colombia,banco_de_bogota,2022-08-03,14515558.6385
colombia,banco_de_bogota,2022-08-04,14405430.8074
colombia,banco_de_bogota,2022-08-05,14813969.5356
colombia,banco_de_bogota,2022-08-08,15442763.926
colombia,banco_de_bogota,2022-08-09,15432106.3939
colombia,banco_de_bogota,2022-08-10,15133695.4968
colombia,banco_de_bogota,2022-08-11,14920544.856
colombia,banco_de_bogota,2022-08-12,14835284.5997
colombia,banco_de_bogota,2022-08-16,15236718.3065
colombia,banco_de_bogota,2022-08-17,15133695.4968
colombia,banco_de_bogota,2022-08-18,15105275.4114
colombia,banco_de_bogota,2022-08-19,14920544.856
colombia,banco_de_bogota,2022-08-22,14565293.788
colombia,banco_de_bogota,2022-08-23,14043074.718
colombia,banco_de_bogota,2022-08-24,13996892.0792
colombia,banco_de_bogota,2022-08-25,13996892.0792
colombia,banco_de_bogota,2022-08-26,14210042.72
colombia,banco_de_bogota,2022-08-29,14174517.6132
colombia,banco_de_bogota,2022-08-30,14103467.3996
colombia,banco_de_bogota,2022-08-31,14210042.72
colombia,banco_de_bogota,2022-09-01,13108764.4092
colombia,banco_de_bogota,2022-09-02,14032417.186
colombia,banco_de_bogota,2022-09-05,14025312.1646
colombia,banco_de_bogota,2022-09-06,13499540.584
colombia,banco_de_bogota,2022-09-07,13144289.516
colombia,banco_de_bogota,2022-09-08,13002189.0888
colombia,banco_de_bogota,2022-09-09,13002189.0888
colombia,banco_de_bogota,2022-09-12,13144289.516
colombia,banco_de_bogota,2022-09-13,12717988.2344
colombia,banco_de_bogota,2022-09-14,12717988.2344
colombia,banco_de_bogota,2022-09-15,12540362.7004
colombia,banco_de_bogota,2022-09-16,11979066.013
colombia,banco_de_bogota,2022-09-19,11979066.013
colombia,banco_de_bogota,2022-09-20,11971960.9916
colombia,banco_de_bogota,2022-09-21,11556317.242
colombia,banco_de_bogota,2022-09-22,11556317.242
colombia,banco_de_bogota,2022-09-23,11101595.875
colombia,banco_de_bogota,2022-09-26,10160180.5448
colombia,banco_de_bogota,2022-09-27,9957687.436
colombia,banco_de_bogota,2022-09-28,10231230.7584
colombia,banco_de_bogota,2022-09-29,10035842.671
colombia,banco_de_bogota,2022-09-30,10138865.4807
colombia,banco_de_bogota,2022-10-03,10540299.1876
colombia,banco_de_bogota,2022-10-04,10838710.0847
colombia,banco_de_bogota,2022-10-05,10906207.7876
colombia,banco_de_bogota,2022-10-06,10906207.7876
colombia,banco_de_bogota,2022-10-07,10870682.6808
colombia,banco_de_bogota,2022-10-10,10870682.6808
colombia,banco_de_bogota,2022-10-11,10870682.6808
colombia,banco_de_bogota,2022-10-12,10870682.6808
colombia,banco_de_bogota,2022-10-13,10391093.739
colombia,banco_de_bogota,2022-10-14,10657532.04
colombia,banco_de_bogota,2022-10-18,10380436.207
colombia,banco_de_bogota,2022-10-19,10302280.972
colombia,banco_de_bogota,2022-10-20,10231230.7584
colombia,banco_de_bogota,2022-10-21,10124655.438
colombia,banco_de_bogota,2022-10-24,9591778.836
colombia,banco_de_bogota,2022-10-25,9414153.302
colombia,banco_de_bogota,2022-10-26,9428363.3447
colombia,banco_de_bogota,2022-10-27,9236527.768
colombia,banco_de_bogota,2022-10-28,9236527.768
colombia,banco_de_bogota,2022-10-31,9236527.768
colombia,banco_de_bogota,2022-11-01,9591778.836
colombia,banco_de_bogota,2022-11-02,9947029.904
colombia,banco_de_bogota,2022-11-03,9794271.9448
colombia,banco_de_bogota,2022-11-04,9701906.6671
colombia,banco_de_bogota,2022-11-08,10089130.3312
colombia,banco_de_bogota,2022-11-09,10010975.0962
colombia,banco_de_bogota,2022-11-10,10653979.5293
colombia,banco_de_bogota,2022-11-11,10657532.04
colombia,banco_de_bogota,2022-11-15,10657532.04
colombia,banco_de_bogota,2022-11-16,10799632.4672
colombia,banco_de_bogota,2022-11-17,10408856.2924
colombia,banco_de_bogota,2022-11-18,10657532.04
colombia,banco_de_bogota,2022-11-21,11012783.108
colombia,banco_de_bogota,2022-11-22,11048308.2148
colombia,banco_de_bogota,2022-11-23,11900910.778
colombia,banco_de_bogota,2022-11-24,12043011.2052
colombia,banco_de_bogota,2022-11-25,12071431.2906
colombia,banco_de_bogota,2022-11-28,12025248.6518
colombia,banco_de_bogota,2022-11-29,11723285.244
colombia,banco_de_bogota,2022-11-30,11368034.176
colombia,banco_de_bogota,2022-12-01,12078536.312
colombia,banco_de_bogota,2022-12-02,12043011.2052
colombia,banco_de_bogota,2022-12-05,12043011.2052
colombia,banco_de_bogota,2022-12-06,12043011.2052
colombia,banco_de_bogota,2022-12-07,12078536.312
colombia,banco_de_bogota,2022-12-09,12078536.312
colombia,banco_de_bogota,2022-12-12,11900910.778
colombia,banco_de_bogota,2022-12-13,12007486.0984
colombia,banco_de_bogota,2022-12-14,11336061.5799
colombia,banco_de_bogota,2022-12-15,11350271.6226
colombia,banco_de_bogota,2022-12-16,12074983.8013
colombia,banco_de_bogota,2022-12-19,12074983.8013
colombia,banco_de_bogota,2022-12-20,12398262.2732
colombia,banco_de_bogota,2022-12-21,13144289.516
colombia,banco_de_bogota,2022-12-22,13108764.4092
colombia,banco_de_bogota,2022-12-23,13108764.4092
colombia,banco_de_bogota,2022-12-26,13108764.4092
colombia,banco_de_bogota,2022-12-27,13499540.584
colombia,banco_de_bogota,2022-12-28,14210042.72
colombia,banco_de_bogota,2022-12-29,13144289.516
colombia,banco_de_bogota,2023-01-02,13144289.516
colombia,banco_de_bogota,2023-01-03,14174517.6132
colombia,banco_de_bogota,2023-01-04,14174517.6132
colombia,banco_de_bogota,2023-01-05,14206490.2093
colombia,banco_de_bogota,2023-01-06,14174517.6132
colombia,banco_de_bogota,2023-01-10,14067942.2928
colombia,banco_de_bogota,2023-01-11,14210042.72
colombia,banco_de_bogota,2023-01-12,13890316.7588
colombia,banco_de_bogota,2023-01-13,13890316.7588
colombia,banco_de_bogota,2023-01-16,13890316.7588
colombia,banco_de_bogota,2023-01-17,14174517.6132
colombia,banco_de_bogota,2023-01-18,13780188.9277
colombia,banco_de_bogota,2023-01-19,13780188.9277
colombia,banco_de_bogota,2023-01-20,13780188.9277
colombia,banco_de_bogota,2023-01-23,14210042.72
colombia,banco_de_bogota,2023-01-24,13332572.582
colombia,banco_de_bogota,2023-01-25,12895613.7684
colombia,banco_de_bogota,2023-01-26,12739303.2985
colombia,banco_de_bogota,2023-01-27,13144289.516
colombia,banco_de_bogota,2023-01-30,12551020.2324
colombia,banco_de_bogota,2023-01-31,12582992.8286
colombia,banco_de_bogota,2023-02-01,12582992.8286
colombia,banco_de_bogota,2023-02-02,12789038.448
colombia,banco_de_bogota,2023-02-03,12966663.982
colombia,banco_de_bogota,2023-02-06,12959558.9606
colombia,banco_de_bogota,2023-02-07,12789038.448
colombia,banco_de_bogota,2023-02-08,12313002.0169
colombia,banco_de_bogota,2023-02-09,11971960.9916
colombia,banco_de_bogota,2023-02-10,11723285.244
colombia,banco_de_bogota,2023-02-13,11723285.244
colombia,banco_de_bogota,2023-02-14,11723285.244
colombia,banco_de_bogota,2023-02-15,11545659.71
colombia,banco_de_bogota,2023-02-16,11545659.71
colombia,banco_de_bogota,2023-02-17,11545659.71
colombia,banco_de_bogota,2023-02-20,11368034.176
colombia,banco_de_bogota,2023-02-21,11083833.3216
colombia,banco_de_bogota,2023-02-22,11083833.3216
colombia,banco_de_bogota,2023-02-23,10479906.506
colombia,banco_de_bogota,2023-02-24,10096235.3526
colombia,banco_de_bogota,2023-02-27,9897294.7545
colombia,banco_de_bogota,2023-02-28,8909696.7854
colombia,banco_de_bogota,2023-03-01,8863514.1466
colombia,banco_de_bogota,2023-03-02,9058902.234
colombia,banco_de_bogota,2023-03-03,9129952.4476
colombia,banco_de_bogota,2023-03-06,9129952.4476
colombia,banco_de_bogota,2023-03-07,9129952.4476
colombia,banco_de_bogota,2023-03-08,9552701.2185
colombia,banco_de_bogota,2023-03-09,9751641.8166
colombia,banco_de_bogota,2023-03-10,9627303.9428
colombia,banco_de_bogota,2023-03-13,9577568.7933
colombia,banco_de_bogota,2023-03-14,9875979.6904
colombia,banco_de_bogota,2023-03-15,9947029.904
colombia,banco_de_bogota,2023-03-16,10572271.7837
colombia,banco_de_bogota,2023-03-17,10572271.7837
colombia,banco_de_bogota,2023-03-21,10302280.972
colombia,banco_de_bogota,2023-03-22,10479906.506
colombia,banco_de_bogota,2023-03-23,10479906.506
colombia,banco_de_bogota,2023-03-24,10227678.2477
colombia,banco_de_bogota,2023-03-27,10483459.0167
colombia,banco_de_bogota,2023-03-28,10657532.04
colombia,banco_de_bogota,2023-03-29,11268563.877
colombia,banco_de_bogota,2023-03-30,11517239.6246
colombia,banco_de_bogota,2023-03-31,11517239.6246
colombia,banco_de_bogota,2023-04-03,11517239.6246
colombia,banco_de_bogota,2023-04-04,11517239.6246
colombia,banco_de_bogota,2023-04-05,11570527.2848
colombia,banco_de_bogota,2023-04-10,11382244.2187
colombia,banco_de_bogota,2023-04-11,12074983.8013
colombia,banco_de_bogota,2023-04-12,11545659.71
colombia,banco_de_bogota,2023-04-13,11982618.5236
colombia,banco_de_bogota,2023-04-14,12149586.5256
colombia,banco_de_bogota,2023-04-17,13144289.516
colombia,banco_de_bogota,2023-04-18,13037714.1956
colombia,banco_de_bogota,2023-04-19,12540362.7004
colombia,banco_de_bogota,2023-04-20,12643385.5101
colombia,banco_de_bogota,2023-04-21,12082088.8227
colombia,banco_de_bogota,2023-04-24,11936435.8848
colombia,banco_de_bogota,2023-04-25,12074983.8013
colombia,banco_de_bogota,2023-04-26,11758810.3508
colombia,banco_de_bogota,2023-04-27,12114061.4188
colombia,banco_de_bogota,2023-04-28,12149586.5256
colombia,banco_de_bogota,2023-05-02,12966663.982
colombia,banco_de_bogota,2023-05-03,13140737.0053
colombia,banco_de_bogota,2023-05-04,13140737.0053
colombia,banco_de_bogota,2023-05-05,13140737.0053
colombia,banco_de_bogota,2023-05-08,13144289.516
colombia,banco_de_bogota,2023-05-09,12703778.1917
colombia,banco_de_bogota,2023-05-10,12831668.5762
colombia,banco_de_bogota,2023-05-11,12998636.5781
colombia,banco_de_bogota,2023-05-12,12963111.4713
colombia,banco_de_bogota,2023-05-15,12892061.2577
colombia,banco_de_bogota,2023-05-16,12892061.2577
colombia,banco_de_bogota,2023-05-17,12892061.2577
colombia,banco_de_bogota,2023-05-18,12785485.9373
colombia,banco_de_bogota,2023-05-19,12785485.9373
colombia,banco_de_bogota,2023-05-23,12774828.4053
colombia,banco_de_bogota,2023-05-24,12011038.6091
colombia,banco_de_bogota,2023-05-25,12011038.6091
colombia,banco_de_bogota,2023-05-26,12011038.6091
colombia,banco_de_bogota,2023-05-29,12362737.1664
colombia,banco_de_bogota,2023-05-30,12273924.3994
colombia,banco_de_bogota,2023-05-31,12007486.0984
colombia,banco_de_bogota,2023-06-01,11545659.71
colombia,banco_de_bogota,2023-06-02,11705522.6906
colombia,banco_de_bogota,2023-06-05,11918673.3314
colombia,banco_de_bogota,2023-06-06,12217084.2285
colombia,banco_de_bogota,2023-06-07,12138928.9936
colombia,banco_de_bogota,2023-06-08,12138928.9936
colombia,banco_de_bogota,2023-06-09,11787230.4362
colombia,banco_de_bogota,2023-06-13,11787230.4362
colombia,banco_de_bogota,2023-06-14,11723285.244
colombia,banco_de_bogota,2023-06-15,11616709.9236
colombia,banco_de_bogota,2023-06-16,11510134.6032
colombia,banco_de_bogota,2023-06-20,11510134.6032
colombia,banco_de_bogota,2023-06-21,11368034.176
colombia,banco_de_bogota,2023-06-22,11368034.176
colombia,banco_de_bogota,2023-06-23,11083833.3216
colombia,banco_de_bogota,2023-06-26,11638024.9877
colombia,banco_de_bogota,2023-06-27,11634472.477
colombia,banco_de_bogota,2023-06-28,11012783.108
colombia,banco_de_bogota,2023-06-29,11563422.2634
colombia,banco_de_bogota,2023-06-30,11563422.2634
colombia,banco_de_bogota,2023-07-04,11257906.3449
colombia,banco_de_bogota,2023-07-05,10657532.04
colombia,banco_de_bogota,2023-07-06,10657532.04
colombia,banco_de_bogota,2023-07-07,10653979.5293
colombia,banco_de_bogota,2023-07-10,10479906.506
colombia,banco_de_bogota,2023-07-11,10515431.6128
colombia,banco_de_bogota,2023-07-12,10515431.6128
colombia,banco_de_bogota,2023-07-13,10863577.6594
colombia,banco_de_bogota,2023-07-14,10899102.7662
colombia,banco_de_bogota,2023-07-17,10831605.0633
colombia,banco_de_bogota,2023-07-18,10842262.5954
colombia,banco_de_bogota,2023-07-19,11048308.2148
colombia,banco_de_bogota,2023-07-21,10941732.8944
colombia,banco_de_bogota,2023-07-24,10799632.4672
colombia,banco_de_bogota,2023-07-25,10931075.3624
colombia,banco_de_bogota,2023-07-26,10781869.9138
colombia,banco_de_bogota,2023-07-27,10728582.2536
colombia,banco_de_bogota,2023-07-28,10721477.2322
colombia,banco_de_bogota,2023-07-31,10835157.574
colombia,banco_de_bogota,2023-08-01,10856472.6381
colombia,banco_de_bogota,2023-08-02,10856472.6381
colombia,banco_de_bogota,2023-08-03,10764107.3604
colombia,banco_de_bogota,2023-08-04,10792527.4458
colombia,banco_de_bogota,2023-08-08,10835157.574
colombia,banco_de_bogota,2023-08-09,10479906.506
colombia,banco_de_bogota,2023-08-10,10579376.805
colombia,banco_de_bogota,2023-08-11,10483459.0167
colombia,banco_de_bogota,2023-08-14,10302280.972
colombia,banco_de_bogota,2023-08-15,10522536.6342
colombia,banco_de_bogota,2023-08-16,10515431.6128
colombia,banco_de_bogota,2023-08-17,10138865.4807
colombia,banco_de_bogota,2023-08-18,10462143.9526
colombia,banco_de_bogota,2023-08-22,10462143.9526
colombia,banco_de_bogota,2023-08-23,10312938.504
colombia,banco_de_bogota,2023-08-24,10018080.1176
colombia,banco_de_bogota,2023-08-25,9950582.4147
colombia,banco_de_bogota,2023-08-28,9950582.4147
colombia,banco_de_bogota,2023-08-29,9634408.9642
colombia,banco_de_bogota,2023-08-30,9421258.3234
colombia,banco_de_bogota,2023-08-31,9112189.8942
colombia,banco_de_bogota,2023-09-01,9414153.302
colombia,banco_de_bogota,2023-09-04,9524281.1331
colombia,banco_de_bogota,2023-09-05,9133504.9583
colombia,banco_de_bogota,2023-09-06,8970089.467
colombia,banco_de_bogota,2023-09-07,8877724.1893
colombia,banco_de_bogota,2023-09-08,9094427.3408
colombia,banco_de_bogota,2023-09-11,9201002.6612
colombia,banco_de_bogota,2023-09-12,9236527.768
colombia,banco_de_bogota,2023-09-13,8724966.2301
colombia,banco_de_bogota,2023-09-14,8739176.2728
colombia,banco_de_bogota,2023-09-15,8874171.6786
colombia,banco_de_bogota,2023-09-18,9066007.2554
colombia,banco_de_bogota,2023-09-19,8792463.933
colombia,banco_de_bogota,2023-09-20,8881276.7
colombia,banco_de_bogota,2023-09-21,8881276.7
colombia,banco_de_bogota,2023-09-22,8881276.7
colombia,banco_de_bogota,2023-09-25,9016272.1058
colombia,banco_de_bogota,2023-09-26,8881276.7
colombia,banco_de_bogota,2023-09-27,8881276.7
colombia,banco_de_bogota,2023-09-28,9112189.8942
colombia,banco_de_bogota,2023-09-29,8952326.9136
colombia,banco_de_bogota,2023-10-02,8952326.9136
colombia,banco_de_bogota,2023-10-03,8881276.7
colombia,banco_de_bogota,2023-10-04,8909696.7854
colombia,banco_de_bogota,2023-10-05,8913249.2961
colombia,banco_de_bogota,2023-10-06,8913249.2961
colombia,banco_de_bogota,2023-10-09,8913249.2961
colombia,banco_de_bogota,2023-10-10,8913249.2961
colombia,banco_de_bogota,2023-10-11,8920354.3175
colombia,banco_de_bogota,2023-10-12,9055349.7233
colombia,banco_de_bogota,2023-10-13,9055349.7233
colombia,banco_de_bogota,2023-10-17,9062454.7447
colombia,banco_de_bogota,2023-10-18,9201002.6612
colombia,banco_de_bogota,2023-10-19,9201002.6612
colombia,banco_de_bogota,2023-10-20,9058902.234
colombia,banco_de_bogota,2023-10-23,8973641.9777
colombia,banco_de_bogota,2023-10-24,9051797.2126
colombia,banco_de_bogota,2023-10-25,8863514.1466
colombia,banco_de_bogota,2023-10-26,8863514.1466
colombia,banco_de_bogota,2023-10-27,8881276.7
colombia,banco_de_bogota,2023-10-30,8881276.7
colombia,banco_de_bogota,2023-10-31,8845751.5932
colombia,banco_de_bogota,2023-11-01,8881276.7
colombia,banco_de_bogota,2023-11-02,8845751.5932
colombia,banco_de_bogota,2023-11-03,8796016.4437
colombia,banco_de_bogota,2023-11-07,8732071.2514
colombia,banco_de_bogota,2023-11-08,8732071.2514
colombia,banco_de_bogota,2023-11-09,8739176.2728
colombia,banco_de_bogota,2023-11-10,8803121.465
colombia,banco_de_bogota,2023-11-14,8803121.465
colombia,banco_de_bogota,2023-11-15,8668126.0592
colombia,banco_de_bogota,2023-11-16,8632600.9524
colombia,banco_de_bogota,2023-11-17,8511815.5893
colombia,banco_de_bogota,2023-11-20,8526025.632
colombia,banco_de_bogota,2023-11-21,8526025.632
colombia,banco_de_bogota,2023-11-22,8526025.632
colombia,banco_de_bogota,2023-11-23,8526025.632
colombia,banco_de_bogota,2023-11-24,8639705.9738
colombia,banco_de_bogota,2023-11-27,8526025.632
colombia,banco_de_bogota,2023-11-28,8526025.632
colombia,banco_de_bogota,2023-11-29,8703651.166
colombia,banco_de_bogota,2023-11-30,8696546.1446
colombia,banco_de_bogota,2023-12-01,8689441.1233
colombia,banco_de_bogota,2023-12-04,8561550.7388
colombia,banco_de_bogota,2023-12-05,8561550.7388
colombia,banco_de_bogota,2023-12-06,8526025.632
colombia,banco_de_bogota,2023-12-07,8526025.632
colombia,banco_de_bogota,2023-12-11,8526025.632
colombia,banco_de_bogota,2023-12-12,8703651.166
colombia,banco_de_bogota,2023-12-13,8703651.166
colombia,banco_de_bogota,2023-12-14,8533130.6534
colombia,banco_de_bogota,2023-12-15,8710756.1874
colombia,banco_de_bogota,2023-12-18,8710756.1874
colombia,banco_de_bogota,2023-12-19,9115742.4049
colombia,banco_de_bogota,2023-12-20,9769404.37
colombia,banco_de_bogota,2023-12-21,9414153.302
colombia,banco_de_bogota,2023-12-22,9414153.302
colombia,banco_de_bogota,2023-12-26,9769404.37
colombia,banco_de_bogota,2023-12-27,9797824.4554
colombia,banco_de_bogota,2023-12-28,9755194.3273
colombia,banco_de_bogota,2024-01-02,10053605.2244
colombia,banco_de_bogota,2024-01-03,10053605.2244
colombia,banco_de_bogota,2024-01-04,10266755.8652
colombia,banco_de_bogota,2024-01-05,10458591.4419
colombia,banco_de_bogota,2024-01-09,10202810.673
colombia,banco_de_bogota,2024-01-10,10302280.972
colombia,banco_de_bogota,2024-01-11,10444381.3992
colombia,banco_de_bogota,2024-01-12,10444381.3992
colombia,banco_de_bogota,2024-01-15,10444381.3992
colombia,banco_de_bogota,2024-01-16,10522536.6342
colombia,banco_de_bogota,2024-01-17,10550956.7196
colombia,banco_de_bogota,2024-01-18,10629111.9546
colombia,banco_de_bogota,2024-01-19,10607796.8905
colombia,banco_de_bogota,2024-01-22,10657532.04
colombia,banco_de_bogota,2024-01-23,10757002.339
colombia,banco_de_bogota,2024-01-24,10856472.6381
colombia,banco_de_bogota,2024-01-25,11154883.5352
colombia,banco_de_bogota,2024-01-26,10934627.873
colombia,banco_de_bogota,2024-01-29,10934627.873
colombia,banco_de_bogota,2024-01-30,11318299.0265
colombia,banco_de_bogota,2024-01-31,11296983.9624
colombia,banco_de_bogota,2024-02-01,11254353.8342
colombia,banco_de_bogota,2024-02-02,11254353.8342
colombia,banco_de_bogota,2024-02-05,11247248.8129
colombia,banco_de_bogota,2024-02-06,11012783.108
colombia,banco_de_bogota,2024-02-07,11282773.9197
colombia,banco_de_bogota,2024-02-08,11638024.9877
colombia,banco_de_bogota,2024-02-09,11048308.2148
colombia,banco_de_bogota,2024-02-12,11197513.6634
colombia,banco_de_bogota,2024-02-13,11190408.642
colombia,banco_de_bogota,2024-02-14,11190408.642
colombia,banco_de_bogota,2024-02-15,11190408.642
colombia,banco_de_bogota,2024-02-16,11190408.642
colombia,banco_de_bogota,2024-02-19,10657532.04
colombia,banco_de_bogota,2024-02-20,11197513.6634
colombia,banco_de_bogota,2024-02-21,11893805.7566
colombia,banco_de_bogota,2024-02-22,11723285.244
colombia,banco_de_bogota,2024-02-23,11645130.009
colombia,banco_de_bogota,2024-02-26,11368034.176
colombia,banco_de_bogota,2024-02-27,11332509.0692
colombia,banco_de_bogota,2024-02-28,11332509.0692
colombia,banco_de_bogota,2024-02-29,11538554.6886
colombia,banco_de_bogota,2024-03-01,11538554.6886
colombia,banco_de_bogota,2024-03-04,11495924.5605
colombia,banco_de_bogota,2024-03-05,11595394.8595
colombia,banco_de_bogota,2024-03-06,11566974.7741
colombia,banco_de_bogota,2024-03-07,11503029.5818
colombia,banco_de_bogota,2024-03-08,11368034.176
colombia,banco_de_bogota,2024-03-11,11368034.176
colombia,banco_de_bogota,2024-03-12,11119358.4284
colombia,banco_de_bogota,2024-03-13,10963047.9585
colombia,banco_de_bogota,2024-03-14,10622006.9332
colombia,banco_de_bogota,2024-03-15,9769404.37
colombia,banco_de_bogota,2024-03-18,9769404.37
colombia,banco_de_bogota,2024-03-19,9769404.37
colombia,banco_de_bogota,2024-03-20,9527833.6438
colombia,banco_de_bogota,2024-03-21,9591778.836
colombia,banco_de_bogota,2024-03-22,9591778.836
colombia,banco_de_bogota,2024-03-26,9556253.7292
colombia,banco_de_bogota,2024-03-27,9591778.836
colombia,banco_de_bogota,2024-04-01,9449678.4088
colombia,banco_de_bogota,2024-04-02,9591778.836
colombia,banco_de_bogota,2024-04-03,9755194.3273
colombia,banco_de_bogota,2024-04-04,10053605.2244
colombia,banco_de_bogota,2024-04-05,9982555.0108
colombia,banco_de_bogota,2024-04-08,9875979.6904
colombia,banco_de_bogota,2024-04-09,10124655.438
colombia,banco_de_bogota,2024-04-10,10607796.8905
colombia,banco_de_bogota,2024-04-11,10515431.6128
colombia,banco_de_bogota,2024-04-12,10302280.972
colombia,banco_de_bogota,2024-04-15,10124655.438
colombia,banco_de_bogota,2024-04-16,10259650.8438
colombia,banco_de_bogota,2024-04-17,10124655.438
colombia,banco_de_bogota,2024-04-18,9911504.7972
colombia,banco_de_bogota,2024-04-19,10224125.737
colombia,banco_de_bogota,2024-04-22,10018080.1176
colombia,banco_de_bogota,2024-04-23,9961239.9467
colombia,banco_de_bogota,2024-04-24,9897294.7545
colombia,banco_de_bogota,2024-04-25,9804929.4768
colombia,banco_de_bogota,2024-04-26,10039395.1817
colombia,banco_de_bogota,2024-04-29,10124655.438
colombia,banco_de_bogota,2024-04-30,10053605.2244
colombia,banco_de_bogota,2024-05-02,10110445.3953
colombia,banco_de_bogota,2024-05-03,10124655.438
colombia,banco_de_bogota,2024-05-06,10082025.3098
colombia,banco_de_bogota,2024-05-07,10053605.2244
colombia,banco_de_bogota,2024-05-08,10053605.2244
colombia,banco_de_bogota,2024-05-09,9968344.9681
colombia,banco_de_bogota,2024-05-10,10053605.2244
colombia,banco_de_bogota,2024-05-14,10053605.2244
colombia,banco_de_bogota,2024-05-15,10046500.203
colombia,banco_de_bogota,2024-05-16,10053605.2244
colombia,banco_de_bogota,2024-05-17,10053605.2244
colombia,banco_de_bogota,2024-05-20,9982555.0108
colombia,banco_de_bogota,2024-05-21,10046500.203
colombia,banco_de_bogota,2024-05-22,10003870.0749
colombia,banco_de_bogota,2024-05-23,9911504.7972
colombia,banco_de_bogota,2024-05-24,9982555.0108
colombia,banco_de_bogota,2024-05-27,9840454.5836
colombia,banco_de_bogota,2024-05-28,9840454.5836
colombia,banco_de_bogota,2024-05-29,9797824.4554
colombia,banco_de_bogota,2024-05-30,9939924.8826
colombia,banco_de_bogota,2024-05-31,9783614.4127
colombia,banco_de_bogota,2024-06-04,9819139.5195
colombia,banco_de_bogota,2024-06-05,9677039.0923
colombia,banco_de_bogota,2024-06-06,9819139.5195
colombia,banco_de_bogota,2024-06-07,9776509.3914
colombia,banco_de_bogota,2024-06-11,9875979.6904
colombia,banco_de_bogota,2024-06-12,9875979.6904
colombia,banco_de_bogota,2024-06-13,9769404.37
colombia,banco_de_bogota,2024-06-14,9591778.836
colombia,banco_de_bogota,2024-06-17,9755194.3273
colombia,banco_de_bogota,2024-06-18,9733879.2632
colombia,banco_de_bogota,2024-06-19,9591778.836
colombia,banco_de_bogota,2024-06-20,9591778.836
colombia,banco_de_bogota,2024-06-21,9236527.768
colombia,banco_de_bogota,2024-06-24,9414153.302
colombia,banco_de_bogota,2024-06-25,9449678.4088
colombia,banco_de_bogota,2024-06-26,9449678.4088
colombia,banco_de_bogota,2024-06-27,9449678.4088
colombia,banco_de_bogota,2024-06-28,9449678.4088
colombia,banco_de_bogota,2024-07-02,9449678.4088
colombia,banco_de_bogota,2024-07-03,9343103.0884
colombia,banco_de_bogota,2024-07-04,9343103.0884
colombia,banco_de_bogota,2024-07-05,9272052.8748
colombia,banco_de_bogota,2024-07-08,9229422.7466
colombia,banco_de_bogota,2024-07-09,9066007.2554
colombia,banco_de_bogota,2024-07-10,8980746.999
colombia,banco_de_bogota,2024-07-11,8909696.7854
colombia,banco_de_bogota,2024-07-12,8952326.9136
colombia,banco_de_bogota,2024-07-15,9030482.1486
colombia,banco_de_bogota,2024-07-16,8987852.0204
colombia,banco_de_bogota,2024-07-17,9080217.2981
colombia,banco_de_bogota,2024-07-18,9030482.1486
colombia,banco_de_bogota,2024-07-19,9094427.3408
colombia,banco_de_bogota,2024-07-22,9058902.234
colombia,banco_de_bogota,2024-07-23,9129952.4476
colombia,banco_de_bogota,2024-07-24,9037587.1699
colombia,banco_de_bogota,2024-07-25,9030482.1486
colombia,banco_de_bogota,2024-07-26,9023377.1272
colombia,banco_de_bogota,2024-07-29,9044692.1913
colombia,banco_de_bogota,2024-07-30,8888381.7214
colombia,banco_de_bogota,2024-07-31,8888381.7214
colombia,banco_de_bogota,2024-08-01,8881276.7
colombia,banco_de_bogota,2024-08-02,8881276.7
colombia,banco_de_bogota,2024-08-05,8803121.465
colombia,banco_de_bogota,2024-08-06,8739176.2728
colombia,banco_de_bogota,2024-08-08,8867066.6573
colombia,banco_de_bogota,2024-08-09,8881276.7
colombia,banco_de_bogota,2024-08-12,8859961.6359
colombia,banco_de_bogota,2024-08-13,8874171.6786
colombia,banco_de_bogota,2024-08-14,8881276.7
colombia,banco_de_bogota,2024-08-15,9058902.234
colombia,banco_de_bogota,2024-08-16,9051797.2126
colombia,banco_de_bogota,2024-08-20,9051797.2126
colombia,banco_de_bogota,2024-08-21,9499413.5583
colombia,banco_de_bogota,2024-08-22,9620198.9214
colombia,banco_de_bogota,2024-08-23,9769404.37
colombia,banco_de_bogota,2024-08-26,10053605.2244
colombia,banco_de_bogota,2024-08-27,9947029.904
colombia,banco_de_bogota,2024-08-28,10025185.139
colombia,banco_de_bogota,2024-08-29,10025185.139
colombia,banco_de_bogota,2024-08-30,10302280.972
colombia,banco_de_bogota,2024-09-02,10302280.972
colombia,banco_de_bogota,2024-09-03,10103340.3739
colombia,banco_de_bogota,2024-09-04,10018080.1176
colombia,banco_de_bogota,2024-09-05,10053605.2244
colombia,banco_de_bogota,2024-09-06,10039395.1817
colombia,banco_de_bogota,2024-09-09,9883084.7118
colombia,banco_de_bogota,2024-09-10,10110445.3953
colombia,banco_de_bogota,2024-09-11,9918609.8186
colombia,banco_de_bogota,2024-09-12,10018080.1176
colombia,banco_de_bogota,2024-09-13,10010975.0962
colombia,banco_de_bogota,2024-09-16,9904399.7758
colombia,banco_de_bogota,2024-09-17,9982555.0108
colombia,banco_de_bogota,2024-09-18,9947029.904
colombia,banco_de_bogota,2024-09-19,10003870.0749
colombia,banco_de_bogota,2024-09-20,9911504.7972
colombia,banco_de_bogota,2024-09-23,9840454.5836
colombia,banco_de_bogota,2024-09-24,9819139.5195
colombia,banco_de_bogota,2024-09-25,9677039.0923
colombia,banco_de_bogota,2024-09-26,9677039.0923
colombia,banco_de_bogota,2024-09-27,9883084.7118
colombia,banco_de_bogota,2024-09-30,9847559.605
colombia,banco_de_bogota,2024-10-01,9840454.5836
colombia,banco_de_bogota,2024-10-02,9669934.071
colombia,banco_de_bogota,2024-10-03,9826244.5409
colombia,banco_de_bogota,2024-10-04,9868874.669
colombia,banco_de_bogota,2024-10-07,9648619.0069
colombia,banco_de_bogota,2024-10-08,9748089.3059
colombia,banco_de_bogota,2024-10-09,9662829.0496
colombia,banco_de_bogota,2024-10-10,9570463.7719
colombia,banco_de_bogota,2024-10-11,9733879.2632
colombia,banco_de_bogota,2024-10-15,9605988.8787
colombia,banco_de_bogota,2024-10-16,9797824.4554
colombia,banco_de_bogota,2024-10-17,9762299.3486
colombia,banco_de_bogota,2024-10-18,9812034.4982
colombia,banco_de_bogota,2024-10-21,9868874.669
colombia,banco_de_bogota,2024-10-22,9812034.4982
colombia,banco_de_bogota,2024-10-23,9769404.37
colombia,banco_de_bogota,2024-10-24,9854664.6263
colombia,banco_de_bogota,2024-10-25,9776509.3914
colombia,banco_de_bogota,2024-10-28,9769404.37
colombia,banco_de_bogota,2024-10-29,9762299.3486
colombia,banco_de_bogota,2024-10-30,9762299.3486
colombia,banco_de_bogota,2024-10-31,9982555.0108
colombia,banco_de_bogota,2024-11-01,10039395.1817
colombia,banco_de_bogota,2024-11-05,10032290.1603
colombia,banco_de_bogota,2024-11-06,9890189.7331
colombia,banco_de_bogota,2024-11-07,9804929.4768
colombia,banco_de_bogota,2024-11-08,9684144.1137
colombia,banco_de_bogota,2024-11-12,9662829.0496
colombia,banco_de_bogota,2024-11-13,9691249.135
colombia,banco_de_bogota,2024-11-14,9662829.0496
colombia,banco_de_bogota,2024-11-15,9691249.135
colombia,banco_de_bogota,2024-11-18,9762299.3486
colombia,banco_de_bogota,2024-11-19,9733879.2632
colombia,banco_de_bogota,2024-11-20,9698354.1564
colombia,banco_de_bogota,2024-11-21,9698354.1564
colombia,banco_de_bogota,2024-11-22,9868874.669
colombia,banco_de_bogota,2024-11-25,9485203.5156
colombia,banco_de_bogota,2024-11-26,9733879.2632
colombia,banco_de_bogota,2024-11-27,9762299.3486
colombia,banco_de_bogota,2024-11-28,9726774.2418
colombia,banco_de_bogota,2024-11-29,9762299.3486
colombia,banco_de_bogota,2024-12-02,9762299.3486
colombia,banco_de_bogota,2024-12-03,9669934.071
colombia,banco_de_bogota,2024-12-04,9598883.8574
colombia,banco_de_bogota,2024-12-05,9577568.7933
colombia,banco_de_bogota,2024-12-06,9698354.1564
colombia,banco_de_bogota,2024-12-09,9655724.0282
colombia,banco_de_bogota,2024-12-10,9556253.7292
colombia,banco_de_bogota,2024-12-11,9556253.7292
colombia,banco_de_bogota,2024-12-12,9563358.7506
colombia,banco_de_bogota,2024-12-13,9542043.6865
colombia,banco_de_bogota,2024-12-16,9542043.6865
colombia,banco_de_bogota,2024-12-17,9527833.6438
colombia,banco_de_bogota,2024-12-18,9264947.8534
colombia,banco_de_bogota,2024-12-19,9257842.8321
colombia,banco_de_bogota,2024-12-20,9485203.5156
colombia,banco_de_bogota,2024-12-23,9478098.4942
colombia,banco_de_bogota,2024-12-24,9321788.0243
colombia,banco_de_bogota,2024-12-26,9321788.0243
colombia,banco_de_bogota,2024-12-27,9428363.3447
colombia,banco_de_bogota,2024-12-30,9542043.6865
colombia,banco_de_bogota,2025-01-02,9542043.6865
colombia,banco_de_bogota,2025-01-03,9414153.302
colombia,banco_de_bogota,2025-01-07,9591778.836
colombia,banco_de_bogota,2025-01-08,9542043.6865
colombia,banco_de_bogota,2025-01-09,9556253.7292
colombia,banco_de_bogota,2025-01-10,9542043.6865
colombia,banco_de_bogota,2025-01-13,9449678.4088
colombia,banco_de_bogota,2025-01-14,9435468.3661
colombia,banco_de_bogota,2025-01-15,9449678.4088
colombia,banco_de_bogota,2025-01-16,9769404.37
colombia,banco_de_bogota,2025-01-17,9662829.0496
colombia,banco_de_bogota,2025-01-20,9726774.2418
colombia,banco_de_bogota,2025-01-21,9733879.2632
colombia,banco_de_bogota,2025-01-22,9733879.2632
colombia,banco_de_bogota,2025-01-23,9911504.7972
colombia,banco_de_bogota,2025-01-24,9947029.904
colombia,banco_de_bogota,2025-01-27,10025185.139
colombia,banco_de_bogota,2025-01-28,10259650.8438
colombia,banco_de_bogota,2025-01-29,10444381.3992
colombia,banco_de_bogota,2025-01-30,10309385.9934
colombia,banco_de_bogota,2025-01-31,10479906.506
colombia,banco_de_bogota,2025-02-03,10316491.0147
colombia,banco_de_bogota,2025-02-04,10330701.0574
colombia,banco_de_bogota,2025-02-05,10408856.2924
colombia,banco_de_bogota,2025-02-06,10344911.1002
colombia,banco_de_bogota,2025-02-07,10259650.8438
colombia,banco_de_bogota,2025-02-10,10309385.9934
colombia,banco_de_bogota,2025-02-11,10209915.6943
colombia,banco_de_bogota,2025-02-12,10124655.438
colombia,banco_de_bogota,2025-02-13,10131760.4594
colombia,banco_de_bogota,2025-02-14,10366226.1642
colombia,banco_de_bogota,2025-02-17,10607796.8905
colombia,banco_de_bogota,2025-02-18,10842262.5954
colombia,banco_de_bogota,2025-02-19,11076728.3002
colombia,banco_de_bogota,2025-02-20,10977258.0012
colombia,banco_de_bogota,2025-02-21,10842262.5954
colombia,banco_de_bogota,2025-02-24,11048308.2148
colombia,banco_de_bogota,2025-02-25,10948837.9158
colombia,banco_de_bogota,2025-02-26,10764107.3604
colombia,banco_de_bogota,2025-02-27,10657532.04
colombia,banco_de_bogota,2025-02-28,10444381.3992
colombia,banco_de_bogota,2025-03-03,10657532.04
colombia,banco_de_bogota,2025-03-04,10622006.9332
colombia,banco_de_bogota,2025-03-05,10643321.9973
colombia,banco_de_bogota,2025-03-06,10643321.9973
colombia,banco_de_bogota,2025-03-07,10963047.9585
colombia,banco_de_bogota,2025-03-10,10941732.8944
colombia,banco_de_bogota,2025-03-11,10771212.3818
colombia,banco_de_bogota,2025-03-12,10906207.7876
colombia,banco_de_bogota,2025-03-13,10835157.574
colombia,banco_de_bogota,2025-03-14,10934627.873
colombia,banco_de_bogota,2025-03-17,10764107.3604
colombia,banco_de_bogota,2025-03-18,10799632.4672
colombia,banco_de_bogota,2025-03-19,10799632.4672
colombia,banco_de_bogota,2025-03-20,10806737.4886
colombia,banco_de_bogota,2025-03-21,10941732.8944
colombia,banco_de_bogota,2025-03-25,11119358.4284
colombia,banco_de_bogota,2025-03-26,11019888.1294
colombia,banco_de_bogota,2025-03-27,10820947.5313
colombia,banco_de_bogota,2025-03-28,10927522.8517
colombia,banco_de_bogota,2025-03-31,10835157.574
colombia,banco_de_bogota,2025-04-01,10842262.5954
colombia,banco_de_bogota,2025-04-02,11261458.8556
colombia,banco_de_bogota,2025-04-03,11190408.642
colombia,banco_de_bogota,2025-04-04,10863577.6594
colombia,banco_de_bogota,2025-04-07,10728582.2536
colombia,banco_de_bogota,2025-04-08,10515431.6128
colombia,banco_de_bogota,2025-04-09,10707267.1895
colombia,banco_de_bogota,2025-04-10,10160180.5448
colombia,banco_de_bogota,2025-04-11,10515431.6128
colombia,banco_de_bogota,2025-04-14,10529641.6555
colombia,banco_de_bogota,2025-04-15,10529641.6555
colombia,banco_de_bogota,2025-04-16,10650427.0186
colombia,banco_de_bogota,2025-04-21,10515431.6128
colombia,banco_de_bogota,2025-04-22,10622006.9332
colombia,banco_de_bogota,2025-04-23,10835157.574
colombia,banco_de_bogota,2025-04-24,10693057.1468
colombia,banco_de_bogota,2025-04-25,10693057.1468
colombia,banco_de_bogota,2025-04-28,10657532.04
colombia,banco_de_bogota,2025-04-29,10856472.6381
colombia,banco_de_bogota,2025-04-30,10977258.0012
colombia,banco_de_bogota,2025-05-02,10941732.8944
colombia,banco_de_bogota,2025-05-05,10941732.8944
colombia,banco_de_bogota,2025-05-06,10870682.6808
colombia,banco_de_bogota,2025-05-07,11012783.108
colombia,banco_de_bogota,2025-05-08,11296983.9624
colombia,banco_de_bogota,2025-05-09,11368034.176
colombia,banco_de_bogota,2025-05-12,11368034.176
colombia,banco_de_bogota,2025-05-13,11545659.71
colombia,banco_de_bogota,2025-05-14,11566974.7741
colombia,banco_de_bogota,2025-05-15,11503029.5818
colombia,banco_de_bogota,2025-05-16,11424874.3469
colombia,banco_de_bogota,2025-05-19,11581184.8168
colombia,banco_de_bogota,2025-05-20,11460399.4537
colombia,banco_de_bogota,2025-05-21,11652235.0304
colombia,banco_de_bogota,2025-05-22,11616709.9236
colombia,banco_de_bogota,2025-05-23,11723285.244
colombia,banco_de_bogota,2025-05-26,11616709.9236
colombia,banco_de_bogota,2025-05-27,11680655.1158
colombia,banco_de_bogota,2025-05-28,11538554.6886
colombia,banco_de_bogota,2025-05-29,11332509.0692
colombia,banco_de_bogota,2025-05-30,11581184.8168
colombia,banco_de_bogota,2025-06-03,11630919.9663
colombia,banco_de_bogota,2025-06-04,11545659.71
colombia,banco_de_bogota,2025-06-05,11545659.71
colombia,banco_de_bogota,2025-06-06,11645130.009
colombia,banco_de_bogota,2025-06-09,11545659.71
colombia,banco_de_bogota,2025-06-10,11368034.176
colombia,banco_de_bogota,2025-06-11,11574079.7954
colombia,banco_de_bogota,2025-06-12,11545659.71
colombia,banco_de_bogota,2025-06-13,11439084.3896
colombia,banco_de_bogota,2025-06-16,11481714.5178
colombia,banco_de_bogota,2025-06-17,11368034.176
colombia,banco_de_bogota,2025-06-18,11368034.176
colombia,banco_de_bogota,2025-06-19,11353824.1333
colombia,banco_de_bogota,2025-06-20,11503029.5818
colombia,banco_de_bogota,2025-06-24,11510134.6032
colombia,banco_de_bogota,2025-06-25,11368034.176
colombia,banco_de_bogota,2025-06-26,11360929.1546
colombia,banco_de_bogota,2025-06-27,11368034.176
colombia,banco_de_bogota,2025-07-01,11325404.0478
colombia,banco_de_bogota,2025-07-02,11296983.9624
colombia,banco_de_bogota,2025-07-03,11368034.176
colombia,banco_de_bogota,2025-07-04,11368034.176
colombia,banco_de_bogota,2025-07-07,11368034.176
colombia,banco_de_bogota,2025-07-08,11368034.176
colombia,banco_de_bogota,2025-07-09,11368034.176
colombia,banco_de_bogota,2025-07-10,11261458.8556
colombia,banco_de_bogota,2025-07-11,11439084.3896
colombia,banco_de_bogota,2025-07-14,11439084.3896
colombia,banco_de_bogota,2025-07-15,11439084.3896
colombia,banco_de_bogota,2025-07-16,11403559.2828
colombia,banco_de_bogota,2025-07-17,11375139.1974
colombia,banco_de_bogota,2025-07-18,11417769.3255
colombia,banco_de_bogota,2025-07-21,11311194.0051
colombia,banco_de_bogota,2025-07-22,11474609.4964
colombia,banco_de_bogota,2025-07-23,11368034.176
colombia,banco_de_bogota,2025-07-24,11467504.475
colombia,banco_de_bogota,2025-07-25,11488819.5391
colombia,banco_de_bogota,2025-07-28,11538554.6886
colombia,banco_de_bogota,2025-07-29,11467504.475
colombia,banco_de_bogota,2025-07-30,11424874.3469
colombia,banco_de_bogota,2025-07-31,11474609.4964
colombia,banco_de_bogota,2025-08-01,11332509.0692
colombia,banco_de_bogota,2025-08-04,11289878.941
colombia,banco_de_bogota,2025-08-05,11439084.3896
colombia,banco_de_bogota,2025-08-06,11368034.176
colombia,banco_de_bogota,2025-08-08,11474609.4964
colombia,banco_de_bogota,2025-08-11,11616709.9236
colombia,banco_de_bogota,2025-08-12,11737495.2867
colombia,banco_de_bogota,2025-08-13,11971960.9916
colombia,banco_de_bogota,2025-08-14,12114061.4188
colombia,banco_de_bogota,2025-08-15,12099851.3761
colombia,banco_de_bogota,2025-08-19,12433787.38
colombia,banco_de_bogota,2025-08-20,12433787.38
colombia,banco_de_bogota,2025-08-21,12646938.0208
colombia,banco_de_bogota,2025-08-22,12639832.9994
colombia,banco_de_bogota,2025-08-25,12433787.38
colombia,banco_de_bogota,2025-08-26,12675358.1062
colombia,banco_de_bogota,2025-08-27,12611412.914
colombia,banco_de_bogota,2025-08-28,12433787.38
colombia,banco_de_bogota,2025-08-29,12476417.5082
colombia,banco_de_bogota,2025-09-01,12540362.7004
colombia,banco_de_bogota,2025-09-02,12362737.1664
colombia,banco_de_bogota,2025-09-03,12433787.38
colombia,banco_de_bogota,2025-09-04,12433787.38
colombia,banco_de_bogota,2025-09-05,12433787.38
colombia,banco_de_bogota,2025-09-08,12348527.1237
colombia,banco_de_bogota,2025-09-09,12419577.3373
colombia,banco_de_bogota,2025-09-10,12398262.2732
colombia,banco_de_bogota,2025-09-11,12327212.0596
colombia,banco_de_bogota,2025-09-12,12327212.0596
colombia,banco_de_bogota,2025-09-15,12426682.3586
colombia,banco_de_bogota,2025-09-16,12362737.1664
colombia,banco_de_bogota,2025-09-17,12540362.7004
colombia,banco_de_bogota,2025-09-18,12433787.38
colombia,banco_de_bogota,2025-09-19,11545659.71
colombia,banco_de_bogota,2025-09-22,12014591.1198
colombia,banco_de_bogota,2025-09-23,12078536.312
colombia,banco_de_bogota,2025-09-24,12192216.6538
colombia,banco_de_bogota,2025-09-25,12142481.5042
colombia,banco_de_bogota,2025-09-26,12106956.3974
colombia,banco_de_bogota,2025-09-29,12178006.611
colombia,banco_de_bogota,2025-09-30,12263266.8674
colombia,banco_de_bogota,2025-10-01,12263266.8674
colombia,banco_de_bogota,2025-10-02,12263266.8674
colombia,banco_de_bogota,2025-10-03,12270371.8887
colombia,banco_de_bogota,2025-10-06,12291686.9528
colombia,banco_de_bogota,2025-10-07,12291686.9528
colombia,banco_de_bogota,2025-10-08,12263266.8674
colombia,banco_de_bogota,2025-10-09,12433787.38
colombia,banco_de_bogota,2025-10-10,12433787.38
colombia,banco_de_bogota,2025-10-14,12540362.7004
colombia,banco_de_bogota,2025-10-15,12568782.7858
colombia,banco_de_bogota,2025-10-16,12824563.5548
colombia,banco_de_bogota,2025-10-17,12838773.5975
colombia,banco_de_bogota,2025-10-20,12810353.5121
colombia,banco_de_bogota,2025-10-21,12810353.5121
colombia,banco_de_bogota,2025-10-22,12789038.448
colombia,banco_de_bogota,2025-10-23,12824563.5548
colombia,banco_de_bogota,2025-10-24,12831668.5762
colombia,banco_de_bogota,2025-10-27,13144289.516
colombia,banco_de_bogota,2025-10-28,13257969.8578
colombia,banco_de_bogota,2025-10-29,13641641.0112
colombia,banco_de_bogota,2025-10-30,13748216.3316
colombia,banco_de_bogota,2025-10-31,13535065.6908
colombia,banco_de_bogota,2025-11-04,13620325.9471
colombia,banco_de_bogota,2025-11-05,13542170.7122
colombia,banco_de_bogota,2025-11-06,13641641.0112
colombia,banco_de_bogota,2025-11-07,13584800.8403
colombia,banco_de_bogota,2025-11-10,13677166.118
colombia,banco_de_bogota,2025-11-11,13677166.118
colombia,banco_de_bogota,2025-11-12,13499540.584
colombia,banco_de_bogota,2025-11-13,13840581.6093
colombia,banco_de_bogota,2025-11-14,13677166.118
colombia,banco_de_bogota,2025-11-18,13648746.0326
colombia,banco_de_bogota,2025-11-19,13812161.5238
colombia,banco_de_bogota,2025-11-20,13712691.2248
colombia,banco_de_bogota,2025-11-21,13641641.0112
colombia,banco_de_bogota,2025-11-24,13265074.8791
colombia,banco_de_bogota,2025-11-25,13435595.3918
colombia,banco_de_bogota,2025-11-26,13591905.8617
colombia,banco_de_bogota,2025-11-27,13606115.9044
colombia,banco_de_bogota,2025-11-28,13677166.118
colombia,banco_de_bogota,2025-12-01,13677166.118
colombia,banco_de_bogota,2025-12-02,13677166.118
colombia,banco_de_bogota,2025-12-03,13613220.9258
colombia,banco_de_bogota,2025-12-04,13570590.7976
colombia,banco_de_bogota,2025-12-05,13677166.118
colombia,banco_de_bogota,2025-12-09,13805056.5025
colombia,banco_de_bogota,2025-12-10,14032417.186
colombia,banco_de_bogota,2025-12-11,13925841.8656
colombia,banco_de_bogota,2025-12-12,13890316.7588
colombia,banco_de_bogota,2025-12-15,13854791.652
colombia,banco_de_bogota,2025-12-16,13577695.819
colombia,banco_de_bogota,2025-12-17,13613220.9258
colombia,banco_de_bogota,2025-12-18,13641641.0112
colombia,banco_de_bogota,2025-12-19,13641641.0112
colombia,banco_de_bogota,2025-12-22,13627430.9685
colombia,banco_de_bogota,2025-12-23,14174517.6132
colombia,banco_de_bogota,2025-12-24,14174517.6132
colombia,banco_de_bogota,2025-12-26,14210042.72
colombia,banco_de_bogota,2025-12-29,14245567.8268
colombia,banco_de_bogota,2025-12-30,14131887.485
colombia,banco_de_bogota,2026-01-02,13826371.5666
colombia,banco_de_bogota,2026-01-05,13961366.9724
colombia,banco_de_bogota,2026-01-06,13961366.9724
colombia,banco_de_bogota,2026-01-07,13961366.9724
colombia,banco_de_bogota,2026-01-08,13961366.9724
colombia,banco_de_bogota,2026-01-09,13854791.652
colombia,banco_de_bogota,2026-01-13,13790846.4598
colombia,banco_de_bogota,2026-01-14,14124782.4637
colombia,banco_de_bogota,2026-01-15,14202937.6986
colombia,banco_de_bogota,2026-01-16,14558188.7666
colombia,banco_de_bogota,2026-01-19,14991595.0696
colombia,banco_de_bogota,2026-01-20,15204745.7104
colombia,banco_de_bogota,2026-01-21,15559996.7784
colombia,banco_de_bogota,2026-01-22,15275795.924
colombia,banco_de_bogota,2026-01-23,15425001.3726
colombia,banco_de_bogota,2026-01-26,15616836.9493
colombia,banco_de_bogota,2026-01-27,15623941.9706
colombia,banco_de_bogota,2026-01-28,15595521.8852
colombia,banco_de_bogota,2026-01-29,15240270.8172
colombia,banco_de_bogota,2026-01-30,15240270.8172
colombia,banco_de_bogota,2026-02-02,14892124.7706
colombia,banco_de_bogota,2026-02-03,14920544.856
colombia,banco_de_bogota,2026-02-04,14771339.4074
colombia,banco_de_bogota,2026-02-05,14401878.2967
colombia,banco_de_bogota,2026-02-06,14458718.4676
colombia,banco_de_bogota,2026-02-09,14671869.1084
colombia,banco_de_bogota,2026-02-10,14707394.2152
colombia,banco_de_bogota,2026-02-11,14586608.8521
colombia,banco_de_bogota,2026-02-12,14281092.9336
colombia,banco_de_bogota,2026-02-13,14565293.788
colombia,banco_de_bogota,2026-02-16,14565293.788
colombia,banco_de_bogota,2026-02-17,14217147.7414
colombia,banco_de_bogota,2026-02-18,14707394.2152
colombia,banco_de_bogota,2026-02-19,15027120.1764
colombia,banco_de_bogota,2026-02-20,14920544.856
colombia,banco_de_bogota,2026-02-23,14920544.856
colombia,banco_de_bogota,2026-02-24,14671869.1084
colombia,banco_de_bogota,2026-02-25,14742919.322
colombia,banco_de_bogota,2026-02-26,14558188.7666
colombia,banco_de_bogota,2026-02-27,14742919.322
colombia,banco_de_bogota,2026-03-02,13925841.8656
colombia,banco_de_bogota,2026-03-03,13705586.2034
colombia,banco_de_bogota,2026-03-04,13819266.5452
colombia,banco_de_bogota,2026-03-05,14231357.7841
colombia,banco_de_bogota,2026-03-06,13250864.8364
colombia,banco_de_bogota,2026-03-09,14188727.6559
colombia,banco_de_bogota,2026-03-10,14245567.8268
colombia,banco_de_bogota,2026-03-11,14210042.72
colombia,banco_de_bogota,2026-03-12,13861896.6734
colombia,banco_de_bogota,2026-03-13,13499540.584
colombia,banco_de_bogota,2026-03-16,13961366.9724
colombia,banco_de_bogota,2026-03-17,13925841.8656
colombia,banco_de_bogota,2026-03-18,13925841.8656
colombia,banco_de_bogota,2026-03-19,13329020.0714
colombia,banco_de_bogota,2026-03-20,12149586.5256
colombia,banco_de_bogota,2026-03-24,13279284.9218
colombia,banco_de_bogota,2026-03-25,13584800.8403
colombia,banco_de_bogota,2026-03-26,13748216.3316
colombia,banco_de_bogota,2026-03-27,13002189.0888
colombia,banco_de_bogota,2026-03-30,13329020.0714
colombia,banco_de_bogota,2026-03-31,13272179.9005
colombia,banco_de_bogota,2026-04-01,13499540.584
colombia,banco_de_bogota,2026-04-06,13712691.2248
colombia,banco_de_bogota,2026-04-07,13535065.6908
colombia,banco_de_bogota,2026-04-08,13826371.5666
colombia,banco_de_bogota,2026-04-09,13847686.6306
colombia,banco_de_bogota,2026-04-10,14039522.2074
colombia,banco_de_bogota,2026-04-13,14210042.72
colombia,banco_de_bogota,2026-04-14,14316618.0404
colombia,banco_de_bogota,2026-04-15,14181622.6346
colombia,banco_de_bogota,2026-04-16,14316618.0404
colombia,banco_de_bogota,2026-04-17,14167412.5918
colombia,banco_de_bogota,2026-04-20,14174517.6132
colombia,banco_de_bogota,2026-04-21,14075047.3142
colombia,banco_de_bogota,2026-04-22,14025312.1646
colombia,banco_de_bogota,2026-04-23,13719796.2462
colombia,banco_de_bogota,2026-04-24,13790846.4598
colombia,banco_de_bogota,2026-04-27,13634535.9898
colombia,banco_de_bogota,2026-04-28,13350335.1354
colombia,banco_de_bogota,2026-04-29,13364545.1782
colombia,banco_de_bogota,2026-04-30,13485330.5413
colombia,banco_de_bogota,2026-05-04,13172709.6014
colombia,banco_de_bogota,2026-05-05,13307705.0073
colombia,banco_de_bogota,2026-05-06,13321915.05
colombia,banco_de_bogota,2026-05-07,13165604.5801
colombia,banco_de_bogota,2026-05-08,13286389.9432
colombia,banco_de_bogota,2026-05-11,13151394.5374
colombia,banco_de_bogota,2026-05-12,12995084.0674
colombia,banco_de_bogota,2026-05-13,12838773.5975
colombia,banco_de_bogota,2026-05-14,13066134.281
colombia,banco_de_bogota,2026-05-15,13009294.1102
colombia,banco_de_bogota,2026-05-19,12824563.5548
colombia,banco_de_bogota,2026-05-20,12646938.0208
colombia,banco_de_bogota,2026-05-21,12618517.9354
colombia,banco_de_bogota,2026-05-22,12767723.3839
colombia,banco_de_bogota,2026-05-25,12838773.5975
colombia,banco_de_bogota,2026-05-26,13122974.4519
colombia,banco_de_bogota,2026-05-27,12952453.9393
colombia,banco_de_bogota,2026-05-28,12831668.5762
colombia,banco_de_bogota,2026-05-29,12611412.914
colombia,banco_de_bogota,2026-06-01,13329020.0714
colombia,banco_de_bogota,2026-06-02,13492435.5626
colombia,banco_de_bogota,2026-06-03,13641641.0112
colombia,banco_de_bogota,2026-06-04,13790846.4598
colombia,banco_de_bogota,2026-06-05,13400070.285
colombia,banco_de_bogota,2026-06-09,13499540.584
colombia,banco_de_bogota,2026-06-10,13478225.5199
colombia,banco_de_bogota,2026-06-11,13854791.652
colombia,banco_de_bogota,2026-06-12,14494243.5744
colombia,banco_de_bogota,2026-06-16,14075047.3142
colombia,banco_de_bogota,2026-06-17,14217147.7414
colombia,banco_de_bogota,2026-06-18,14167412.5918
colombia,banco_de_bogota,2026-06-19,14195832.6773
colombia,banco_de_bogota,2026-06-22,13854791.652
colombia,banco_de_bogota,2026-06-23,13648746.0326
colombia,banco_de_bogota,2026-06-24,13641641.0112
colombia,banco_de_bogota,2026-06-25,13655851.0539
colombia,banco_de_bogota,2026-06-26,13712691.2248
colombia,banco_de_bogota,2026-06-30,13343230.1141
colombia,banco_de_bogota,2026-07-01,13321915.05
colombia,banco_de_bogota,2026-07-02,13279284.9218
colombia,banco_de_bogota,2026-07-03,13563485.7762
colombia,banco_de_bogota,2026-07-06,13272179.9005
colombia,banco_de_bogota,2026-07-07,13385860.2422
colombia,banco_de_bogota,2026-07-08,13201129.6869
colombia,banco_de_bogota,2026-07-09,13115869.4306
colombia,banco_de_bogota,2026-07-10,13456910.4558
colombia,banco_de_bogota,2026-07-14,13321915.05
colombia,banco_de_bogota,2026-07-15,13392965.2636
colombia,banco_de_bogota,2026-07-16,13456910.4558
colombia,banco_de_bogota,2026-07-17,13329020.0714
colombia,banco_de_bogota,2026-07-21,13456910.4558
colombia,banco_de_bogota,2026-07-22,13435595.3918
colombia,banco_de_bogota,2026-07-23,13300599.9859
colombia,banco_de_bogota,2026-07-24,13179814.6228
colombia,banco_de_bogota,2026-07-27,13336125.0927
colombia,banco_de_bogota,2026-07-28,13314810.0286
colombia,banco_de_bogota,2026-07-29,13307705.0073
colombia,banco_de_bogota,2026-07-30,13321915.05
colombia,banco_de_bogota,2026-07-31,13755321.353
colombia,banco_de_bogota,2026-08-03,13783741.4384
colombia,banco_de_bogota,2026-08-04,13783741.4384
colombia,banco_de_bogota,2026-08-05,13755321.353
colombia,banco_de_bogota,2026-08-06,13819266.5452
colombia,banco_de_bogota,2026-08-10,13854791.652
colombia,banco_de_bogota,2026-08-11,13890316.7588
colombia,banco_de_bogota,2026-08-12,13989787.0578
colombia,banco_de_bogota,2026-08-13,13876106.7161
colombia,banco_de_bogota,2026-08-14,13613220.9258
colombia,banco_de_bogota,2026-08-18,13797951.4811
colombia,banco_de_bogota,2026-08-19,13819266.5452
colombia,banco_de_bogota,2026-08-20,13719796.2462
colombia,banco_de_bogota,2026-08-21,13854791.652
colombia,banco_de_bogota,2026-08-24,14174517.6132
colombia,banco_de_bogota,2026-08-25,14167412.5918
colombia,banco_de_bogota,2026-08-26,14210042.72
colombia,banco_de_bogota,2026-08-27,14025312.1646
colombia,davivienda,2010-10-04,419354.0
colombia,davivienda,2010-10-05,8969093.0103
colombia,davivienda,2010-10-06,9230249.4946
colombia,davivienda,2010-10-07,9091510.1123
colombia,davivienda,2010-10-08,9083348.9722
colombia,davivienda,2010-10-11,9058865.5518
colombia,davivienda,2010-10-12,8977253.6469
colombia,davivienda,2010-10-13,8862997.6913
colombia,davivienda,2010-10-14,8748741.7358
colombia,davivienda,2010-10-15,8773225.1549
colombia,davivienda,2010-10-19,8969092.5072
colombia,davivienda,2010-10-20,9083348.4627
colombia,davivienda,2010-10-21,9091509.6024
colombia,davivienda,2010-10-22,9115993.0214
colombia,davivienda,2010-10-25,8960931.3675
colombia,davivienda,2010-10-26,8936447.9485
colombia,davivienda,2010-10-27,8846675.412
colombia,davivienda,2010-10-28,8911964.5294
colombia,davivienda,2010-10-29,8977253.6469
colombia,davivienda,2010-11-02,8993575.9262
colombia,davivienda,2010-11-03,9026220.4849
colombia,davivienda,2010-11-04,9303699.234
colombia,davivienda,2010-11-05,9385310.6308
colombia,davivienda,2010-11-08,9450599.7482
colombia,davivienda,2010-11-09,9483244.3069
colombia,davivienda,2010-11-10,9336343.7927
colombia,davivienda,2010-11-11,9124154.1611
colombia,davivienda,2010-11-12,8993575.9262
colombia,davivienda,2010-11-16,8773225.1549
colombia,davivienda,2010-11-17,9099670.742
colombia,davivienda,2010-11-18,9197604.4182
colombia,davivienda,2010-11-19,9001737.0659
colombia,davivienda,2010-11-22,9009898.2056
colombia,davivienda,2010-11-23,8969092.5072
colombia,davivienda,2010-11-24,9099670.742
colombia,davivienda,2010-11-25,9197604.4182
colombia,davivienda,2010-11-26,9156798.7198
colombia,davivienda,2010-11-29,9075187.323
colombia,davivienda,2010-11-30,9140476.4404
colombia,davivienda,2010-12-01,9181282.1388
colombia,davivienda,2010-12-02,9303699.234
colombia,davivienda,2010-12-03,9303699.234
colombia,davivienda,2010-12-06,9295538.0943
colombia,davivienda,2010-12-07,9320021.5134
colombia,davivienda,2010-12-09,9303699.234
colombia,davivienda,2010-12-10,9303699.234
colombia,davivienda,2010-12-13,9426116.3292
colombia,davivienda,2010-12-14,9303699.234
colombia,davivienda,2010-12-15,9262893.5356
colombia,davivienda,2010-12-16,9344504.9324
colombia,davivienda,2010-12-17,9328182.653
colombia,davivienda,2010-12-20,9352666.0721
colombia,davivienda,2010-12-21,9344504.9324
colombia,davivienda,2010-12-22,9377149.4911
colombia,davivienda,2010-12-23,9417955.1895
colombia,davivienda,2010-12-24,9393471.7705
colombia,davivienda,2010-12-27,9507727.726
colombia,davivienda,2010-12-28,9262893.5356
colombia,davivienda,2010-12-29,9262893.5356
colombia,davivienda,2010-12-30,9377149.4911
colombia,davivienda,2011-01-03,9132315.3008
colombia,davivienda,2011-01-04,9164959.8595
colombia,davivienda,2011-01-05,9083348.4627
colombia,davivienda,2011-01-06,9018059.3452
colombia,davivienda,2011-01-07,9132315.3008
colombia,davivienda,2011-01-11,9050703.904
colombia,davivienda,2011-01-12,9107831.8817
colombia,davivienda,2011-01-13,9132315.3008
colombia,davivienda,2011-01-14,9156798.7198
colombia,davivienda,2011-01-17,9173120.9991
colombia,davivienda,2011-01-18,9140476.4404
colombia,davivienda,2011-01-19,8911964.5294
colombia,davivienda,2011-01-20,8895642.2501
colombia,davivienda,2011-01-21,9018059.3452
colombia,davivienda,2011-01-24,9018059.3452
colombia,davivienda,2011-01-25,8977253.6469
colombia,davivienda,2011-01-26,9058865.0436
colombia,davivienda,2011-01-27,9075187.323
colombia,davivienda,2011-01-28,8985414.7865
colombia,davivienda,2011-01-31,8977253.6469
colombia,davivienda,2011-02-01,8862997.6913
colombia,davivienda,2011-02-02,8854836.5517
colombia,davivienda,2011-02-03,8814030.8533
colombia,davivienda,2011-02-04,8903803.3897
colombia,davivienda,2011-02-07,8862997.6913
colombia,davivienda,2011-02-08,8822191.993
colombia,davivienda,2011-02-09,8838514.2723
colombia,davivienda,2011-02-10,8846675.412
colombia,davivienda,2011-02-11,8920125.6691
colombia,davivienda,2011-02-14,8871158.831
colombia,davivienda,2011-02-15,8854836.5517
colombia,davivienda,2011-02-16,8830353.1326
colombia,davivienda,2011-02-17,8830353.1326
colombia,davivienda,2011-02-18,8854836.5517
colombia,davivienda,2011-02-21,8854836.5517
colombia,davivienda,2011-02-22,8854836.5517
colombia,davivienda,2011-02-23,8920125.6691
colombia,davivienda,2011-02-24,8920125.6691
colombia,davivienda,2011-02-25,8911964.5294
colombia,davivienda,2011-02-28,8903803.3897
colombia,davivienda,2011-03-01,8985414.7865
colombia,davivienda,2011-03-02,8977253.6469
colombia,davivienda,2011-03-03,9009898.2056
colombia,davivienda,2011-03-04,8985414.7865
colombia,davivienda,2011-03-07,8977253.6469
colombia,davivienda,2011-03-08,8977253.6469
colombia,davivienda,2011-03-09,8993575.9262
colombia,davivienda,2011-03-10,8895642.2501
colombia,davivienda,2011-03-11,8854836.5517
colombia,davivienda,2011-03-14,8814030.8533
colombia,davivienda,2011-03-15,8667130.3391
colombia,davivienda,2011-03-16,8667130.3391
colombia,davivienda,2011-03-17,8667130.3391
colombia,davivienda,2011-03-18,8814030.8533
colombia,davivienda,2011-03-22,8814030.8533
colombia,davivienda,2011-03-23,8805869.7136
colombia,davivienda,2011-03-24,8797708.5739
colombia,davivienda,2011-03-25,8765064.0152
colombia,davivienda,2011-03-28,8716097.1771
colombia,davivienda,2011-03-29,8577358.2837
colombia,davivienda,2011-03-30,8561036.0034
colombia,davivienda,2011-03-31,8389652.0605
colombia,davivienda,2011-04-01,8463102.3218
colombia,davivienda,2011-04-04,8446780.0415
colombia,davivienda,2011-04-05,8561036.0034
colombia,davivienda,2011-04-06,8561036.0034
colombia,davivienda,2011-04-07,8512069.1626
colombia,davivienda,2011-04-08,8454941.1816
colombia,davivienda,2011-04-11,8446780.0415
colombia,davivienda,2011-04-12,8340685.2197
colombia,davivienda,2011-04-13,8275396.0986
colombia,davivienda,2011-04-14,8152978.9966
colombia,davivienda,2011-04-15,8226429.2578
colombia,davivienda,2011-04-18,8201945.8374
colombia,davivienda,2011-04-19,8201945.8374
colombia,davivienda,2011-04-20,8512069.1626
colombia,davivienda,2011-04-25,8569197.1436
colombia,davivienda,2011-04-26,8528391.4429
colombia,davivienda,2011-04-27,8528391.4429
colombia,davivienda,2011-04-28,8569197.1436
colombia,davivienda,2011-04-29,8569197.1436
colombia,davivienda,2011-05-02,8569197.1436
colombia,davivienda,2011-05-03,8520230.3027
colombia,davivienda,2011-05-04,8528391.4429
colombia,davivienda,2011-05-05,8487585.7422
colombia,davivienda,2011-05-06,8569197.1436
colombia,davivienda,2011-05-09,8732419.9463
colombia,davivienda,2011-05-10,8854837.0483
colombia,davivienda,2011-05-11,8805870.2075
colombia,davivienda,2011-05-12,8895642.749
colombia,davivienda,2011-05-13,8977254.1504
colombia,davivienda,2011-05-16,8993576.4307
colombia,davivienda,2011-05-17,9009898.7109
colombia,davivienda,2011-05-18,8977254.1504
colombia,davivienda,2011-05-19,9034382.1313
colombia,davivienda,2011-05-20,9058865.5518
colombia,davivienda,2011-05-23,9083348.9722
colombia,davivienda,2011-05-24,9075187.832
colombia,davivienda,2011-05-25,9067026.6919
colombia,davivienda,2011-05-26,9018059.8511
colombia,davivienda,2011-05-27,9099671.2524
colombia,davivienda,2011-05-30,9140476.9531
colombia,davivienda,2011-05-31,9140476.9531
colombia,davivienda,2011-06-01,9181282.6538
colombia,davivienda,2011-06-02,9164960.3735
colombia,davivienda,2011-06-03,9295538.6157
colombia,davivienda,2011-06-07,9328183.1763
colombia,davivienda,2011-06-08,9352666.5967
colombia,davivienda,2011-06-09,9360827.7368
colombia,davivienda,2011-06-10,9303699.7559
colombia,davivienda,2011-06-13,9262894.0552
colombia,davivienda,2011-06-14,9222088.3545
colombia,davivienda,2011-06-15,9181282.6538
colombia,davivienda,2011-06-16,9303699.7559
colombia,davivienda,2011-06-17,9287377.4756
colombia,davivienda,2011-06-20,9344505.4565
colombia,davivienda,2011-06-21,9344505.4565
colombia,davivienda,2011-06-22,9360827.7368
colombia,davivienda,2011-06-23,9344505.4565
colombia,davivienda,2011-06-24,9271055.1953
colombia,davivienda,2011-06-28,9107832.3926
colombia,davivienda,2011-06-29,9042543.2715
colombia,davivienda,2011-06-30,8936448.4497
colombia,davivienda,2011-07-01,8814031.3477
colombia,davivienda,2011-07-05,8895642.749
colombia,davivienda,2011-07-06,8895642.749
colombia,davivienda,2011-07-07,8944609.5898
colombia,davivienda,2011-07-08,8903803.8892
colombia,davivienda,2011-07-11,8610002.8442
colombia,davivienda,2011-07-12,8618163.9844
colombia,davivienda,2011-07-13,8789547.9272
colombia,davivienda,2011-07-14,8724258.8062
colombia,davivienda,2011-07-15,8716097.666
colombia,davivienda,2011-07-18,8691614.2456
colombia,davivienda,2011-07-19,8936448.4497
colombia,davivienda,2011-07-21,9140476.9531
colombia,davivienda,2011-07-22,9140476.9531
colombia,davivienda,2011-07-25,9115993.5327
colombia,davivienda,2011-07-26,9164960.3735
colombia,davivienda,2011-07-27,9042543.2715
colombia,davivienda,2011-07-28,9018059.8511
colombia,davivienda,2011-07-29,8862998.1885
colombia,davivienda,2011-08-01,8960931.8701
colombia,davivienda,2011-08-02,9132315.813
colombia,davivienda,2011-08-03,8952770.73
colombia,davivienda,2011-08-04,8797709.0674
colombia,davivienda,2011-08-05,8667130.8252
colombia,davivienda,2011-08-08,8487585.7422
colombia,davivienda,2011-08-09,8854837.0483
colombia,davivienda,2011-08-10,8871159.3286
colombia,davivienda,2011-08-11,8895642.749
colombia,davivienda,2011-08-12,8920126.1694
colombia,davivienda,2011-08-16,8740581.0864
colombia,davivienda,2011-08-17,8569197.1436
colombia,davivienda,2011-08-18,8454941.1816
colombia,davivienda,2011-08-19,8479424.6021
colombia,davivienda,2011-08-22,8479424.6021
colombia,davivienda,2011-08-23,8675291.9653
colombia,davivienda,2011-08-24,8773225.647
colombia,davivienda,2011-08-25,8740581.0864
colombia,davivienda,2011-08-26,8691614.2456
colombia,davivienda,2011-08-29,8626325.1245
colombia,davivienda,2011-08-30,8610002.8442
colombia,davivienda,2011-08-31,8569197.1436
colombia,davivienda,2011-09-01,8528391.4429
colombia,davivienda,2011-09-02,8528391.4429
colombia,davivienda,2011-09-05,8479424.6021
colombia,davivienda,2011-09-06,8422296.6211
colombia,davivienda,2011-09-07,8430457.7612
colombia,davivienda,2011-09-08,8373329.7803
colombia,davivienda,2011-09-09,8365168.6401
colombia,davivienda,2011-09-12,8201945.8374
colombia,davivienda,2011-09-13,8193784.6973
colombia,davivienda,2011-09-14,8201945.8374
colombia,davivienda,2011-09-15,8193784.6973
colombia,davivienda,2011-09-16,8226429.2578
colombia,davivienda,2011-09-19,8201945.8374
colombia,davivienda,2011-09-20,8357007.5
colombia,davivienda,2011-09-21,8291718.3789
colombia,davivienda,2011-09-22,8161140.1367
colombia,davivienda,2011-09-23,8161140.1367
colombia,davivienda,2011-09-26,8136656.7163
colombia,davivienda,2011-09-27,8201945.8374
colombia,davivienda,2011-09-28,8201945.8374
colombia,davivienda,2011-09-29,8283557.2388
colombia,davivienda,2011-09-30,8283557.2388
colombia,davivienda,2011-10-03,8120334.436
colombia,davivienda,2011-10-04,8120334.436
colombia,davivienda,2011-10-05,8161140.1367
colombia,davivienda,2011-10-06,8128495.5762
colombia,davivienda,2011-10-07,8152978.9966
colombia,davivienda,2011-10-10,8169301.2769
colombia,davivienda,2011-10-11,8177462.417
colombia,davivienda,2011-10-12,8226429.2578
colombia,davivienda,2011-10-13,8324362.9395
colombia,davivienda,2011-10-14,8397813.2007
colombia,davivienda,2011-10-18,8365168.6401
colombia,davivienda,2011-10-19,8299879.519
colombia,davivienda,2011-10-20,8210106.9775
colombia,davivienda,2011-10-21,8242751.5381
colombia,davivienda,2011-10-24,8259073.8184
colombia,davivienda,2011-10-25,8242751.5381
colombia,davivienda,2011-10-26,8275396.0986
colombia,davivienda,2011-10-27,8340685.2197
colombia,davivienda,2011-10-28,8308040.6592
colombia,davivienda,2011-10-31,8250912.6782
colombia,davivienda,2011-11-01,8275396.0986
colombia,davivienda,2011-11-02,8283557.2388
colombia,davivienda,2011-11-03,8283557.2388
colombia,davivienda,2011-11-04,8210106.9775
colombia,davivienda,2011-11-08,8234590.3979
colombia,davivienda,2011-11-09,8242751.5381
colombia,davivienda,2011-11-10,8242751.5381
colombia,davivienda,2011-11-11,8177462.417
colombia,davivienda,2011-11-15,8079528.7354
colombia,davivienda,2011-11-16,8152978.9966
colombia,davivienda,2011-11-17,8267234.9585
colombia,davivienda,2011-11-18,8210106.9775
colombia,davivienda,2011-11-21,8193784.6973
colombia,davivienda,2011-11-22,8161140.1367
colombia,davivienda,2011-11-23,8169301.2769
colombia,davivienda,2011-11-24,8152978.9966
colombia,davivienda,2011-11-25,8152978.9966
colombia,davivienda,2011-11-28,8161140.1367
colombia,davivienda,2011-11-29,8201945.8374
colombia,davivienda,2011-11-30,8242751.5381
colombia,davivienda,2011-12-01,8308040.6592
colombia,davivienda,2011-12-02,8299879.519
colombia,davivienda,2011-12-05,8161140.1367
colombia,davivienda,2011-12-06,8136656.7163
colombia,davivienda,2011-12-07,8128495.5762
colombia,davivienda,2011-12-09,8316201.7993
colombia,davivienda,2011-12-12,8201945.8374
colombia,davivienda,2011-12-13,8250912.6782
colombia,davivienda,2011-12-14,8161140.1367
colombia,davivienda,2011-12-15,8886210.0964
colombia,davivienda,2011-12-16,8886210.0964
colombia,davivienda,2011-12-19,8886210.0964
colombia,davivienda,2011-12-20,8921719.4275
colombia,davivienda,2011-12-21,8921719.4275
colombia,davivienda,2011-12-22,8957228.7585
colombia,davivienda,2011-12-23,9143652.7466
colombia,davivienda,2011-12-26,9170284.7449
colombia,davivienda,2011-12-27,9117020.7483
colombia,davivienda,2011-12-28,9054879.4189
colombia,davivienda,2011-12-29,9259058.0725
colombia,davivienda,2011-12-30,9259058.0725
colombia,davivienda,2012-01-02,9161407.4121
colombia,davivienda,2012-01-03,9205794.0759
colombia,davivienda,2012-01-04,9274780.0415
colombia,davivienda,2012-01-05,9276812.1002
colombia,davivienda,2012-01-06,9232425.4395
colombia,davivienda,2012-01-10,9232425.4395
colombia,davivienda,2012-01-11,9205793.443
colombia,davivienda,2012-01-12,9081510.7928
colombia,davivienda,2012-01-13,9188038.7787
colombia,davivienda,2012-01-16,9143652.1179
colombia,davivienda,2012-01-17,9241302.7716
colombia,davivienda,2012-01-18,9179161.4465
colombia,davivienda,2012-01-19,9223548.1073
colombia,davivienda,2012-01-20,9179161.4465
colombia,davivienda,2012-01-23,9179161.4465
colombia,davivienda,2012-01-24,9063756.1285
colombia,davivienda,2012-01-25,8903964.1498
colombia,davivienda,2012-01-26,8877332.1533
colombia,davivienda,2012-01-27,8664276.1816
colombia,davivienda,2012-01-30,8779681.4996
colombia,davivienda,2012-01-31,8788558.8318
colombia,davivienda,2012-02-01,8735294.8389
colombia,davivienda,2012-02-02,8770804.1675
colombia,davivienda,2012-02-03,8806313.4961
colombia,davivienda,2012-02-06,8735294.8389
colombia,davivienda,2012-02-07,8832945.4926
colombia,davivienda,2012-02-08,9010492.1356
colombia,davivienda,2012-02-09,8930596.1462
colombia,davivienda,2012-02-10,8930596.1462
colombia,davivienda,2012-02-13,8921718.8141
colombia,davivienda,2012-02-14,8930596.1462
colombia,davivienda,2012-02-15,8912841.4819
colombia,davivienda,2012-02-16,9010492.1356
colombia,davivienda,2012-02-17,9001614.8035
colombia,davivienda,2012-02-20,9010492.1356
colombia,davivienda,2012-02-21,9106760.5197
colombia,davivienda,2012-02-22,9070836.4151
colombia,davivienda,2012-02-23,9115741.5459
colombia,davivienda,2012-02-24,9088798.4674
colombia,davivienda,2012-02-27,9043893.3366
colombia,davivienda,2012-02-28,9061855.3889
colombia,davivienda,2012-02-29,9061855.3889
colombia,davivienda,2012-03-01,9043893.3366
colombia,davivienda,2012-03-02,9106760.5197
colombia,davivienda,2012-03-05,9034912.3105
colombia,davivienda,2012-03-06,8900196.9182
colombia,davivienda,2012-03-07,8963064.1013
colombia,davivienda,2012-03-08,8954083.0751
colombia,davivienda,2012-03-09,8927139.9966
colombia,davivienda,2012-03-12,8891215.892
colombia,davivienda,2012-03-13,9052874.3628
colombia,davivienda,2012-03-14,8981026.1536
colombia,davivienda,2012-03-15,9043893.3366
colombia,davivienda,2012-03-16,8998988.2059
colombia,davivienda,2012-03-20,9016950.2582
colombia,davivienda,2012-03-21,8981026.1536
colombia,davivienda,2012-03-22,8981026.1536
colombia,davivienda,2012-03-23,8945102.049
colombia,davivienda,2012-03-26,8891215.892
colombia,davivienda,2012-03-27,8936121.0228
colombia,davivienda,2012-03-28,8945102.049
colombia,davivienda,2012-03-29,8936121.0228
colombia,davivienda,2012-03-30,8684652.2905
colombia,davivienda,2012-04-02,8810386.6566
colombia,davivienda,2012-04-03,8792424.6043
colombia,davivienda,2012-04-04,8765481.5259
colombia,davivienda,2012-04-09,8846310.7613
colombia,davivienda,2012-04-10,8945102.049
colombia,davivienda,2012-04-11,8918158.9705
colombia,davivienda,2012-04-12,8927139.9966
colombia,davivienda,2012-04-13,8972045.1274
colombia,davivienda,2012-04-16,8972045.1274
colombia,davivienda,2012-04-17,9025931.2843
colombia,davivienda,2012-04-18,9106760.5197
colombia,davivienda,2012-04-19,8936121.0228
colombia,davivienda,2012-04-20,9025931.2843
colombia,davivienda,2012-04-23,8963064.1013
colombia,davivienda,2012-04-24,9043893.3366
colombia,davivienda,2012-04-25,9016950.2582
colombia,davivienda,2012-04-26,9016950.2582
colombia,davivienda,2012-04-27,9070836.4151
colombia,davivienda,2012-04-30,9151665.6505
colombia,davivienda,2012-05-02,9466001.5659
colombia,davivienda,2012-05-03,9430077.4612
colombia,davivienda,2012-05-04,9474982.592
colombia,davivienda,2012-05-07,9466001.5659
colombia,davivienda,2012-05-08,9349248.2259
colombia,davivienda,2012-05-09,9259437.9643
colombia,davivienda,2012-05-10,9430077.4612
colombia,davivienda,2012-05-11,9474982.592
colombia,davivienda,2012-05-14,9376191.3043
colombia,davivienda,2012-05-15,9403134.3828
colombia,davivienda,2012-05-16,9924033.8997
colombia,davivienda,2012-05-17,9843204.6643
colombia,davivienda,2012-05-18,9897090.8212
colombia,davivienda,2012-05-22,9798299.5335
colombia,davivienda,2012-05-23,10127288.5602
colombia,davivienda,2012-05-24,10172989.3208
colombia,davivienda,2012-05-25,10163849.1687
colombia,davivienda,2012-05-28,10163849.1687
colombia,davivienda,2012-05-29,10090727.9517
colombia,davivienda,2012-05-30,10054167.3431
colombia,davivienda,2012-05-31,10273530.9943
colombia,davivienda,2012-06-01,10008466.5825
colombia,davivienda,2012-06-04,9706841.5622
colombia,davivienda,2012-06-05,9825663.5399
colombia,davivienda,2012-06-06,9807383.2356
colombia,davivienda,2012-06-07,9743402.1707
colombia,davivienda,2012-06-08,10045027.191
colombia,davivienda,2012-06-12,10099868.1038
colombia,davivienda,2012-06-13,10145568.8644
colombia,davivienda,2012-06-14,10182129.473
colombia,davivienda,2012-06-15,10163849.1687
colombia,davivienda,2012-06-19,10054167.3431
colombia,davivienda,2012-06-20,9981046.1261
colombia,davivienda,2012-06-21,9935345.3654
colombia,davivienda,2012-06-22,9816523.3878
colombia,davivienda,2012-06-25,9551458.976
colombia,davivienda,2012-06-26,9414356.694
colombia,davivienda,2012-06-27,9770822.6271
colombia,davivienda,2012-06-28,9697701.4101
colombia,davivienda,2012-06-29,10054167.3431
colombia,davivienda,2012-07-03,10045027.191
colombia,davivienda,2012-07-04,9770822.6271
colombia,davivienda,2012-07-05,9944485.5176
colombia,davivienda,2012-07-06,10054167.3431
colombia,davivienda,2012-07-09,9825663.5399
colombia,davivienda,2012-07-10,10054167.3431
colombia,davivienda,2012-07-11,10035887.0389
colombia,davivienda,2012-07-12,10035887.0389
colombia,davivienda,2012-07-13,10035887.0389
colombia,davivienda,2012-07-16,10045027.191
colombia,davivienda,2012-07-17,9999326.4304
colombia,davivienda,2012-07-18,10026746.8867
colombia,davivienda,2012-07-19,9962765.8218
colombia,davivienda,2012-07-23,9798243.0835
colombia,davivienda,2012-07-24,9862224.1484
colombia,davivienda,2012-07-25,9798243.0835
colombia,davivienda,2012-07-26,9789102.9314
colombia,davivienda,2012-07-27,9734262.0186
colombia,davivienda,2012-07-30,9834803.692
colombia,davivienda,2012-07-31,9898784.7569
colombia,davivienda,2012-08-01,9834803.692
colombia,davivienda,2012-08-02,9953625.6697
colombia,davivienda,2012-08-03,10054167.3431
colombia,davivienda,2012-08-06,9917065.0612
colombia,davivienda,2012-08-08,9843943.8441
colombia,davivienda,2012-08-09,9670280.9537
colombia,davivienda,2012-08-10,9917065.0612
colombia,davivienda,2012-08-13,9734262.0186
colombia,davivienda,2012-08-14,9734262.0186
colombia,davivienda,2012-08-15,9779962.7792
colombia,davivienda,2012-08-16,9706841.5622
colombia,davivienda,2012-08-17,9578879.4324
colombia,davivienda,2012-08-21,9588019.5845
colombia,davivienda,2012-08-22,9597159.7366
colombia,davivienda,2012-08-23,9752542.3228
colombia,davivienda,2012-08-24,9661140.8015
colombia,davivienda,2012-08-27,9642860.4973
colombia,davivienda,2012-08-28,9825663.5399
colombia,davivienda,2012-08-29,9825663.5399
colombia,davivienda,2012-08-30,9862224.1484
colombia,davivienda,2012-08-31,9825663.5399
colombia,davivienda,2012-09-03,9898784.7569
colombia,davivienda,2012-09-04,9743402.1707
colombia,davivienda,2012-09-05,9743402.1707
colombia,davivienda,2012-09-06,9880504.4527
colombia,davivienda,2012-09-07,10045027.191
colombia,davivienda,2012-09-10,9962765.8218
colombia,davivienda,2012-09-11,9953625.6697
colombia,davivienda,2012-09-12,9907924.9091
colombia,davivienda,2012-09-13,9935345.3654
colombia,davivienda,2012-09-14,10054167.3431
colombia,davivienda,2012-09-17,10090727.9517
colombia,davivienda,2012-09-18,9953625.6697
colombia,davivienda,2012-09-19,9999326.4304
colombia,davivienda,2012-09-20,10099868.1038
colombia,davivienda,2012-09-21,10081587.7995
colombia,davivienda,2012-09-24,10054167.3431
colombia,davivienda,2012-09-25,10035887.0389
colombia,davivienda,2012-09-26,9871364.3005
colombia,davivienda,2012-09-27,9935345.3654
colombia,davivienda,2012-09-28,9917065.0612
colombia,davivienda,2012-10-01,9935345.3654
colombia,davivienda,2012-10-02,9944485.5176
colombia,davivienda,2012-10-03,9917065.0612
colombia,davivienda,2012-10-04,9971905.974
colombia,davivienda,2012-10-05,10026746.8867
colombia,davivienda,2012-10-08,9871364.3005
colombia,davivienda,2012-10-09,9834803.692
colombia,davivienda,2012-10-10,9898784.7569
colombia,davivienda,2012-10-11,9907924.9091
colombia,davivienda,2012-10-12,9889644.6048
colombia,davivienda,2012-10-16,9962765.8218
colombia,davivienda,2012-10-17,10145568.8644
colombia,davivienda,2012-10-18,10182129.473
colombia,davivienda,2012-10-19,10118148.4081
colombia,davivienda,2012-10-22,10209549.9294
colombia,davivienda,2012-10-23,10182129.473
colombia,davivienda,2012-10-24,10236970.3857
colombia,davivienda,2012-10-25,10511174.9496
colombia,davivienda,2012-10-26,10264390.8421
colombia,davivienda,2012-10-29,10364932.5156
colombia,davivienda,2012-10-30,10282671.1464
colombia,davivienda,2012-10-31,10328371.907
colombia,davivienda,2012-11-01,10282671.1464
colombia,davivienda,2012-11-02,10200409.7772
colombia,davivienda,2012-11-06,10054167.3431
colombia,davivienda,2012-11-07,10054167.3431
colombia,davivienda,2012-11-08,10099868.1038
colombia,davivienda,2012-11-09,10090727.9517
colombia,davivienda,2012-11-13,10182129.473
colombia,davivienda,2012-11-14,10227830.2336
colombia,davivienda,2012-11-15,10127288.5602
colombia,davivienda,2012-11-16,10218690.0815
colombia,davivienda,2012-11-19,10218690.0815
colombia,davivienda,2012-11-20,10145568.8644
colombia,davivienda,2012-11-21,10273530.9943
colombia,davivienda,2012-11-22,10145568.8644
colombia,davivienda,2012-11-23,10264390.8421
colombia,davivienda,2012-11-26,10182129.473
colombia,davivienda,2012-11-27,10264390.8421
colombia,davivienda,2012-11-28,10337512.0592
colombia,davivienda,2012-11-29,10419773.4283
colombia,davivienda,2012-11-30,10428913.5805
colombia,davivienda,2012-12-03,10410633.2762
colombia,davivienda,2012-12-04,10465474.189
colombia,davivienda,2012-12-05,10511174.9496
colombia,davivienda,2012-12-06,10511174.9496
colombia,davivienda,2012-12-07,10547735.5582
colombia,davivienda,2012-12-10,10629996.9273
colombia,davivienda,2012-12-11,10593436.3188
colombia,davivienda,2012-12-12,10575156.0146
colombia,davivienda,2012-12-13,10538595.406
colombia,davivienda,2012-12-14,10511174.9496
colombia,davivienda,2012-12-17,10483754.4933
colombia,davivienda,2012-12-18,10492894.6454
colombia,davivienda,2012-12-19,10648277.2316
colombia,davivienda,2012-12-20,10648277.2316
colombia,davivienda,2012-12-21,10648277.2316
colombia,davivienda,2012-12-24,10739678.7529
colombia,davivienda,2012-12-26,10739678.7529
colombia,davivienda,2012-12-27,10730538.6008
colombia,davivienda,2012-12-28,10730538.6008
colombia,davivienda,2013-01-02,10666557.5359
colombia,davivienda,2013-01-03,10721398.4486
colombia,davivienda,2013-01-04,10730538.6008
colombia,davivienda,2013-01-08,10556875.7103
colombia,davivienda,2013-01-09,10438053.7326
colombia,davivienda,2013-01-10,10492894.6454
colombia,davivienda,2013-01-11,10547735.5582
colombia,davivienda,2013-01-14,10547735.5582
colombia,davivienda,2013-01-15,10438053.7326
colombia,davivienda,2013-01-16,10556875.7103
colombia,davivienda,2013-01-17,10639137.0795
colombia,davivienda,2013-01-18,10785379.5135
colombia,davivienda,2013-01-21,10748818.905
colombia,davivienda,2013-01-22,10922481.7955
colombia,davivienda,2013-01-23,10949902.2519
colombia,davivienda,2013-01-24,10922481.7955
colombia,davivienda,2013-01-25,11041303.7732
colombia,davivienda,2013-01-28,11050443.9253
colombia,davivienda,2013-01-29,11013883.3168
colombia,davivienda,2013-01-30,11013883.3168
colombia,davivienda,2013-01-31,10968182.5562
colombia,davivienda,2013-02-01,11096144.686
colombia,davivienda,2013-02-04,11214966.6637
colombia,davivienda,2013-02-05,11352068.9456
colombia,davivienda,2013-02-06,11333788.6414
colombia,davivienda,2013-02-07,11214966.6637
colombia,davivienda,2013-02-08,11242387.1201
colombia,davivienda,2013-02-11,11278947.7286
colombia,davivienda,2013-02-12,11269807.5764
colombia,davivienda,2013-02-13,11333788.6414
colombia,davivienda,2013-02-14,11425190.1627
colombia,davivienda,2013-02-15,11873057.617
colombia,davivienda,2013-02-18,11726815.183
colombia,davivienda,2013-02-19,11653693.9659
colombia,davivienda,2013-02-20,11836497.0085
colombia,davivienda,2013-02-21,11799936.4
colombia,davivienda,2013-02-22,11836497.0085
colombia,davivienda,2013-02-25,11772515.9436
colombia,davivienda,2013-02-26,11790796.2479
colombia,davivienda,2013-02-27,11818216.7043
colombia,davivienda,2013-02-28,11836497.0085
colombia,davivienda,2013-03-01,11836497.0085
colombia,davivienda,2013-03-04,11882197.7692
colombia,davivienda,2013-03-05,11909618.2256
colombia,davivienda,2013-03-06,11882197.7692
colombia,davivienda,2013-03-07,11836497.0085
colombia,davivienda,2013-03-08,11882197.7692
colombia,davivienda,2013-03-11,11836497.0085
colombia,davivienda,2013-03-12,12019300.0511
colombia,davivienda,2013-03-13,11927898.5298
colombia,davivienda,2013-03-14,11918758.3777
colombia,davivienda,2013-03-15,11882197.7692
colombia,davivienda,2013-03-18,11845637.1606
colombia,davivienda,2013-03-19,11653693.9659
colombia,davivienda,2013-03-20,11763375.7915
colombia,davivienda,2013-03-21,11735955.3351
colombia,davivienda,2013-03-22,11754235.6393
colombia,davivienda,2013-03-26,11827356.8564
colombia,davivienda,2013-03-27,11882197.7692
colombia,davivienda,2013-04-01,11863917.4649
colombia,davivienda,2013-04-02,11790796.2479
colombia,davivienda,2013-04-03,11790796.2479
colombia,davivienda,2013-04-04,11799936.4
colombia,davivienda,2013-04-05,12019300.0511
colombia,davivienda,2013-04-08,11781656.0957
colombia,davivienda,2013-04-09,11790796.2479
colombia,davivienda,2013-04-10,11470890.9233
colombia,davivienda,2013-04-11,11598853.0531
colombia,davivienda,2013-04-12,11425190.1627
colombia,davivienda,2013-04-15,11233246.9679
colombia,davivienda,2013-04-16,11096144.686
colombia,davivienda,2013-04-17,11132705.2945
colombia,davivienda,2013-04-18,11416050.0105
colombia,davivienda,2013-04-19,11370349.2499
colombia,davivienda,2013-04-22,11333788.6414
colombia,davivienda,2013-04-23,11278947.7286
colombia,davivienda,2013-04-24,11480031.0754
colombia,davivienda,2013-04-25,11534871.9882
colombia,davivienda,2013-04-26,11489171.2276
colombia,davivienda,2013-04-29,11416050.0105
colombia,davivienda,2013-04-30,11160125.7509
colombia,davivienda,2013-05-02,11452610.619
colombia,davivienda,2013-05-03,11288087.8807
colombia,davivienda,2013-05-06,11352068.9456
colombia,davivienda,2013-05-07,11269807.5764
colombia,davivienda,2013-05-08,11278947.7286
colombia,davivienda,2013-05-09,11077864.3817
colombia,davivienda,2013-05-10,11187546.2073
colombia,davivienda,2013-05-14,11324648.4892
colombia,davivienda,2013-05-15,11425190.1627
colombia,davivienda,2013-05-16,11205826.5115
colombia,davivienda,2013-05-17,11461750.7712
colombia,davivienda,2013-05-20,11333788.6414
colombia,davivienda,2013-05-21,11059584.0775
colombia,davivienda,2013-05-22,11187546.2073
colombia,davivienda,2013-05-23,11169265.903
colombia,davivienda,2013-05-24,11059584.0775
colombia,davivienda,2013-05-27,11105284.8381
colombia,davivienda,2013-05-28,11132705.2945
colombia,davivienda,2013-05-29,11059584.0775
colombia,davivienda,2013-05-30,11105284.8381
colombia,davivienda,2013-05-31,11635413.6617
colombia,davivienda,2013-06-04,11114424.9902
colombia,davivienda,2013-06-05,11324648.4892
colombia,davivienda,2013-06-06,11196686.3594
colombia,davivienda,2013-06-07,11333788.6414
colombia,davivienda,2013-06-11,11178406.0551
colombia,davivienda,2013-06-12,11178406.0551
colombia,davivienda,2013-06-13,10968182.5562
colombia,davivienda,2013-06-14,10968182.5562
colombia,davivienda,2013-06-17,10840220.4263
colombia,davivienda,2013-06-18,10922481.2485
colombia,davivienda,2013-06-19,10876780.4901
colombia,davivienda,2013-06-20,10410632.7548
colombia,davivienda,2013-06-21,10474613.8165
colombia,davivienda,2013-06-24,10099867.598
colombia,davivienda,2013-06-25,10492894.1199
colombia,davivienda,2013-06-26,10511174.4232
colombia,davivienda,2013-06-27,10300950.9348
colombia,davivienda,2013-06-28,10584295.6366
colombia,davivienda,2013-07-02,10511174.4232
colombia,davivienda,2013-07-03,10502034.2715
colombia,davivienda,2013-07-04,10629996.395
colombia,davivienda,2013-07-05,10447193.3615
colombia,davivienda,2013-07-08,10419772.9065
colombia,davivienda,2013-07-09,10483753.9682
colombia,davivienda,2013-07-10,10236969.873
colombia,davivienda,2013-07-11,10172988.8113
colombia,davivienda,2013-07-12,10374072.1481
colombia,davivienda,2013-07-15,10730538.0634
colombia,davivienda,2013-07-16,10785378.9734
colombia,davivienda,2013-07-17,10739678.215
colombia,davivienda,2013-07-18,10913341.0968
colombia,davivienda,2013-07-19,10684837.305
colombia,davivienda,2013-07-22,10593435.7883
colombia,davivienda,2013-07-23,11141844.8886
colombia,davivienda,2013-07-24,10757958.5184
colombia,davivienda,2013-07-25,10858500.1868
colombia,davivienda,2013-07-26,10831079.7318
colombia,davivienda,2013-07-29,10803659.2767
colombia,davivienda,2013-07-30,10767098.67
colombia,davivienda,2013-07-31,10547735.0299
colombia,davivienda,2013-08-01,10739678.215
colombia,davivienda,2013-08-02,10867640.3384
colombia,davivienda,2013-08-05,10949901.7035
colombia,davivienda,2013-08-06,10959041.8552
colombia,davivienda,2013-08-08,10959041.8552
colombia,davivienda,2013-08-09,10959041.8552
colombia,davivienda,2013-08-12,11141844.8886
colombia,davivienda,2013-08-13,11196685.7986
colombia,davivienda,2013-08-14,11242386.557
colombia,davivienda,2013-08-15,11150985.0403
colombia,davivienda,2013-08-16,10922481.2485
colombia,davivienda,2013-08-20,10968182.0068
colombia,davivienda,2013-08-21,11059583.5236
colombia,davivienda,2013-08-22,11150985.0403
colombia,davivienda,2013-08-23,11187545.647
colombia,davivienda,2013-08-26,11059583.5236
colombia,davivienda,2013-08-27,10977322.1585
colombia,davivienda,2013-08-28,11087003.9786
colombia,davivienda,2013-08-29,11132704.7369
colombia,davivienda,2013-08-30,11278947.1637
colombia,davivienda,2013-09-02,11087003.9786
colombia,davivienda,2013-09-03,11288087.3154
colombia,davivienda,2013-09-04,11260666.8604
colombia,davivienda,2013-09-05,11288087.3154
colombia,davivienda,2013-09-06,11160125.192
colombia,davivienda,2013-09-09,11416049.4388
colombia,davivienda,2013-09-10,11653693.3823
colombia,davivienda,2013-09-11,11653693.3823
colombia,davivienda,2013-09-12,11699394.1406
colombia,davivienda,2013-09-13,11699394.1406
colombia,davivienda,2013-09-16,11653693.3823
colombia,davivienda,2013-09-17,11699394.1406
colombia,davivienda,2013-09-18,11489170.6522
colombia,davivienda,2013-09-19,11489170.6522
colombia,davivienda,2013-09-20,11333788.0737
colombia,davivienda,2013-09-23,11607992.6239
colombia,davivienda,2013-09-24,11617132.7756
colombia,davivienda,2013-09-25,11882197.1741
colombia,davivienda,2013-09-26,11617132.7756
colombia,davivienda,2013-09-27,11699394.1406
colombia,davivienda,2013-09-30,11571432.0172
colombia,davivienda,2013-10-01,11534871.4105
colombia,davivienda,2013-10-02,11553151.7139
colombia,davivienda,2013-10-03,11425189.5905
colombia,davivienda,2013-10-04,11470890.3488
colombia,davivienda,2013-10-07,11653693.3823
colombia,davivienda,2013-10-08,11690253.989
colombia,davivienda,2013-10-09,11607992.6239
colombia,davivienda,2013-10-10,11644553.2306
colombia,davivienda,2013-10-11,11745094.899
colombia,davivienda,2013-10-15,11699394.1406
colombia,davivienda,2013-10-16,11653693.3823
colombia,davivienda,2013-10-17,11735954.7473
colombia,davivienda,2013-10-18,11653693.3823
colombia,davivienda,2013-10-21,11607992.6239
colombia,davivienda,2013-10-22,11470890.3488
colombia,davivienda,2013-10-23,11607992.6239
colombia,davivienda,2013-10-24,11516591.1072
colombia,davivienda,2013-10-25,11498310.8038
colombia,davivienda,2013-10-28,11461750.1971
colombia,davivienda,2013-10-29,11562291.8655
colombia,davivienda,2013-10-30,11598852.4722
colombia,davivienda,2013-10-31,11342928.2254
colombia,davivienda,2013-11-01,11397769.1354
colombia,davivienda,2013-11-05,11251526.7087
colombia,davivienda,2013-11-06,11141844.8886
colombia,davivienda,2013-11-07,10986462.3102
colombia,davivienda,2013-11-08,10867640.3384
colombia,davivienda,2013-11-12,10374072.1481
colombia,davivienda,2013-11-13,10721397.9117
colombia,davivienda,2013-11-14,10959041.8552
colombia,davivienda,2013-11-15,11087003.9786
colombia,davivienda,2013-11-18,11105284.2819
colombia,davivienda,2013-11-19,11196685.7986
colombia,davivienda,2013-11-20,11132704.7369
colombia,davivienda,2013-11-21,11105284.2819
colombia,davivienda,2013-11-22,11059583.5236
colombia,davivienda,2013-11-25,11068723.6752
colombia,davivienda,2013-11-26,10840219.8834
colombia,davivienda,2013-11-27,10767098.67
colombia,davivienda,2013-11-28,10885920.6418
colombia,davivienda,2013-11-29,10922481.2485
colombia,davivienda,2013-12-02,11096144.1302
colombia,davivienda,2013-12-03,11187545.647
colombia,davivienda,2013-12-04,10748818.3667
colombia,davivienda,2013-12-05,10831079.7318
colombia,davivienda,2013-12-06,10876780.4901
colombia,davivienda,2013-12-09,11059583.5236
colombia,davivienda,2013-12-10,11141844.8886
colombia,davivienda,2013-12-11,10968182.0068
colombia,davivienda,2013-12-12,11059583.5236
colombia,davivienda,2013-12-13,11013882.7652
colombia,davivienda,2013-12-16,10748818.3667
colombia,davivienda,2013-12-17,10867640.3384
colombia,davivienda,2013-12-18,10767098.67
colombia,davivienda,2013-12-19,10465687.6984
colombia,davivienda,2013-12-20,10439034.8434
colombia,davivienda,2013-12-23,10394613.4186
colombia,davivienda,2013-12-24,10518993.4082
colombia,davivienda,2013-12-26,10518993.4082
colombia,davivienda,2013-12-27,10483456.2683
colombia,davivienda,2013-12-30,10510109.1232
colombia,davivienda,2014-01-02,10607836.2579
colombia,davivienda,2014-01-03,10625604.8279
colombia,davivienda,2014-01-07,10456803.4134
colombia,davivienda,2014-01-08,10394613.4186
colombia,davivienda,2014-01-09,10394613.4186
colombia,davivienda,2014-01-10,10083663.4445
colombia,davivienda,2014-01-13,10003704.8798
colombia,davivienda,2014-01-14,10083663.4445
colombia,davivienda,2014-01-15,10208043.4341
colombia,davivienda,2014-01-16,10208043.4341
colombia,davivienda,2014-01-17,10083663.4445
colombia,davivienda,2014-01-20,10074779.1595
colombia,davivienda,2014-01-21,9994820.5948
colombia,davivienda,2014-01-22,10083663.4445
colombia,davivienda,2014-01-23,10057010.5896
colombia,davivienda,2014-01-24,9754944.9005
colombia,davivienda,2014-01-27,9932630.6
colombia,davivienda,2014-01-28,9772713.4705
colombia,davivienda,2014-01-29,9737176.3306
colombia,davivienda,2014-01-30,9506184.9213
colombia,davivienda,2014-01-31,9506184.9213
colombia,davivienda,2014-02-03,9443994.9265
colombia,davivienda,2014-02-04,9443994.9265
colombia,davivienda,2014-02-05,9408457.7866
colombia,davivienda,2014-02-06,9488416.3513
colombia,davivienda,2014-02-07,9639449.1959
colombia,davivienda,2014-02-10,9728292.0456
colombia,davivienda,2014-02-11,9790482.0404
colombia,davivienda,2014-02-12,9719407.7606
colombia,davivienda,2014-02-13,9985936.3098
colombia,davivienda,2014-02-14,10181390.5792
colombia,davivienda,2014-02-17,10305770.5688
colombia,davivienda,2014-02-18,10181390.5792
colombia,davivienda,2014-02-19,10216927.7191
colombia,davivienda,2014-02-20,9994820.5948
colombia,davivienda,2014-02-21,10305770.5688
colombia,davivienda,2014-02-24,10376844.8486
colombia,davivienda,2014-02-25,10288001.9989
colombia,davivienda,2014-02-26,10305770.5688
colombia,davivienda,2014-02-27,10376844.8486
colombia,davivienda,2014-02-28,10705563.3926
colombia,davivienda,2014-03-03,10323539.1388
colombia,davivienda,2014-03-04,10749984.8175
colombia,davivienda,2014-03-05,10927670.517
colombia,davivienda,2014-03-06,11087587.6465
colombia,davivienda,2014-03-07,10972091.9418
colombia,davivienda,2014-03-10,10723331.9626
colombia,davivienda,2014-03-11,10661141.9678
colombia,davivienda,2014-03-12,10794406.2424
colombia,davivienda,2014-03-13,10838827.6672
colombia,davivienda,2014-03-14,10847711.9522
colombia,davivienda,2014-03-17,11043166.2216
colombia,davivienda,2014-03-18,11034281.9366
colombia,davivienda,2014-03-19,10847711.9522
colombia,davivienda,2014-03-20,10927670.517
colombia,davivienda,2014-03-21,11016513.3667
colombia,davivienda,2014-03-25,11060934.7916
colombia,davivienda,2014-03-26,11149777.6413
colombia,davivienda,2014-03-27,11283041.9159
colombia,davivienda,2014-03-28,11327463.3408
colombia,davivienda,2014-03-31,11318579.0558
colombia,davivienda,2014-04-01,11327463.3408
colombia,davivienda,2014-04-02,11354116.1957
colombia,davivienda,2014-04-03,11478496.1853
colombia,davivienda,2014-04-04,11487380.4703
colombia,davivienda,2014-04-07,11451843.3304
colombia,davivienda,2014-04-08,11238620.491
colombia,davivienda,2014-04-09,11371884.7656
colombia,davivienda,2014-04-10,11487380.4703
colombia,davivienda,2014-04-11,11460727.6154
colombia,davivienda,2014-04-14,11522917.6102
colombia,davivienda,2014-04-15,11327463.3408
colombia,davivienda,2014-04-16,11318579.0558
colombia,davivienda,2014-04-21,11371884.7656
colombia,davivienda,2014-04-22,11593991.89
colombia,davivienda,2014-04-23,11913826.149
colombia,davivienda,2014-04-24,11993784.7137
colombia,davivienda,2014-04-25,11993784.7137
colombia,davivienda,2014-04-28,11993784.7137
colombia,davivienda,2014-04-29,12304734.6878
colombia,davivienda,2014-04-30,12251428.978
colombia,davivienda,2014-05-02,12349156.1127
colombia,davivienda,2014-05-05,12242544.693
colombia,davivienda,2014-05-06,12517957.5272
colombia,davivienda,2014-05-07,12571263.237
colombia,davivienda,2014-05-08,12437998.9624
colombia,davivienda,2014-05-09,12482420.3873
colombia,davivienda,2014-05-12,12571263.237
colombia,davivienda,2014-05-13,12535726.0971
colombia,davivienda,2014-05-14,12757833.2214
colombia,davivienda,2014-05-15,12429114.6774
colombia,davivienda,2014-05-16,12429114.6774
colombia,davivienda,2014-05-19,12437998.9624
colombia,davivienda,2014-05-20,12393577.5375
colombia,davivienda,2014-05-21,12393577.5375
colombia,davivienda,2014-05-22,12269197.5479
colombia,davivienda,2014-05-23,12437998.9624
colombia,davivienda,2014-05-26,12562378.952
colombia,davivienda,2014-05-27,12571263.237
colombia,davivienda,2014-05-28,12748948.9365
colombia,davivienda,2014-05-29,12740064.6515
colombia,davivienda,2014-05-30,13077667.4805
colombia,davivienda,2014-06-03,12624568.9468
colombia,davivienda,2014-06-04,12544610.3821
colombia,davivienda,2014-06-05,12757833.2214
colombia,davivienda,2014-06-06,12660106.0867
colombia,davivienda,2014-06-09,12704527.5116
colombia,davivienda,2014-06-10,12953287.4908
colombia,davivienda,2014-06-11,13317543.1747
colombia,davivienda,2014-06-12,13193163.1851
colombia,davivienda,2014-06-13,13317543.1747
colombia,davivienda,2014-06-16,13379733.1696
colombia,davivienda,2014-06-17,13326427.4597
colombia,davivienda,2014-06-18,13548534.584
colombia,davivienda,2014-06-19,13610724.5789
colombia,davivienda,2014-06-20,13415270.3094
colombia,davivienda,2014-06-24,13584071.7239
colombia,davivienda,2014-06-25,13504113.1592
colombia,davivienda,2014-06-26,13441923.1644
colombia,davivienda,2014-06-27,13468576.0193
colombia,davivienda,2014-07-01,13628493.1488
colombia,davivienda,2014-07-02,13504113.1592
colombia,davivienda,2014-07-03,13521881.7291
colombia,davivienda,2014-07-04,13646261.7188
colombia,davivienda,2014-07-07,13592956.0089
colombia,davivienda,2014-07-08,13637377.4338
colombia,davivienda,2014-07-09,14383657.3715
colombia,davivienda,2014-07-10,13681798.8586
colombia,davivienda,2014-07-11,13415270.3094
colombia,davivienda,2014-07-14,13548534.584
colombia,davivienda,2014-07-15,13548534.584
colombia,davivienda,2014-07-16,13237584.61
colombia,davivienda,2014-07-17,13282006.0349
colombia,davivienda,2014-07-18,13370848.8846
colombia,davivienda,2014-07-21,13548534.584
colombia,davivienda,2014-07-22,13672914.5737
colombia,davivienda,2014-07-23,13548534.584
colombia,davivienda,2014-07-24,13681798.8586
colombia,davivienda,2014-07-25,13770641.7084
colombia,davivienda,2014-07-28,14126013.1073
colombia,davivienda,2014-07-29,14072707.3975
colombia,davivienda,2014-07-30,13974980.2628
colombia,davivienda,2014-07-31,14117128.8223
colombia,davivienda,2014-08-01,14028285.9726
colombia,davivienda,2014-08-04,14037170.2576
colombia,davivienda,2014-08-05,14028285.9726
colombia,davivienda,2014-08-06,14037170.2576
colombia,davivienda,2014-08-08,14197087.3871
colombia,davivienda,2014-08-11,14294814.5218
colombia,davivienda,2014-08-12,14277045.9518
colombia,davivienda,2014-08-13,14392541.6565
colombia,davivienda,2014-08-14,14232624.527
colombia,davivienda,2014-08-15,14294814.5218
colombia,davivienda,2014-08-19,13859484.5581
colombia,davivienda,2014-08-20,14072707.3975
colombia,davivienda,2014-08-21,13877253.1281
colombia,davivienda,2014-08-22,13815063.1332
colombia,davivienda,2014-08-25,13548534.584
colombia,davivienda,2014-08-26,13859484.5581
colombia,davivienda,2014-08-27,14019401.6876
colombia,davivienda,2014-08-28,13992748.8327
colombia,davivienda,2014-08-29,14170434.5322
colombia,davivienda,2014-09-01,14170434.5322
colombia,davivienda,2014-09-02,14170434.5322
colombia,davivienda,2014-09-03,13966095.9778
colombia,davivienda,2014-09-04,13903905.983
colombia,davivienda,2014-09-05,13779525.9933
colombia,davivienda,2014-09-08,13726220.2835
colombia,davivienda,2014-09-09,13548534.584
colombia,davivienda,2014-09-10,13459691.7343
colombia,davivienda,2014-09-11,13397501.7395
colombia,davivienda,2014-09-12,13397501.7395
colombia,davivienda,2014-09-15,13326427.4597
colombia,davivienda,2014-09-16,13433038.8794
colombia,davivienda,2014-09-17,13504113.1592
colombia,davivienda,2014-09-18,13512997.4442
colombia,davivienda,2014-09-19,13370848.8846
colombia,davivienda,2014-09-22,13317543.1747
colombia,davivienda,2014-09-23,12437998.9624
colombia,davivienda,2014-09-24,12882213.2111
colombia,davivienda,2014-09-25,12882213.2111
colombia,davivienda,2014-09-26,12926634.6359
colombia,davivienda,2014-09-29,12837791.7862
colombia,davivienda,2014-09-30,12953287.4908
colombia,davivienda,2014-10-01,12597916.0919
colombia,davivienda,2014-10-02,12828907.5012
colombia,davivienda,2014-10-03,13104320.3354
colombia,davivienda,2014-10-06,13148741.7603
colombia,davivienda,2014-10-07,12793370.3613
colombia,davivienda,2014-10-08,12704527.5116
colombia,davivienda,2014-10-09,12704527.5116
colombia,davivienda,2014-10-10,12660106.0867
colombia,davivienda,2014-10-14,12651221.8018
colombia,davivienda,2014-10-15,12437998.9624
colombia,davivienda,2014-10-16,12668990.3717
colombia,davivienda,2014-10-17,12740064.6515
colombia,davivienda,2014-10-20,12660106.0867
colombia,davivienda,2014-10-21,12748948.9365
colombia,davivienda,2014-10-22,12882213.2111
colombia,davivienda,2014-10-23,13237584.61
colombia,davivienda,2014-10-24,13441923.1644
colombia,davivienda,2014-10-27,13415270.3094
colombia,davivienda,2014-10-28,13441923.1644
colombia,davivienda,2014-10-29,13726220.2835
colombia,davivienda,2014-10-30,13850600.2731
colombia,davivienda,2014-10-31,13637377.4338
colombia,davivienda,2014-11-04,13815063.1332
colombia,davivienda,2014-11-05,13948327.4078
colombia,davivienda,2014-11-06,14161550.2472
colombia,davivienda,2014-11-07,14214855.957
colombia,davivienda,2014-11-10,14214855.957
colombia,davivienda,2014-11-11,14126013.1073
colombia,davivienda,2014-11-12,14161550.2472
colombia,davivienda,2014-11-13,13770641.7084
colombia,davivienda,2014-11-14,13486344.5892
colombia,davivienda,2014-11-18,13317543.1747
colombia,davivienda,2014-11-19,13317543.1747
colombia,davivienda,2014-11-20,13335311.7447
colombia,davivienda,2014-11-21,13637377.4338
colombia,davivienda,2014-11-24,13415270.3094
colombia,davivienda,2014-11-25,12846676.0712
colombia,davivienda,2014-11-26,12695643.2266
colombia,davivienda,2014-11-27,12882213.2111
colombia,davivienda,2014-11-28,12615684.6619
colombia,davivienda,2014-12-01,12002668.9987
colombia,davivienda,2014-12-02,12393577.5375
colombia,davivienda,2014-12-03,12757833.2214
colombia,davivienda,2014-12-04,12926634.6359
colombia,davivienda,2014-12-05,12908866.066
colombia,davivienda,2014-12-09,13282006.0349
colombia,davivienda,2014-12-10,12553494.6671
colombia,davivienda,2014-12-11,11807214.7293
colombia,davivienda,2014-12-12,11691719.0247
colombia,davivienda,2014-12-15,11052050.5066
colombia,davivienda,2014-12-16,11185314.7812
colombia,davivienda,2014-12-17,11851636.1542
colombia,davivienda,2014-12-18,11993784.7137
colombia,davivienda,2014-12-19,12491304.6722
colombia,davivienda,2014-12-22,12926634.6359
colombia,davivienda,2014-12-23,12882213.2111
colombia,davivienda,2014-12-24,12313618.9728
colombia,davivienda,2014-12-26,12349156.1127
colombia,davivienda,2014-12-29,12349156.1127
colombia,davivienda,2014-12-30,12482420.3873
colombia,davivienda,2015-01-02,12038206.1386
colombia,davivienda,2015-01-05,11478496.1853
colombia,davivienda,2015-01-06,11682834.7397
colombia,davivienda,2015-01-07,11771677.5894
colombia,davivienda,2015-01-08,12162586.1282
colombia,davivienda,2015-01-09,11771677.5894
colombia,davivienda,2015-01-13,11647297.5998
colombia,davivienda,2015-01-14,11549570.4651
colombia,davivienda,2015-01-15,11549570.4651
colombia,davivienda,2015-01-16,11425190.4755
colombia,davivienda,2015-01-19,11673950.4547
colombia,davivienda,2015-01-20,11505149.0402
colombia,davivienda,2015-01-21,11611760.4599
colombia,davivienda,2015-01-22,11958247.5739
colombia,davivienda,2015-01-23,12029321.8536
colombia,davivienda,2015-01-26,12100396.1334
colombia,davivienda,2015-01-27,11904941.864
colombia,davivienda,2015-01-28,11549570.4651
colombia,davivienda,2015-01-29,11540686.1801
colombia,davivienda,2015-01-30,11380769.0506
colombia,davivienda,2015-02-02,11629529.0298
colombia,davivienda,2015-02-03,11993784.7137
colombia,davivienda,2015-02-04,12118164.7034
colombia,davivienda,2015-02-05,11949363.2889
colombia,davivienda,2015-02-06,11993784.7137
colombia,davivienda,2015-02-09,11593991.89
colombia,davivienda,2015-02-10,11363000.4807
colombia,davivienda,2015-02-11,11238620.491
colombia,davivienda,2015-02-12,11238620.491
colombia,davivienda,2015-02-13,11327463.3408
colombia,davivienda,2015-02-16,11327463.3408
colombia,davivienda,2015-02-17,11416306.1905
colombia,davivienda,2015-02-18,11416306.1905
colombia,davivienda,2015-02-19,11283041.9159
colombia,davivienda,2015-02-20,10980976.2268
colombia,davivienda,2015-02-23,11105356.2164
colombia,davivienda,2015-02-24,11194199.0662
colombia,davivienda,2015-02-25,11274157.6309
colombia,davivienda,2015-02-26,11593991.89
colombia,davivienda,2015-02-27,11727256.1646
colombia,davivienda,2015-03-02,11638413.3148
colombia,davivienda,2015-03-03,11762793.3044
colombia,davivienda,2015-03-04,11647297.5998
colombia,davivienda,2015-03-05,11274157.6309
colombia,davivienda,2015-03-06,11149777.6413
colombia,davivienda,2015-03-09,11149777.6413
colombia,davivienda,2015-03-10,10554530.5481
colombia,davivienda,2015-03-11,10474571.9833
colombia,davivienda,2015-03-12,10776637.6724
colombia,davivienda,2015-03-13,11327463.3408
colombia,davivienda,2015-03-16,11522917.6102
colombia,davivienda,2015-03-17,11549570.4651
colombia,davivienda,2015-03-18,11762793.3044
colombia,davivienda,2015-03-19,11762793.3044
colombia,davivienda,2015-03-20,11371884.7656
colombia,davivienda,2015-03-24,11753909.0195
colombia,davivienda,2015-03-25,11816099.0143
colombia,davivienda,2015-03-26,11771677.5894
colombia,davivienda,2015-03-27,11549570.4651
colombia,davivienda,2015-03-30,11327463.3408
colombia,davivienda,2015-03-31,11238620.491
colombia,davivienda,2015-04-01,11487380.4703
colombia,davivienda,2015-04-06,11727256.1646
colombia,davivienda,2015-04-07,11727256.1646
colombia,davivienda,2015-04-08,11949363.2889
colombia,davivienda,2015-04-09,11967131.8588
colombia,davivienda,2015-04-10,11753909.0195
colombia,davivienda,2015-04-13,11727256.1646
colombia,davivienda,2015-04-14,11665066.1697
colombia,davivienda,2015-04-15,11727256.1646
colombia,davivienda,2015-04-16,11949363.2889
colombia,davivienda,2015-04-17,11967131.8588
colombia,davivienda,2015-04-20,11611760.4599
colombia,davivienda,2015-04-21,11620644.7449
colombia,davivienda,2015-04-22,11700603.3096
colombia,davivienda,2015-04-23,11869404.7241
colombia,davivienda,2015-04-24,11922710.434
colombia,davivienda,2015-04-27,12073743.2785
colombia,davivienda,2015-04-28,12313618.9728
colombia,davivienda,2015-04-29,12313618.9728
colombia,davivienda,2015-04-30,12304734.6878
colombia,davivienda,2015-05-04,12055974.7086
colombia,davivienda,2015-05-05,12251428.978
colombia,davivienda,2015-05-06,12260313.2629
colombia,davivienda,2015-05-07,12020437.5687
colombia,davivienda,2015-05-08,11860520.4391
colombia,davivienda,2015-05-11,11976016.1438
colombia,davivienda,2015-05-12,11993784.7137
colombia,davivienda,2015-05-13,11949363.2889
colombia,davivienda,2015-05-14,11816099.0143
colombia,davivienda,2015-05-15,11816099.0143
colombia,davivienda,2015-05-19,11860520.4391
colombia,davivienda,2015-05-20,11602876.1749
colombia,davivienda,2015-05-21,11593991.89
colombia,davivienda,2015-05-22,11611760.4599
colombia,davivienda,2015-05-25,11593991.89
colombia,davivienda,2015-05-26,11656181.8848
colombia,davivienda,2015-05-27,11371884.7656
colombia,davivienda,2015-05-28,11425190.4755
colombia,davivienda,2015-05-29,11158661.9263
colombia,davivienda,2015-06-01,11531801.8951
colombia,davivienda,2015-06-02,11540686.1801
colombia,davivienda,2015-06-03,11460727.6154
colombia,davivienda,2015-06-04,11629529.0298
colombia,davivienda,2015-06-05,11656181.8848
colombia,davivienda,2015-06-09,11700603.3096
colombia,davivienda,2015-06-10,11487380.4703
colombia,davivienda,2015-06-11,11558454.7501
colombia,davivienda,2015-06-12,11487380.4703
colombia,davivienda,2015-06-16,11336347.6257
colombia,davivienda,2015-06-17,11549570.4651
colombia,davivienda,2015-06-18,11682834.7397
colombia,davivienda,2015-06-19,11345231.9107
colombia,davivienda,2015-06-22,11549570.4651
colombia,davivienda,2015-06-23,11593991.89
colombia,davivienda,2015-06-24,11611760.4599
colombia,davivienda,2015-06-25,11460727.6154
colombia,davivienda,2015-06-26,11629529.0298
colombia,davivienda,2015-06-30,11878289.0091
colombia,davivienda,2015-07-01,11647297.5998
colombia,davivienda,2015-07-02,11798330.4443
colombia,davivienda,2015-07-03,11700603.3096
colombia,davivienda,2015-07-06,11780561.8744
colombia,davivienda,2015-07-07,11718371.8796
colombia,davivienda,2015-07-08,11558454.7501
colombia,davivienda,2015-07-09,11647297.5998
colombia,davivienda,2015-07-10,11682834.7397
colombia,davivienda,2015-07-13,11700603.3096
colombia,davivienda,2015-07-14,11860520.4391
colombia,davivienda,2015-07-15,11727256.1646
colombia,davivienda,2015-07-16,11780561.8744
colombia,davivienda,2015-07-17,11638413.3148
colombia,davivienda,2015-07-21,11718371.8796
colombia,davivienda,2015-07-22,11682834.7397
colombia,davivienda,2015-07-23,11549570.4651
colombia,davivienda,2015-07-24,11505149.0402
colombia,davivienda,2015-07-27,11416306.1905
colombia,davivienda,2015-07-28,11460727.6154
colombia,davivienda,2015-07-29,11665066.1697
colombia,davivienda,2015-07-30,11718371.8796
colombia,davivienda,2015-07-31,11762793.3044
colombia,davivienda,2015-08-03,11514033.3252
colombia,davivienda,2015-08-04,11593991.89
colombia,davivienda,2015-08-05,11593991.89
colombia,davivienda,2015-08-06,11442959.0454
colombia,davivienda,2015-08-10,11327463.3408
colombia,davivienda,2015-08-11,11274157.6309
colombia,davivienda,2015-08-12,11309694.7708
colombia,davivienda,2015-08-13,11132009.0714
colombia,davivienda,2015-08-14,11069819.0765
colombia,davivienda,2015-08-18,11043166.2216
colombia,davivienda,2015-08-19,10767753.3875
colombia,davivienda,2015-08-20,10625604.8279
colombia,davivienda,2015-08-21,10412381.9885
colombia,davivienda,2015-08-24,9843787.7502
colombia,davivienda,2015-08-25,9923746.315
colombia,davivienda,2015-08-26,9914862.03
colombia,davivienda,2015-08-27,9950399.1699
colombia,davivienda,2015-08-28,10208043.4341
colombia,davivienda,2015-08-31,10590067.688
colombia,davivienda,2015-09-01,10216927.7191
colombia,davivienda,2015-09-02,10590067.688
colombia,davivienda,2015-09-03,10590067.688
colombia,davivienda,2015-09-04,11052050.5066
colombia,davivienda,2015-09-07,11327463.3408
colombia,davivienda,2015-09-08,11300810.4858
colombia,davivienda,2015-09-09,11087587.6465
colombia,davivienda,2015-09-10,11496264.7552
colombia,davivienda,2015-09-11,11363000.4807
colombia,davivienda,2015-09-14,11265273.3459
colombia,davivienda,2015-09-15,10972091.9418
colombia,davivienda,2015-09-16,11194199.0662
colombia,davivienda,2015-09-17,11096471.9315
colombia,davivienda,2015-09-18,10794406.2424
colombia,davivienda,2015-09-21,10439034.8434
colombia,davivienda,2015-09-22,10172506.2943
colombia,davivienda,2015-09-23,10065894.8746
colombia,davivienda,2015-09-24,10367960.5637
colombia,davivienda,2015-09-25,10394613.4186
colombia,davivienda,2015-09-28,10439034.8434
colombia,davivienda,2015-09-29,10661141.9678
colombia,davivienda,2015-09-30,10652257.6828
colombia,davivienda,2015-10-01,10350191.9937
colombia,davivienda,2015-10-02,10474571.9833
colombia,davivienda,2015-10-05,10563414.8331
colombia,davivienda,2015-10-06,10865480.5222
colombia,davivienda,2015-10-07,11105356.2164
colombia,davivienda,2015-10-08,10972091.9418
colombia,davivienda,2015-10-09,11043166.2216
colombia,davivienda,2015-10-13,10883249.0921
colombia,davivienda,2015-10-14,10714447.6776
colombia,davivienda,2015-10-15,10758869.1025
colombia,davivienda,2015-10-16,10732216.2476
colombia,davivienda,2015-10-19,10563414.8331
colombia,davivienda,2015-10-20,10749984.8175
colombia,davivienda,2015-10-21,10785521.9574
colombia,davivienda,2015-10-22,10785521.9574
colombia,davivienda,2015-10-23,10963207.6569
colombia,davivienda,2015-10-26,10874364.8071
colombia,davivienda,2015-10-27,10883249.0921
colombia,davivienda,2015-10-28,10963207.6569
colombia,davivienda,2015-10-29,10821059.0973
colombia,davivienda,2015-10-30,10581183.403
colombia,davivienda,2015-11-03,10492340.5533
colombia,davivienda,2015-11-04,10439034.8434
colombia,davivienda,2015-11-05,10634489.1129
colombia,davivienda,2015-11-06,10741100.5325
colombia,davivienda,2015-11-09,10661141.9678
colombia,davivienda,2015-11-10,10465687.6984
colombia,davivienda,2015-11-11,10439034.8434
colombia,davivienda,2015-11-12,10483456.2683
colombia,davivienda,2015-11-13,9541722.0612
colombia,davivienda,2015-11-17,8964243.5379
colombia,davivienda,2015-11-18,9168582.0923
colombia,davivienda,2015-11-19,9301846.3669
colombia,davivienda,2015-11-20,9541722.0612
colombia,davivienda,2015-11-23,9381804.9316
colombia,davivienda,2015-11-24,9328499.2218
colombia,davivienda,2015-11-25,9266309.227
colombia,davivienda,2015-11-26,9337383.5068
colombia,davivienda,2015-11-27,9355152.0767
colombia,davivienda,2015-11-30,9106392.0975
colombia,davivienda,2015-12-01,9310730.6519
colombia,davivienda,2015-12-02,9017549.2477
colombia,davivienda,2015-12-03,8999780.6778
colombia,davivienda,2015-12-04,8982012.1078
colombia,davivienda,2015-12-07,9061970.6726
colombia,davivienda,2015-12-09,9124160.6674
colombia,davivienda,2015-12-10,9284077.7969
colombia,davivienda,2015-12-11,9292962.0819
colombia,davivienda,2015-12-14,9239656.3721
colombia,davivienda,2015-12-15,9328499.2218
colombia,davivienda,2015-12-16,9550606.3461
colombia,davivienda,2015-12-17,9621680.6259
colombia,davivienda,2015-12-18,9550606.3461
colombia,davivienda,2015-12-21,9550606.3461
colombia,davivienda,2015-12-22,9674986.3358
colombia,davivienda,2015-12-23,9674986.3358
colombia,davivienda,2015-12-24,9754944.9005
colombia,davivienda,2015-12-28,9719407.7606
colombia,davivienda,2015-12-29,9612796.3409
colombia,davivienda,2015-12-30,9683870.6207
colombia,davivienda,2016-01-04,9408457.7866
colombia,davivienda,2016-01-05,9639449.1959
colombia,davivienda,2016-01-06,9515069.2062
colombia,davivienda,2016-01-07,9372920.6467
colombia,davivienda,2016-01-08,9515069.2062
colombia,davivienda,2016-01-12,9674986.3358
colombia,davivienda,2016-01-13,9639449.1959
colombia,davivienda,2016-01-14,10057010.5896
colombia,davivienda,2016-01-15,9950399.1699
colombia,davivienda,2016-01-18,9763829.1855
colombia,davivienda,2016-01-19,9941514.8849
colombia,davivienda,2016-01-20,10172506.2943
colombia,davivienda,2016-01-21,10190274.8642
colombia,davivienda,2016-01-22,10305770.5688
colombia,davivienda,2016-01-25,10136969.1544
colombia,davivienda,2016-01-26,10305770.5688
colombia,davivienda,2016-01-27,10376844.8486
colombia,davivienda,2016-01-28,10359076.2787
colombia,davivienda,2016-01-29,10288001.9989
colombia,davivienda,2016-02-01,10403497.7036
colombia,davivienda,2016-02-02,10145853.4393
colombia,davivienda,2016-02-03,10128084.8694
colombia,davivienda,2016-02-04,10430150.5585
colombia,davivienda,2016-02-05,10394613.4186
colombia,davivienda,2016-02-08,10394613.4186
colombia,davivienda,2016-02-09,10456803.4134
colombia,davivienda,2016-02-10,10527877.6932
colombia,davivienda,2016-02-11,10527877.6932
colombia,davivienda,2016-02-12,10572299.118
colombia,davivienda,2016-02-15,10572299.118
colombia,davivienda,2016-02-16,10527877.6932
colombia,davivienda,2016-02-17,10980976.2268
colombia,davivienda,2016-02-18,11025397.6517
colombia,davivienda,2016-02-19,11087587.6465
colombia,davivienda,2016-02-22,10989860.5118
colombia,davivienda,2016-02-23,10954323.3719
colombia,davivienda,2016-02-24,10980976.2268
colombia,davivienda,2016-02-25,11087587.6465
colombia,davivienda,2016-02-26,11105356.2164
colombia,davivienda,2016-02-29,11140893.3563
colombia,davivienda,2016-03-01,11220851.9211
colombia,davivienda,2016-03-02,11442959.0454
colombia,davivienda,2016-03-03,11416306.1905
colombia,davivienda,2016-03-04,11487380.4703
colombia,davivienda,2016-03-07,11505149.0402
colombia,davivienda,2016-03-08,11451843.3304
colombia,davivienda,2016-03-09,11549570.4651
colombia,davivienda,2016-03-10,11629529.0298
colombia,davivienda,2016-03-11,11638413.3148
colombia,davivienda,2016-03-14,11567339.035
colombia,davivienda,2016-03-15,11585107.605
colombia,davivienda,2016-03-16,11460727.6154
colombia,davivienda,2016-03-17,11496264.7552
colombia,davivienda,2016-03-18,11505149.0402
colombia,davivienda,2016-03-22,11549570.4651
colombia,davivienda,2016-03-23,11896057.579
colombia,davivienda,2016-03-28,11762793.3044
colombia,davivienda,2016-03-29,11718371.8796
colombia,davivienda,2016-03-30,11904941.864
colombia,davivienda,2016-03-31,12207007.5531
colombia,davivienda,2016-04-01,12215891.8381
colombia,davivienda,2016-04-04,12029321.8536
colombia,davivienda,2016-04-05,11860520.4391
colombia,davivienda,2016-04-06,11940479.0039
colombia,davivienda,2016-04-07,11984900.4288
colombia,davivienda,2016-04-08,11860520.4391
colombia,davivienda,2016-04-11,11993784.7137
colombia,davivienda,2016-04-12,12100396.1334
colombia,davivienda,2016-04-13,12260313.2629
colombia,davivienda,2016-04-14,12437998.9624
colombia,davivienda,2016-04-15,12260313.2629
colombia,davivienda,2016-04-18,12331387.5427
colombia,davivienda,2016-04-19,12304734.6878
colombia,davivienda,2016-04-20,12349156.1127
colombia,davivienda,2016-04-21,12215891.8381
colombia,davivienda,2016-04-22,12127048.9883
colombia,davivienda,2016-04-25,11887173.2941
colombia,davivienda,2016-04-26,11833867.5842
colombia,davivienda,2016-04-27,11789446.1594
colombia,davivienda,2016-04-28,11771677.5894
colombia,davivienda,2016-04-29,11922710.434
colombia,davivienda,2016-05-02,11665066.1697
colombia,davivienda,2016-05-03,11380769.0506
colombia,davivienda,2016-05-04,11380769.0506
colombia,davivienda,2016-05-05,11371884.7656
colombia,davivienda,2016-05-06,11416306.1905
colombia,davivienda,2016-05-10,11540686.1801
colombia,davivienda,2016-05-11,11469611.9003
colombia,davivienda,2016-05-12,11709487.5946
colombia,davivienda,2016-05-13,11611760.4599
colombia,davivienda,2016-05-16,11771677.5894
colombia,davivienda,2016-05-17,11638413.3148
colombia,davivienda,2016-05-18,11727256.1646
colombia,davivienda,2016-05-19,11505149.0402
colombia,davivienda,2016-05-20,11416306.1905
colombia,davivienda,2016-05-23,11416306.1905
colombia,davivienda,2016-05-24,11238620.491
colombia,davivienda,2016-05-25,11158661.9263
colombia,davivienda,2016-05-26,11434074.7604
colombia,davivienda,2016-05-27,11460727.6154
colombia,davivienda,2016-05-31,11638413.3148
colombia,davivienda,2016-06-01,11682834.7397
colombia,davivienda,2016-06-02,11736140.4495
colombia,davivienda,2016-06-03,11931594.7189
colombia,davivienda,2016-06-07,11904941.864
colombia,davivienda,2016-06-08,11949363.2889
colombia,davivienda,2016-06-09,12011553.2837
colombia,davivienda,2016-06-10,11993784.7137
colombia,davivienda,2016-06-13,12020437.5687
colombia,davivienda,2016-06-14,12144817.5583
colombia,davivienda,2016-06-15,12171470.4132
colombia,davivienda,2016-06-16,12251428.978
colombia,davivienda,2016-06-17,12349156.1127
colombia,davivienda,2016-06-20,12384693.2526
colombia,davivienda,2016-06-21,12411346.1075
colombia,davivienda,2016-06-22,12304734.6878
colombia,davivienda,2016-06-23,12278081.8329
colombia,davivienda,2016-06-24,12038206.1386
colombia,davivienda,2016-06-27,11993784.7137
colombia,davivienda,2016-06-28,12073743.2785
colombia,davivienda,2016-06-29,11984900.4288
colombia,davivienda,2016-06-30,11940479.0039
colombia,davivienda,2016-07-01,11922710.434
colombia,davivienda,2016-07-05,11869404.7241
colombia,davivienda,2016-07-06,11993784.7137
colombia,davivienda,2016-07-07,11816099.0143
colombia,davivienda,2016-07-08,11727256.1646
colombia,davivienda,2016-07-11,11682834.7397
colombia,davivienda,2016-07-12,11709487.5946
colombia,davivienda,2016-07-13,11824983.2993
colombia,davivienda,2016-07-14,11931594.7189
colombia,davivienda,2016-07-15,11931594.7189
colombia,davivienda,2016-07-18,11993784.7137
colombia,davivienda,2016-07-19,12038206.1386
colombia,davivienda,2016-07-21,12002668.9987
colombia,davivienda,2016-07-22,11993784.7137
colombia,davivienda,2016-07-25,12020437.5687
colombia,davivienda,2016-07-26,11816099.0143
colombia,davivienda,2016-07-27,11904941.864
colombia,davivienda,2016-07-28,11984900.4288
colombia,davivienda,2016-07-29,11993784.7137
colombia,davivienda,2016-08-01,11967131.8588
colombia,davivienda,2016-08-02,12020437.5687
colombia,davivienda,2016-08-03,11993784.7137
colombia,davivienda,2016-08-04,12082627.5635
colombia,davivienda,2016-08-05,12064858.9935
colombia,davivienda,2016-08-08,12127048.9883
colombia,davivienda,2016-08-09,12260313.2629
colombia,davivienda,2016-08-10,12207007.5531
colombia,davivienda,2016-08-11,12260313.2629
colombia,davivienda,2016-08-12,12260313.2629
colombia,davivienda,2016-08-16,12349156.1127
colombia,davivienda,2016-08-17,12278081.8329
colombia,davivienda,2016-08-18,12340271.8277
colombia,davivienda,2016-08-19,12482420.3873
colombia,davivienda,2016-08-22,12358040.3976
colombia,davivienda,2016-08-23,12509073.2422
colombia,davivienda,2016-08-24,12748948.9365
colombia,davivienda,2016-08-25,12882213.2111
colombia,davivienda,2016-08-26,12766717.5064
colombia,davivienda,2016-08-29,12855560.3561
colombia,davivienda,2016-08-30,12908866.066
colombia,davivienda,2016-08-31,12962171.7758
colombia,davivienda,2016-09-01,12882213.2111
colombia,davivienda,2016-09-02,13015477.4857
colombia,davivienda,2016-09-05,12971056.0608
colombia,davivienda,2016-09-06,13219816.04
colombia,davivienda,2016-09-07,13397501.7395
colombia,davivienda,2016-09-08,13344196.0297
colombia,davivienda,2016-09-09,13237584.61
colombia,davivienda,2016-09-12,13282006.0349
colombia,davivienda,2016-09-13,13157626.0452
colombia,davivienda,2016-09-14,13015477.4857
colombia,davivienda,2016-09-15,12926634.6359
colombia,davivienda,2016-09-16,12917750.351
colombia,davivienda,2016-09-19,12891097.496
colombia,davivienda,2016-09-20,12864444.6411
colombia,davivienda,2016-09-21,12882213.2111
colombia,davivienda,2016-09-22,13024361.7706
colombia,davivienda,2016-09-23,13104320.3354
colombia,davivienda,2016-09-26,12953287.4908
colombia,davivienda,2016-09-27,12748948.9365
colombia,davivienda,2016-09-28,12926634.6359
colombia,davivienda,2016-09-29,12962171.7758
colombia,davivienda,2016-09-30,13104320.3354
colombia,davivienda,2016-10-03,13095436.0504
colombia,davivienda,2016-10-04,13224910.0562
colombia,davivienda,2016-10-05,13071342.1115
colombia,davivienda,2016-10-06,13089408.9285
colombia,davivienda,2016-10-07,13306210.7327
colombia,davivienda,2016-10-10,13306210.7327
colombia,davivienda,2016-10-11,13495912.3114
colombia,davivienda,2016-10-12,13523012.5369
colombia,davivienda,2016-10-13,13333310.9583
colombia,davivienda,2016-10-14,13378478.0008
colombia,davivienda,2016-10-18,13387511.4093
colombia,davivienda,2016-10-19,13459778.6774
colombia,davivienda,2016-10-20,13550112.7625
colombia,davivienda,2016-10-21,13622380.0305
colombia,davivienda,2016-10-24,13586246.3965
colombia,davivienda,2016-10-25,13577212.988
colombia,davivienda,2016-10-26,13730780.9326
colombia,davivienda,2016-10-27,13884348.8773
colombia,davivienda,2016-10-28,
colombia,davivienda,2016-10-31,13821115.0177
colombia,davivienda,2016-11-01,13956616.1453
colombia,davivienda,2016-11-02,13866282.0602
colombia,davivienda,2016-11-03,13739814.3411
colombia,davivienda,2016-11-04,13920482.5113
colombia,davivienda,2016-11-08,14001783.1879
colombia,davivienda,2016-11-09,13983716.3708
colombia,davivienda,2016-11-10,13459778.6774
colombia,davivienda,2016-11-11,13188776.4221
colombia,davivienda,2016-11-15,13252010.2817
colombia,davivienda,2016-11-16,12917774.1669
colombia,davivienda,2016-11-17,13098442.337
colombia,davivienda,2016-11-18,13053275.2945
colombia,davivienda,2016-11-21,13098442.337
colombia,davivienda,2016-11-22,13188776.4221
colombia,davivienda,2016-11-23,13089408.9285
colombia,davivienda,2016-11-24,13053275.2945
colombia,davivienda,2016-11-25,13071342.1115
colombia,davivienda,2016-11-28,13053275.2945
colombia,davivienda,2016-11-29,12881640.5328
colombia,davivienda,2016-11-30,12944874.3924
colombia,davivienda,2016-12-01,13080375.52
colombia,davivienda,2016-12-02,13125542.5626
colombia,davivienda,2016-12-05,13188776.4221
colombia,davivienda,2016-12-06,13233943.4647
colombia,davivienda,2016-12-07,13233943.4647
colombia,davivienda,2016-12-09,13143609.3796
colombia,davivienda,2016-12-12,13369444.5923
colombia,davivienda,2016-12-13,13369444.5923
colombia,davivienda,2016-12-14,13414611.6348
colombia,davivienda,2016-12-15,13550112.7625
colombia,davivienda,2016-12-16,13441711.8604
colombia,davivienda,2016-12-19,13550112.7625
colombia,davivienda,2016-12-20,13414611.6348
colombia,davivienda,2016-12-21,13414611.6348
colombia,davivienda,2016-12-22,13459778.6774
colombia,davivienda,2016-12-23,13504945.7199
colombia,davivienda,2016-12-26,13513979.1284
colombia,davivienda,2016-12-27,13495912.3114
colombia,davivienda,2016-12-28,13513979.1284
colombia,davivienda,2016-12-29,13550112.7625
colombia,davivienda,2017-01-02,13477845.4944
colombia,davivienda,2017-01-03,13875315.4688
colombia,davivienda,2017-01-04,14055983.6389
colombia,davivienda,2017-01-05,14137284.3155
colombia,davivienda,2017-01-06,14137284.3155
colombia,davivienda,2017-01-10,13839181.8347
colombia,davivienda,2017-01-11,13839181.8347
colombia,davivienda,2017-01-12,13857248.6517
colombia,davivienda,2017-01-13,13848215.2432
colombia,davivienda,2017-01-16,13812081.6092
colombia,davivienda,2017-01-17,13775947.9752
colombia,davivienda,2017-01-18,13821115.0177
colombia,davivienda,2017-01-19,13784981.3837
colombia,davivienda,2017-01-20,13956616.1453
colombia,davivienda,2017-01-23,14037916.8219
colombia,davivienda,2017-01-24,14227618.4006
colombia,davivienda,2017-01-25,14272785.4431
colombia,davivienda,2017-01-26,14191484.7665
colombia,davivienda,2017-01-27,14354086.1197
colombia,davivienda,2017-01-30,14200518.175
colombia,davivienda,2017-01-31,14209551.5836
colombia,davivienda,2017-02-01,14092117.2729
colombia,davivienda,2017-02-02,14092117.2729
colombia,davivienda,2017-02-03,14245685.2176
colombia,davivienda,2017-02-06,14001783.1879
colombia,davivienda,2017-02-07,13839181.8347
colombia,davivienda,2017-02-08,13568179.5795
colombia,davivienda,2017-02-09,13468812.0859
colombia,davivienda,2017-02-10,13613346.622
colombia,davivienda,2017-02-13,13703680.7071
colombia,davivienda,2017-02-14,13541079.3539
colombia,davivienda,2017-02-15,13459778.6774
colombia,davivienda,2017-02-16,13622380.0305
colombia,davivienda,2017-02-17,13631413.439
colombia,davivienda,2017-02-20,13504945.7199
colombia,davivienda,2017-02-21,13595279.805
colombia,davivienda,2017-02-22,13559146.171
colombia,davivienda,2017-02-23,13595279.805
colombia,davivienda,2017-02-24,13550112.7625
colombia,davivienda,2017-02-27,13459778.6774
colombia,davivienda,2017-02-28,13414611.6348
colombia,davivienda,2017-03-01,13315244.1412
colombia,davivienda,2017-03-02,13414611.6348
colombia,davivienda,2017-03-03,13631413.439
colombia,davivienda,2017-03-06,13721747.5241
colombia,davivienda,2017-03-07,13685613.8901
colombia,davivienda,2017-03-08,13188776.4221
colombia,davivienda,2017-03-09,13270077.0987
colombia,davivienda,2017-03-10,13333310.9583
colombia,davivienda,2017-03-13,13324277.5497
colombia,davivienda,2017-03-14,13233943.4647
colombia,davivienda,2017-03-15,13369444.5923
colombia,davivienda,2017-03-16,13405578.2263
colombia,davivienda,2017-03-17,13459778.6774
colombia,davivienda,2017-03-21,13441711.8604
colombia,davivienda,2017-03-22,13550112.7625
colombia,davivienda,2017-03-23,13595279.805
colombia,davivienda,2017-03-24,13550112.7625
colombia,davivienda,2017-03-27,13495912.3114
colombia,davivienda,2017-03-28,13595279.805
colombia,davivienda,2017-03-29,13757881.1581
colombia,davivienda,2017-03-30,13694647.2986
colombia,davivienda,2017-03-31,13513979.1284
colombia,davivienda,2017-04-03,13586246.3965
colombia,davivienda,2017-04-04,13721747.5241
colombia,davivienda,2017-04-05,13712714.1156
colombia,davivienda,2017-04-06,13667547.0731
colombia,davivienda,2017-04-07,13676580.4816
colombia,davivienda,2017-04-10,13685613.8901
colombia,davivienda,2017-04-11,13712714.1156
colombia,davivienda,2017-04-12,13748847.7496
colombia,davivienda,2017-04-17,13577212.988
colombia,davivienda,2017-04-18,13640446.8475
colombia,davivienda,2017-04-19,13586246.3965
colombia,davivienda,2017-04-20,13550112.7625
colombia,davivienda,2017-04-21,13513979.1284
colombia,davivienda,2017-04-24,13595279.805
colombia,davivienda,2017-04-25,13730780.9326
colombia,davivienda,2017-04-26,13956616.1453
colombia,davivienda,2017-04-27,13956616.1453
colombia,davivienda,2017-04-28,14001783.1879
colombia,davivienda,2017-05-02,13857248.6517
colombia,davivienda,2017-05-03,13784981.3837
colombia,davivienda,2017-05-04,13992749.7794
colombia,davivienda,2017-05-05,13965649.5538
colombia,davivienda,2017-05-08,14182451.358
colombia,davivienda,2017-05-09,14227618.4006
colombia,davivienda,2017-05-10,14345052.7112
colombia,davivienda,2017-05-11,14381186.3452
colombia,davivienda,2017-05-12,14941257.6727
colombia,davivienda,2017-05-15,15130959.2514
colombia,davivienda,2017-05-16,15167092.8854
colombia,davivienda,2017-05-17,14706389.0515
colombia,davivienda,2017-05-18,14570887.9239
colombia,davivienda,2017-05-19,14706389.0515
colombia,davivienda,2017-05-22,14796723.1366
colombia,davivienda,2017-05-23,14832856.7706
colombia,davivienda,2017-05-24,14805756.5451
colombia,davivienda,2017-05-25,14878023.8132
colombia,davivienda,2017-05-26,14868990.4047
colombia,davivienda,2017-05-30,14905124.0387
colombia,davivienda,2017-05-31,14914157.4472
colombia,davivienda,2017-06-01,14733489.277
colombia,davivienda,2017-06-02,14643155.192
colombia,davivienda,2017-06-05,14661222.009
colombia,davivienda,2017-06-06,14850923.5876
colombia,davivienda,2017-06-07,14724455.8685
colombia,davivienda,2017-06-08,14742522.6855
colombia,davivienda,2017-06-09,14742522.6855
colombia,davivienda,2017-06-12,14634121.7834
colombia,davivienda,2017-06-13,14742522.6855
colombia,davivienda,2017-06-14,14787689.3216
colombia,davivienda,2017-06-15,14905123.629
colombia,davivienda,2017-06-16,15067724.9777
colombia,davivienda,2017-06-20,14859956.5877
colombia,davivienda,2017-06-21,14652188.1977
colombia,davivienda,2017-06-22,14724455.4638
colombia,davivienda,2017-06-23,14724455.4638
colombia,davivienda,2017-06-27,14607021.1564
colombia,davivienda,2017-06-28,14859956.5877
colombia,davivienda,2017-06-29,14850923.1794
colombia,davivienda,2017-06-30,15212259.5098
colombia,davivienda,2017-07-04,15284526.7759
colombia,davivienda,2017-07-05,15347760.6337
colombia,davivienda,2017-07-06,15374860.8585
colombia,davivienda,2017-07-07,15591662.6568
colombia,davivienda,2017-07-10,15401961.0833
colombia,davivienda,2017-07-11,15447128.1246
colombia,davivienda,2017-07-12,15492295.1659
colombia,davivienda,2017-07-13,15266459.9594
colombia,davivienda,2017-07-14,15311627.0007
colombia,davivienda,2017-07-17,15248393.1429
colombia,davivienda,2017-07-18,15194192.6933
colombia,davivienda,2017-07-19,14905123.629
colombia,davivienda,2017-07-21,15130958.8355
colombia,davivienda,2017-07-24,15058691.5694
colombia,davivienda,2017-07-25,15112892.019
colombia,davivienda,2017-07-26,15266459.9594
colombia,davivienda,2017-07-27,15221292.9181
colombia,davivienda,2017-07-28,15176125.8768
colombia,davivienda,2017-07-31,15311627.0007
colombia,davivienda,2017-08-01,15257426.5511
colombia,davivienda,2017-08-02,15239359.7346
colombia,davivienda,2017-08-03,15311627.0007
colombia,davivienda,2017-08-04,15185159.2851
colombia,davivienda,2017-08-08,15176125.8768
colombia,davivienda,2017-08-09,15356794.042
colombia,davivienda,2017-08-10,15194192.6933
colombia,davivienda,2017-08-11,15194192.6933
colombia,davivienda,2017-08-14,15257426.5511
colombia,davivienda,2017-08-15,15158059.0603
colombia,davivienda,2017-08-16,15320660.409
colombia,davivienda,2017-08-17,15167092.4685
colombia,davivienda,2017-08-18,15311627.0007
colombia,davivienda,2017-08-22,15022557.9364
colombia,davivienda,2017-08-23,14905123.629
colombia,davivienda,2017-08-24,14941257.262
colombia,davivienda,2017-08-25,14923190.4455
colombia,davivienda,2017-08-28,14896090.2207
colombia,davivienda,2017-08-29,14814789.5464
colombia,davivienda,2017-08-30,14887056.8125
colombia,davivienda,2017-08-31,14905123.629
colombia,davivienda,2017-09-01,14923190.4455
colombia,davivienda,2017-09-04,15004491.1199
colombia,davivienda,2017-09-05,15311627.0007
colombia,davivienda,2017-09-06,15302593.5924
colombia,davivienda,2017-09-07,15293560.1842
colombia,davivienda,2017-09-08,15212259.5098
colombia,davivienda,2017-09-11,15130958.8355
colombia,davivienda,2017-09-12,15130958.8355
colombia,davivienda,2017-09-13,15176125.8768
colombia,davivienda,2017-09-14,15121925.4272
colombia,davivienda,2017-09-15,15022557.9364
colombia,davivienda,2017-09-18,14932223.8538
colombia,davivienda,2017-09-19,15031591.3446
colombia,davivienda,2017-09-20,15040624.7529
colombia,davivienda,2017-09-21,15040624.7529
colombia,davivienda,2017-09-22,14905123.629
colombia,davivienda,2017-09-25,15022557.9364
colombia,davivienda,2017-09-26,15185159.2851
colombia,davivienda,2017-09-27,15130958.8355
colombia,davivienda,2017-09-28,15067724.9777
colombia,davivienda,2017-09-29,15022557.9364
colombia,davivienda,2017-10-02,14923190.4455
colombia,davivienda,2017-10-03,14986424.3033
colombia,davivienda,2017-10-04,14959324.0786
colombia,davivienda,2017-10-05,14878023.4042
colombia,davivienda,2017-10-06,14905123.629
colombia,davivienda,2017-10-09,14832856.3629
colombia,davivienda,2017-10-10,14905123.629
colombia,davivienda,2017-10-11,14814789.5464
colombia,davivienda,2017-10-12,14715422.0555
colombia,davivienda,2017-10-13,14796722.7299
colombia,davivienda,2017-10-17,14616054.5647
colombia,davivienda,2017-10-18,14625087.9729
colombia,davivienda,2017-10-19,14607021.1564
colombia,davivienda,2017-10-20,14634121.3812
colombia,davivienda,2017-10-23,14543787.2986
colombia,davivienda,2017-10-24,14561854.1151
colombia,davivienda,2017-10-25,14616054.5647
colombia,davivienda,2017-10-26,14634121.3812
colombia,davivienda,2017-10-27,14001782.803
colombia,davivienda,2017-10-30,13812081.2295
colombia,davivienda,2017-10-31,13541078.9817
colombia,davivienda,2017-11-01,13513978.757
colombia,davivienda,2017-11-02,13297176.9587
colombia,davivienda,2017-11-03,13504945.3487
colombia,davivienda,2017-11-07,13333310.5918
colombia,davivienda,2017-11-08,13495911.9404
colombia,davivienda,2017-11-09,13766914.1882
colombia,davivienda,2017-11-10,14209551.193
colombia,davivienda,2017-11-14,14119217.1104
colombia,davivienda,2017-11-15,14074050.0691
colombia,davivienda,2017-11-16,14119217.1104
colombia,davivienda,2017-11-17,13983715.9865
colombia,davivienda,2017-11-20,13857248.2708
colombia,davivienda,2017-11-21,13667546.6974
colombia,davivienda,2017-11-22,13595279.4313
colombia,davivienda,2017-11-23,13622379.6561
colombia,davivienda,2017-11-24,13649479.8809
colombia,davivienda,2017-11-27,13486878.5322
colombia,davivienda,2017-11-28,13414611.2661
colombia,davivienda,2017-11-29,13369444.2248
colombia,davivienda,2017-11-30,13098441.977
colombia,davivienda,2017-12-01,13459778.3074
colombia,davivienda,2017-12-04,13279110.1422
colombia,davivienda,2017-12-05,13378477.6331
colombia,davivienda,2017-12-06,13423644.6744
colombia,davivienda,2017-12-07,13459778.3074
colombia,davivienda,2017-12-11,13459778.3074
colombia,davivienda,2017-12-12,13459778.3074
colombia,davivienda,2017-12-13,13396544.4496
colombia,davivienda,2017-12-14,13288143.5505
colombia,davivienda,2017-12-15,13098441.977
colombia,davivienda,2017-12-18,13098441.977
colombia,davivienda,2017-12-19,13134575.61
colombia,davivienda,2017-12-20,13188776.0596
colombia,davivienda,2017-12-21,13351377.4083
colombia,davivienda,2017-12-22,13387511.0413
colombia,davivienda,2017-12-26,13405577.8578
colombia,davivienda,2017-12-27,13459778.3074
colombia,davivienda,2017-12-28,13523012.1652
colombia,davivienda,2018-01-02,13730780.5552
colombia,davivienda,2018-01-03,13730780.5552
colombia,davivienda,2018-01-04,13658513.2891
colombia,davivienda,2018-01-05,13685613.5139
colombia,davivienda,2018-01-09,13550112.39
colombia,davivienda,2018-01-10,13297176.9587
colombia,davivienda,2018-01-11,13306210.367
colombia,davivienda,2018-01-12,13405577.8578
colombia,davivienda,2018-01-15,13369444.2248
colombia,davivienda,2018-01-16,13423644.6744
colombia,davivienda,2018-01-17,13766914.1882
colombia,davivienda,2018-01-18,13884348.4956
colombia,davivienda,2018-01-19,13875315.0874
colombia,davivienda,2018-01-22,14046949.8443
colombia,davivienda,2018-01-23,14146317.3352
colombia,davivienda,2018-01-24,14372152.5417
colombia,davivienda,2018-01-25,14444419.8077
colombia,davivienda,2018-01-26,14588954.3399
colombia,davivienda,2018-01-29,14634121.3812
colombia,davivienda,2018-01-30,14516687.0738
colombia,davivienda,2018-01-31,14399252.7664
colombia,davivienda,2018-02-01,14372152.5417
colombia,davivienda,2018-02-02,14308918.6838
colombia,davivienda,2018-02-05,14001782.803
colombia,davivienda,2018-02-06,14182450.9682
colombia,davivienda,2018-02-07,14381185.9499
colombia,davivienda,2018-02-08,14227618.0095
colombia,davivienda,2018-02-09,14055983.2526
colombia,davivienda,2018-02-12,14408286.1747
colombia,davivienda,2018-02-13,14182450.9682
colombia,davivienda,2018-02-14,14218584.6012
colombia,davivienda,2018-02-15,14182450.9682
colombia,davivienda,2018-02-16,14209551.193
colombia,davivienda,2018-02-19,14092116.8856
colombia,davivienda,2018-02-20,13830148.0461
colombia,davivienda,2018-02-21,13640446.4726
colombia,davivienda,2018-02-22,13658513.2891
colombia,davivienda,2018-02-23,13622379.6561
colombia,davivienda,2018-02-26,13523012.1652
colombia,davivienda,2018-02-27,13468811.7157
colombia,davivienda,2018-02-28,13414611.2661
colombia,davivienda,2018-03-01,13550112.39
colombia,davivienda,2018-03-02,13550112.39
colombia,davivienda,2018-03-05,13441711.4909
colombia,davivienda,2018-03-06,13468811.7157
colombia,davivienda,2018-03-07,13495911.9404
colombia,davivienda,2018-03-08,13640446.4726
colombia,davivienda,2018-03-09,13640446.4726
colombia,davivienda,2018-03-12,13450744.8991
colombia,davivienda,2018-03-13,13495911.9404
colombia,davivienda,2018-03-14,13640446.4726
colombia,davivienda,2018-03-15,13658513.2891
colombia,davivienda,2018-03-16,13649479.8809
colombia,davivienda,2018-03-20,13595279.4313
colombia,davivienda,2018-03-21,13541078.9817
colombia,davivienda,2018-03-22,13541078.9817
colombia,davivienda,2018-03-23,13523012.1652
colombia,davivienda,2018-03-26,13523012.1652
colombia,davivienda,2018-03-27,13622379.6561
colombia,davivienda,2018-03-28,13604312.8396
colombia,davivienda,2018-04-02,13676580.1056
colombia,davivienda,2018-04-03,13956615.7617
colombia,davivienda,2018-04-04,14083083.4773
colombia,davivienda,2018-04-05,14164384.1517
colombia,davivienda,2018-04-06,14182450.9682
colombia,davivienda,2018-04-09,14254718.2343
colombia,davivienda,2018-04-10,14534753.8903
colombia,davivienda,2018-04-11,14905123.629
colombia,davivienda,2018-04-12,15040624.7529
colombia,davivienda,2018-04-13,14905123.629
colombia,davivienda,2018-04-16,14552820.7069
colombia,davivienda,2018-04-17,14905123.629
colombia,davivienda,2018-04-18,14995457.7116
colombia,davivienda,2018-04-19,15031591.3446
colombia,davivienda,2018-04-20,14814789.5464
colombia,davivienda,2018-04-23,14905123.629
colombia,davivienda,2018-04-24,14769622.5051
colombia,davivienda,2018-04-25,14896090.2207
colombia,davivienda,2018-04-26,14769622.5051
colombia,davivienda,2018-04-27,15031591.3446
colombia,davivienda,2018-04-30,15248393.1429
colombia,davivienda,2018-05-02,15275493.3677
colombia,davivienda,2018-05-03,15266459.9594
colombia,davivienda,2018-05-04,15130958.8355
colombia,davivienda,2018-05-07,14995457.7116
colombia,davivienda,2018-05-08,14995457.7116
colombia,davivienda,2018-05-09,15040624.7529
colombia,davivienda,2018-05-10,14914157.0373
colombia,davivienda,2018-05-11,14679288.4225
colombia,davivienda,2018-05-15,14769622.5051
colombia,davivienda,2018-05-16,14661221.606
colombia,davivienda,2018-05-17,14616054.5647
colombia,davivienda,2018-05-18,14552820.7069
colombia,davivienda,2018-05-21,14525720.4821
colombia,davivienda,2018-05-22,14905123.629
colombia,davivienda,2018-05-23,14950290.6703
colombia,davivienda,2018-05-24,15130958.8355
colombia,davivienda,2018-05-25,15248393.1429
colombia,davivienda,2018-05-28,15420027.8998
colombia,davivienda,2018-05-29,15609729.4733
colombia,davivienda,2018-05-30,15718130.3724
colombia,davivienda,2018-05-31,15564562.432
colombia,davivienda,2018-06-01,15691030.1476
colombia,davivienda,2018-06-05,15718130.3724
colombia,davivienda,2018-06-06,15898798.5376
colombia,davivienda,2018-06-07,15971065.8037
colombia,davivienda,2018-06-08,16124633.7441
colombia,davivienda,2018-06-12,16124633.7441
colombia,davivienda,2018-06-13,15934932.1706
colombia,davivienda,2018-06-14,16070433.2945
colombia,davivienda,2018-06-15,15898798.5376
colombia,davivienda,2018-06-18,15989132.6202
colombia,davivienda,2018-06-19,16061399.8863
colombia,davivienda,2018-06-20,16007199.4367
colombia,davivienda,2018-06-21,15943965.5789
colombia,davivienda,2018-06-22,15980099.2119
colombia,davivienda,2018-06-25,16070433.2945
colombia,davivienda,2018-06-26,16260134.868
colombia,davivienda,2018-06-27,16187867.6019
colombia,davivienda,2018-06-28,16124633.7441
colombia,davivienda,2018-06-29,16711805.281
colombia,davivienda,2018-07-03,16747938.914
colombia,davivienda,2018-07-04,16784072.5471
colombia,davivienda,2018-07-05,17073141.6114
colombia,davivienda,2018-07-06,16639538.0149
colombia,davivienda,2018-07-09,16495003.4828
colombia,davivienda,2018-07-10,16585337.5654
colombia,davivienda,2018-07-11,16585337.5654
colombia,davivienda,2018-07-12,16585337.5654
colombia,davivienda,2018-07-13,16585337.5654
colombia,davivienda,2018-07-16,16702771.8727
colombia,davivienda,2018-07-17,16702771.8727
colombia,davivienda,2018-07-18,16648571.4232
colombia,davivienda,2018-07-19,16639538.0149
colombia,davivienda,2018-07-23,16630504.6067
colombia,davivienda,2018-07-24,16621471.1984
colombia,davivienda,2018-07-25,16531137.1158
colombia,davivienda,2018-07-26,16531137.1158
colombia,davivienda,2018-07-27,16386602.5836
colombia,davivienda,2018-07-30,16485970.0745
colombia,davivienda,2018-07-31,16124633.7441
colombia,davivienda,2018-08-01,15989132.6202
colombia,davivienda,2018-08-02,15700063.5559
colombia,davivienda,2018-08-03,15537462.2072
colombia,davivienda,2018-08-06,15555529.0237
colombia,davivienda,2018-08-08,15582629.2485
colombia,davivienda,2018-08-09,15438094.7163
colombia,davivienda,2018-08-10,15627796.2898
colombia,davivienda,2018-08-13,15546495.6155
colombia,davivienda,2018-08-14,15546495.6155
colombia,davivienda,2018-08-15,15718130.3724
colombia,davivienda,2018-08-16,15609729.4733
colombia,davivienda,2018-08-17,15591662.6568
colombia,davivienda,2018-08-21,15546495.6155
colombia,davivienda,2018-08-22,15663929.9228
colombia,davivienda,2018-08-23,15311627.0007
colombia,davivienda,2018-08-24,15790397.6385
colombia,davivienda,2018-08-27,15681996.7394
colombia,davivienda,2018-08-28,15898798.5376
colombia,davivienda,2018-08-29,16133667.1524
colombia,davivienda,2018-08-30,16214967.8267
colombia,davivienda,2018-08-31,16034299.6615
colombia,davivienda,2018-09-03,16070433.2945
colombia,davivienda,2018-09-04,15799431.0467
colombia,davivienda,2018-09-05,15799431.0467
colombia,davivienda,2018-09-06,15898798.5376
colombia,davivienda,2018-09-07,15582629.2485
colombia,davivienda,2018-09-10,14923190.4455
colombia,davivienda,2018-09-11,15221292.9181
colombia,davivienda,2018-09-12,15139992.2438
colombia,davivienda,2018-09-13,15121925.4272
colombia,davivienda,2018-09-14,14923190.4455
colombia,davivienda,2018-09-17,15158059.0603
colombia,davivienda,2018-09-18,15356794.042
colombia,davivienda,2018-09-19,15501328.5742
colombia,davivienda,2018-09-20,15672963.3311
colombia,davivienda,2018-09-21,16260134.868
colombia,davivienda,2018-09-24,15916865.3541
colombia,davivienda,2018-09-25,15808464.455
colombia,davivienda,2018-09-26,15672963.3311
colombia,davivienda,2018-09-27,15474228.3494
colombia,davivienda,2018-09-28,15447128.1246
colombia,davivienda,2018-10-01,15266459.9594
colombia,davivienda,2018-10-02,15158059.0603
colombia,davivienda,2018-10-03,15410994.4916
colombia,davivienda,2018-10-04,15347760.6337
colombia,davivienda,2018-10-05,15347760.6337
colombia,davivienda,2018-10-08,14995457.7116
colombia,davivienda,2018-10-09,15329693.8172
colombia,davivienda,2018-10-10,15329693.8172
colombia,davivienda,2018-10-11,15320660.409
colombia,davivienda,2018-10-12,15049658.1612
colombia,davivienda,2018-10-16,15049658.1612
colombia,davivienda,2018-10-17,15248393.1429
colombia,davivienda,2018-10-18,14986424.3033
colombia,davivienda,2018-10-19,14878023.4042
colombia,davivienda,2018-10-22,14670255.0142
colombia,davivienda,2018-10-23,14110183.7021
colombia,davivienda,2018-10-24,14083083.4773
colombia,davivienda,2018-10-25,14001782.803
colombia,davivienda,2018-10-26,13830148.0461
colombia,davivienda,2018-10-29,13893381.9039
colombia,davivienda,2018-10-30,13992749.3947
colombia,davivienda,2018-10-31,14001782.803
colombia,davivienda,2018-11-01,14272785.0508
colombia,davivienda,2018-11-02,14679288.4225
colombia,davivienda,2018-11-06,14950290.6703
colombia,davivienda,2018-11-07,15410994.4916
colombia,davivienda,2018-11-08,15365827.4503
colombia,davivienda,2018-11-09,15230326.3264
colombia,davivienda,2018-11-13,15447128.1246
colombia,davivienda,2018-11-14,15130958.8355
colombia,davivienda,2018-11-15,15410994.4916
colombia,davivienda,2018-11-16,15356794.042
colombia,davivienda,2018-11-19,15194192.6933
colombia,davivienda,2018-11-20,14923190.4455
colombia,davivienda,2018-11-21,14950290.6703
colombia,davivienda,2018-11-22,14805756.1381
colombia,davivienda,2018-11-23,14616054.5647
colombia,davivienda,2018-11-26,15130958.8355
colombia,davivienda,2018-11-27,14769622.5051
colombia,davivienda,2018-11-28,14832856.3629
colombia,davivienda,2018-11-29,14814789.5464
colombia,davivienda,2018-11-30,14688321.8308
colombia,davivienda,2018-12-03,14832856.3629
colombia,davivienda,2018-12-04,14905123.629
colombia,davivienda,2018-12-05,14850923.1794
colombia,davivienda,2018-12-06,14769622.5051
colombia,davivienda,2018-12-07,14760589.0968
colombia,davivienda,2018-12-10,14561854.1151
colombia,davivienda,2018-12-11,14769622.5051
colombia,davivienda,2018-12-12,14634121.3812
colombia,davivienda,2018-12-13,15085791.7942
colombia,davivienda,2018-12-14,14814789.5464
colombia,davivienda,2018-12-17,14245684.826
colombia,davivienda,2018-12-18,14724455.4638
colombia,davivienda,2018-12-19,14010816.2113
colombia,davivienda,2018-12-20,13812081.2295
colombia,davivienda,2018-12-21,13369444.2248
colombia,davivienda,2018-12-24,13730780.5552
colombia,davivienda,2018-12-26,13640446.4726
colombia,davivienda,2018-12-27,13947582.3534
colombia,davivienda,2018-12-28,13965649.17
colombia,davivienda,2019-01-02,14453453.216
colombia,davivienda,2019-01-03,14453453.216
colombia,davivienda,2019-01-04,14543787.2986
colombia,davivienda,2019-01-08,14905123.629
colombia,davivienda,2019-01-09,15004491.1199
colombia,davivienda,2019-01-10,15266459.9594
colombia,davivienda,2019-01-11,15483261.7576
colombia,davivienda,2019-01-14,15483261.7576
colombia,davivienda,2019-01-15,15672963.3311
colombia,davivienda,2019-01-16,15492295.1659
colombia,davivienda,2019-01-17,15474228.3494
colombia,davivienda,2019-01-18,15492295.1659
colombia,davivienda,2019-01-21,15401961.0833
colombia,davivienda,2019-01-22,15573595.8402
colombia,davivienda,2019-01-23,15709096.9641
colombia,davivienda,2019-01-24,15736197.1889
colombia,davivienda,2019-01-25,16079466.7028
colombia,davivienda,2019-01-28,16214967.8267
colombia,davivienda,2019-01-29,15808464.455
colombia,davivienda,2019-01-30,15980099.2119
colombia,davivienda,2019-01-31,16097533.5193
colombia,davivienda,2019-02-01,16567270.7488
colombia,davivienda,2019-02-04,16531137.1158
colombia,davivienda,2019-02-05,16630504.6067
colombia,davivienda,2019-02-06,16440803.0332
colombia,davivienda,2019-02-07,16160767.3771
colombia,davivienda,2019-02-08,15952998.9872
colombia,davivienda,2019-02-11,16025266.2532
colombia,davivienda,2019-02-12,15862664.9046
colombia,davivienda,2019-02-13,16088500.1111
colombia,davivienda,2019-02-14,16892473.4462
colombia,davivienda,2019-02-15,16756972.3223
colombia,davivienda,2019-02-18,16720838.6893
colombia,davivienda,2019-02-19,16711805.281
colombia,davivienda,2019-02-20,16549203.9323
colombia,davivienda,2019-02-21,16440803.0332
colombia,davivienda,2019-02-22,16558237.3406
colombia,davivienda,2019-02-25,16973774.1205
colombia,davivienda,2019-02-26,17064108.2031
colombia,davivienda,2019-02-27,17073141.6114
colombia,davivienda,2019-02-28,17046041.3866
colombia,davivienda,2019-03-01,17118308.6527
colombia,davivienda,2019-03-04,17434477.9418
colombia,davivienda,2019-03-05,17750647.2309
colombia,davivienda,2019-03-06,17831947.9052
colombia,davivienda,2019-03-07,17100241.8362
colombia,davivienda,2019-03-08,16802139.3636
colombia,davivienda,2019-03-11,17253809.7766
colombia,davivienda,2019-03-12,17298976.8179
colombia,davivienda,2019-03-13,17524812.0244
colombia,davivienda,2019-03-14,17344143.8592
colombia,davivienda,2019-03-15,17253809.7766
colombia,davivienda,2019-03-18,17389310.9005
colombia,davivienda,2019-03-19,17298976.8179
colombia,davivienda,2019-03-20,17434477.9418
colombia,davivienda,2019-03-21,17073141.6114
colombia,davivienda,2019-03-22,16711805.281
colombia,davivienda,2019-03-26,16892473.4462
colombia,davivienda,2019-03-27,16756972.3223
colombia,davivienda,2019-03-28,16892473.4462
colombia,davivienda,2019-03-29,16892473.4462
colombia,davivienda,2019-04-01,17073141.6114
colombia,davivienda,2019-04-02,17027974.5701
colombia,davivienda,2019-04-03,17353177.2675
colombia,davivienda,2019-04-04,17398344.3088
colombia,davivienda,2019-04-05,17633212.9235
colombia,davivienda,2019-04-08,18021649.4787
colombia,davivienda,2019-04-09,18048749.7035
colombia,davivienda,2019-04-10,18157150.6026
colombia,davivienda,2019-04-11,17967449.0291
colombia,davivienda,2019-04-12,18057783.1117
colombia,davivienda,2019-04-15,17840981.3135
colombia,davivienda,2019-04-16,17840981.3135
colombia,davivienda,2019-04-17,17850014.7218
colombia,davivienda,2019-04-22,18021649.4787
colombia,davivienda,2019-04-23,18292651.7265
colombia,davivienda,2019-04-24,18157150.6026
colombia,davivienda,2019-04-25,18021649.4787
colombia,davivienda,2019-04-26,18157150.6026
colombia,davivienda,2019-04-29,18111983.5613
colombia,davivienda,2019-04-30,18066816.52
colombia,davivienda,2019-05-02,17931315.3961
colombia,davivienda,2019-05-03,17750647.2309
colombia,davivienda,2019-05-06,17524812.0244
colombia,davivienda,2019-05-07,16865373.2214
colombia,davivienda,2019-05-08,17027974.5701
colombia,davivienda,2019-05-09,17217676.1436
colombia,davivienda,2019-05-10,17163475.694
colombia,davivienda,2019-05-13,16585337.5654
colombia,davivienda,2019-05-14,16558237.3406
colombia,davivienda,2019-05-15,16702771.8727
colombia,davivienda,2019-05-16,17217676.1436
colombia,davivienda,2019-05-17,17118308.6527
colombia,davivienda,2019-05-20,16585337.5654
colombia,davivienda,2019-05-21,16928607.0792
colombia,davivienda,2019-05-22,16847306.4049
colombia,davivienda,2019-05-23,16711805.281
colombia,davivienda,2019-05-24,17000874.3453
colombia,davivienda,2019-05-27,17082175.0197
colombia,davivienda,2019-05-28,16847306.4049
colombia,davivienda,2019-05-29,16928607.0792
colombia,davivienda,2019-05-30,17100241.8362
colombia,davivienda,2019-05-31,17235742.9601
colombia,davivienda,2019-06-04,17253809.7766
colombia,davivienda,2019-06-05,17398344.3088
colombia,davivienda,2019-06-06,17533845.4327
colombia,davivienda,2019-06-07,17795814.2722
colombia,davivienda,2019-06-10,18066816.52
colombia,davivienda,2019-06-11,18175217.4191
colombia,davivienda,2019-06-12,18373952.4008
colombia,davivienda,2019-06-13,18301685.1348
colombia,davivienda,2019-06-14,18066816.52
colombia,davivienda,2019-06-17,18157150.6026
colombia,davivienda,2019-06-18,18238451.2769
colombia,davivienda,2019-06-19,18175217.4191
colombia,davivienda,2019-06-20,18292651.7265
colombia,davivienda,2019-06-21,18021649.4787
colombia,davivienda,2019-06-25,17913248.5796
colombia,davivienda,2019-06-26,17985515.8457
colombia,davivienda,2019-06-27,18111983.5613
colombia,davivienda,2019-06-28,18283618.3182
colombia,davivienda,2019-07-02,18021649.4787
colombia,davivienda,2019-07-03,18102950.153
colombia,davivienda,2019-07-04,18148117.1943
colombia,davivienda,2019-07-05,18292651.7265
colombia,davivienda,2019-07-08,18699155.0982
colombia,davivienda,2019-07-09,18437186.2587
colombia,davivienda,2019-07-10,18581720.7908
colombia,davivienda,2019-07-11,18518486.933
colombia,davivienda,2019-07-12,18699155.0982
colombia,davivienda,2019-07-15,18970157.346
colombia,davivienda,2019-07-16,19096625.0616
colombia,davivienda,2019-07-17,18861756.4469
colombia,davivienda,2019-07-18,18518486.933
colombia,davivienda,2019-07-19,18455253.0752
colombia,davivienda,2019-07-22,18410086.0339
colombia,davivienda,2019-07-23,18653988.0569
colombia,davivienda,2019-07-24,18690121.6899
colombia,davivienda,2019-07-25,18690121.6899
colombia,davivienda,2019-07-26,18744322.1395
colombia,davivienda,2019-07-29,18708188.5065
colombia,davivienda,2019-07-30,18247484.6852
colombia,davivienda,2019-07-31,18581720.7908
colombia,davivienda,2019-08-01,18428152.8504
colombia,davivienda,2019-08-02,18292651.7265
colombia,davivienda,2019-08-05,17795814.2722
colombia,davivienda,2019-08-06,18175217.4191
colombia,davivienda,2019-08-08,18653988.0569
colombia,davivienda,2019-08-09,18653988.0569
colombia,davivienda,2019-08-12,18608821.0156
colombia,davivienda,2019-08-13,19060491.4286
colombia,davivienda,2019-08-14,18789489.1808
colombia,davivienda,2019-08-15,18789489.1808
colombia,davivienda,2019-08-16,18970157.346
colombia,davivienda,2019-08-20,19123725.2864
colombia,davivienda,2019-08-21,18834656.2221
colombia,davivienda,2019-08-22,18970157.346
colombia,davivienda,2019-08-23,18699155.0982
colombia,davivienda,2019-08-26,18608821.0156
colombia,davivienda,2019-08-27,18382985.8091
colombia,davivienda,2019-08-28,18473319.8917
colombia,davivienda,2019-08-29,18771422.3643
colombia,davivienda,2019-08-30,18807555.9973
colombia,davivienda,2019-09-02,18726255.323
colombia,davivienda,2019-09-03,18798522.5891
colombia,davivienda,2019-09-04,18672054.8734
colombia,davivienda,2019-09-05,18744322.1395
colombia,davivienda,2019-09-06,18554620.566
colombia,davivienda,2019-09-09,18753355.5478
colombia,davivienda,2019-09-10,18717221.9147
colombia,davivienda,2019-09-11,18888856.6717
colombia,davivienda,2019-09-12,19006290.979
colombia,davivienda,2019-09-13,18699155.0982
colombia,davivienda,2019-09-16,18626887.8321
colombia,davivienda,2019-09-17,18599787.6073
colombia,davivienda,2019-09-18,18617854.4239
colombia,davivienda,2019-09-19,18608821.0156
colombia,davivienda,2019-09-20,18970157.346
colombia,davivienda,2019-09-23,18798522.5891
colombia,davivienda,2019-09-24,18672054.8734
colombia,davivienda,2019-09-25,18753355.5478
colombia,davivienda,2019-09-26,18970157.346
colombia,davivienda,2019-09-27,18961123.9377
colombia,davivienda,2019-09-30,19195992.5525
colombia,davivienda,2019-10-01,19195992.5525
colombia,davivienda,2019-10-02,18906923.4882
colombia,davivienda,2019-10-03,18825622.8138
colombia,davivienda,2019-10-04,19006290.979
colombia,davivienda,2019-10-07,19060491.4286
colombia,davivienda,2019-10-08,18997257.5708
colombia,davivienda,2019-10-09,18961123.9377
colombia,davivienda,2019-10-10,19141792.1029
colombia,davivienda,2019-10-11,19268259.8186
colombia,davivienda,2019-10-15,18888856.6717
colombia,davivienda,2019-10-16,18798522.5891
colombia,davivienda,2019-10-17,18879823.2634
colombia,davivienda,2019-10-18,18970157.346
colombia,davivienda,2019-10-21,18924990.3047
colombia,davivienda,2019-10-22,19223092.7773
colombia,davivienda,2019-10-23,19232126.1855
colombia,davivienda,2019-10-24,19421827.759
colombia,davivienda,2019-10-25,19602495.9242
colombia,davivienda,2019-10-28,19448927.9838
colombia,davivienda,2019-10-29,19629596.149
colombia,davivienda,2019-10-30,19656696.3738
colombia,davivienda,2019-10-31,19512161.8416
colombia,davivienda,2019-11-01,19620562.7407
colombia,davivienda,2019-11-05,20054166.3372
colombia,davivienda,2019-11-06,19945765.4381
colombia,davivienda,2019-11-07,19909631.805
colombia,davivienda,2019-11-08,20180634.0528
colombia,davivienda,2019-11-12,20207734.2776
colombia,davivienda,2019-11-13,20099333.3785
colombia,davivienda,2019-11-14,20207734.2776
colombia,davivienda,2019-11-15,20180634.0528
colombia,davivienda,2019-11-18,19882531.5803
colombia,davivienda,2019-11-19,19873498.172
colombia,davivienda,2019-11-20,19521195.2499
colombia,davivienda,2019-11-21,19692830.0068
colombia,davivienda,2019-11-22,19629596.149
colombia,davivienda,2019-11-25,19557328.8829
colombia,davivienda,2019-11-26,19421827.759
colombia,davivienda,2019-11-27,19548295.4746
colombia,davivienda,2019-11-28,19548295.4746
colombia,davivienda,2019-11-29,19873498.172
colombia,davivienda,2019-12-02,19503128.4333
colombia,davivienda,2019-12-03,19069524.8369
colombia,davivienda,2019-12-04,19087591.6534
colombia,davivienda,2019-12-05,19205025.9608
colombia,davivienda,2019-12-06,19195992.5525
colombia,davivienda,2019-12-09,19150825.5112
colombia,davivienda,2019-12-10,19349560.4929
colombia,davivienda,2019-12-11,19195992.5525
colombia,davivienda,2019-12-12,19602495.9242
colombia,davivienda,2019-12-13,19485061.6168
colombia,davivienda,2019-12-16,19665729.782
colombia,davivienda,2019-12-17,19873498.172
colombia,davivienda,2019-12-18,20054166.3372
colombia,davivienda,2019-12-19,20316135.1767
colombia,davivienda,2019-12-20,19855431.3555
colombia,davivienda,2019-12-23,19864464.7637
colombia,davivienda,2019-12-24,20207734.2776
colombia,davivienda,2019-12-26,20551003.7915
colombia,davivienda,2019-12-27,20551003.7915
colombia,davivienda,2019-12-30,20767805.5897
colombia,davivienda,2020-01-02,20596170.8328
colombia,davivienda,2020-01-03,20460669.7089
colombia,davivienda,2020-01-07,20551003.7915
colombia,davivienda,2020-01-08,20541970.3832
colombia,davivienda,2020-01-09,20180634.0528
colombia,davivienda,2020-01-10,20008999.2959
colombia,davivienda,2020-01-13,19873498.172
colombia,davivienda,2020-01-14,19963832.2546
colombia,davivienda,2020-01-15,19990932.4794
colombia,davivienda,2020-01-16,20225801.0941
colombia,davivienda,2020-01-17,20307101.7685
colombia,davivienda,2020-01-20,20415502.6676
colombia,davivienda,2020-01-21,20541970.3832
colombia,davivienda,2020-01-22,20541970.3832
colombia,davivienda,2020-01-23,20505836.7502
colombia,davivienda,2020-01-24,20578104.0163
colombia,davivienda,2020-01-27,20352268.8098
colombia,davivienda,2020-01-28,20433569.4841
colombia,davivienda,2020-01-29,20731671.9567
colombia,davivienda,2020-01-30,20776838.998
colombia,davivienda,2020-01-31,20767805.5897
colombia,davivienda,2020-02-03,20551003.7915
colombia,davivienda,2020-02-04,20632304.4658
colombia,davivienda,2020-02-05,21102041.6954
colombia,davivienda,2020-02-06,20876206.4889
colombia,davivienda,2020-02-07,21074941.4706
colombia,davivienda,2020-02-10,21047841.2458
colombia,davivienda,2020-02-11,20930406.9384
colombia,davivienda,2020-02-12,20867173.0806
colombia,davivienda,2020-02-13,21183342.3697
colombia,davivienda,2020-02-14,20785872.4063
colombia,davivienda,2020-02-17,20803939.2228
colombia,davivienda,2020-02-18,20912340.1219
colombia,davivienda,2020-02-19,21074941.4706
colombia,davivienda,2020-02-20,20740705.365
colombia,davivienda,2020-02-21,20325168.585
colombia,davivienda,2020-02-24,20325168.585
colombia,davivienda,2020-02-25,19963832.2546
colombia,davivienda,2020-02-26,19864464.7637
colombia,davivienda,2020-02-27,19241159.5938
colombia,davivienda,2020-02-28,18970157.346
colombia,davivienda,2020-03-02,18970157.346
colombia,davivienda,2020-03-03,18157150.6026
colombia,davivienda,2020-03-04,18536553.7495
colombia,davivienda,2020-03-05,18428152.8504
colombia,davivienda,2020-03-06,17479644.9831
colombia,davivienda,2020-03-09,15808464.455
colombia,davivienda,2020-03-10,15898798.5376
colombia,davivienda,2020-03-11,15221292.9181
colombia,davivienda,2020-03-12,13992749.3947
colombia,davivienda,2020-03-13,13992749.3947
colombia,davivienda,2020-03-16,12881640.1788
colombia,davivienda,2020-03-17,12818406.3209
colombia,davivienda,2020-03-18,10957524.2194
colombia,davivienda,2020-03-19,10370352.6825
colombia,davivienda,2020-03-20,11038824.8937
colombia,davivienda,2020-03-24,11020758.0772
colombia,davivienda,2020-03-25,12466103.3988
colombia,davivienda,2020-03-26,14119217.1104
colombia,davivienda,2020-03-27,13775947.5965
colombia,davivienda,2020-03-30,13784981.0048
colombia,davivienda,2020-03-31,13775947.5965
colombia,davivienda,2020-04-01,12466103.3988
colombia,davivienda,2020-04-02,12041533.2106
colombia,davivienda,2020-04-03,12195101.151
colombia,davivienda,2020-04-06,12872606.7705
colombia,davivienda,2020-04-07,12628704.7475
colombia,davivienda,2020-04-08,12827439.7292
colombia,davivienda,2020-04-13,12827439.7292
colombia,davivienda,2020-04-14,12962940.8531
colombia,davivienda,2020-04-15,13324277.1835
colombia,davivienda,2020-04-16,13242976.5092
colombia,davivienda,2020-04-17,13387511.0413
colombia,davivienda,2020-04-20,13405577.8578
colombia,davivienda,2020-04-21,12827439.7292
colombia,davivienda,2020-04-22,12511270.4401
colombia,davivienda,2020-04-23,13604312.8396
colombia,davivienda,2020-04-24,13288143.5505
colombia,davivienda,2020-04-27,12926807.2201
colombia,davivienda,2020-04-28,12719038.8301
colombia,davivienda,2020-04-29,13206842.8761
colombia,davivienda,2020-04-30,12971974.2614
colombia,davivienda,2020-05-04,12475136.8071
colombia,davivienda,2020-05-05,12420936.3575
colombia,davivienda,2020-05-06,12439003.174
colombia,davivienda,2020-05-07,12312535.4584
colombia,davivienda,2020-05-08,12294468.6419
colombia,davivienda,2020-05-11,12312535.4584
colombia,davivienda,2020-05-12,12168000.9262
colombia,davivienda,2020-05-13,11788597.7793
colombia,davivienda,2020-05-14,11517595.5315
colombia,davivienda,2020-05-15,11246593.2837
colombia,davivienda,2020-05-18,11517595.5315
colombia,davivienda,2020-05-19,11644063.2471
colombia,davivienda,2020-05-20,11553729.1645
colombia,davivienda,2020-05-21,11472428.4902
colombia,davivienda,2020-05-22,11282726.9167
colombia,davivienda,2020-05-26,10849123.3203
colombia,davivienda,2020-05-27,11201426.2424
colombia,davivienda,2020-05-28,11354994.1828
colombia,davivienda,2020-05-29,11065925.1185
colombia,davivienda,2020-06-01,11644063.2471
colombia,davivienda,2020-06-02,12131867.2932
colombia,davivienda,2020-06-03,12836473.1375
colombia,davivienda,2020-06-04,12827439.7292
colombia,davivienda,2020-06-05,13595279.4313
colombia,davivienda,2020-06-08,13956615.7617
colombia,davivienda,2020-06-09,13396544.4496
colombia,davivienda,2020-06-10,13477845.1239
colombia,davivienda,2020-06-11,12872606.7705
colombia,davivienda,2020-06-12,13414611.2661
colombia,davivienda,2020-06-16,13685613.5139
colombia,davivienda,2020-06-17,13730780.5552
colombia,davivienda,2020-06-18,13360410.8165
colombia,davivienda,2020-06-19,13550112.39
colombia,davivienda,2020-06-23,13495911.9404
colombia,davivienda,2020-06-24,13405577.8578
colombia,davivienda,2020-06-25,13532045.5735
colombia,davivienda,2020-06-26,12971974.2614
colombia,davivienda,2020-06-30,12646771.564
colombia,davivienda,2020-07-01,12529337.2566
colombia,davivienda,2020-07-02,12592571.1144
colombia,davivienda,2020-07-03,12673871.7888
colombia,davivienda,2020-07-06,13080375.1605
colombia,davivienda,2020-07-07,13089408.5687
colombia,davivienda,2020-07-08,13098441.977
colombia,davivienda,2020-07-09,13188776.0596
colombia,davivienda,2020-07-10,13143609.0183
colombia,davivienda,2020-07-13,13080375.1605
colombia,davivienda,2020-07-14,12881640.1788
colombia,davivienda,2020-07-15,12881640.1788
colombia,davivienda,2020-07-16,12809372.9127
colombia,davivienda,2020-07-17,12538370.6649
colombia,davivienda,2020-07-21,12556437.4814
colombia,davivienda,2020-07-22,12411902.9492
colombia,davivienda,2020-07-23,12601604.5227
colombia,davivienda,2020-07-24,12646771.564
colombia,davivienda,2020-07-27,12655804.9723
colombia,davivienda,2020-07-28,12646771.564
colombia,davivienda,2020-07-29,12728072.2383
colombia,davivienda,2020-07-30,12556437.4814
colombia,davivienda,2020-07-31,12466103.3988
colombia,davivienda,2020-08-03,12402869.541
colombia,davivienda,2020-08-04,12032499.8023
colombia,davivienda,2020-08-05,12014432.9858
colombia,davivienda,2020-08-06,12158967.518
colombia,davivienda,2020-08-10,12195101.151
colombia,davivienda,2020-08-11,11896998.6784
colombia,davivienda,2020-08-12,11860865.0454
colombia,davivienda,2020-08-13,12095733.6601
colombia,davivienda,2020-08-14,12249301.6006
colombia,davivienda,2020-08-18,12240268.1923
colombia,davivienda,2020-08-19,12240268.1923
colombia,davivienda,2020-08-20,12411902.9492
colombia,davivienda,2020-08-21,12529337.2566
colombia,davivienda,2020-08-24,12556437.4814
colombia,davivienda,2020-08-25,12917773.8118
colombia,davivienda,2020-08-26,12872606.7705
colombia,davivienda,2020-08-27,12854539.954
colombia,davivienda,2020-08-28,12962940.8531
colombia,davivienda,2020-08-31,13089408.5687
colombia,davivienda,2020-09-01,13134575.61
colombia,davivienda,2020-09-02,13324277.1835
colombia,davivienda,2020-09-03,13143609.0183
colombia,davivienda,2020-09-04,13396544.4496
colombia,davivienda,2020-09-07,13369444.2248
colombia,davivienda,2020-09-08,13188776.0596
colombia,davivienda,2020-09-09,13233943.1009
colombia,davivienda,2020-09-10,13170709.2431
colombia,davivienda,2020-09-11,12962940.8531
colombia,davivienda,2020-09-14,12872606.7705
colombia,davivienda,2020-09-15,12899706.9953
colombia,davivienda,2020-09-16,13053274.9357
colombia,davivienda,2020-09-17,12782272.6879
colombia,davivienda,2020-09-18,12818406.3209
colombia,davivienda,2020-09-21,12818406.3209
colombia,davivienda,2020-09-22,13089408.5687
colombia,davivienda,2020-09-23,12719038.8301
colombia,davivienda,2020-09-24,12637738.1557
colombia,davivienda,2020-09-25,12330602.2749
colombia,davivienda,2020-09-28,12375769.3162
colombia,davivienda,2020-09-29,12330602.2749
colombia,davivienda,2020-09-30,12375769.3162
colombia,davivienda,2020-10-01,12375769.3162
colombia,davivienda,2020-10-02,12267368.4171
colombia,davivienda,2020-10-05,12371252.6121
colombia,davivienda,2020-10-06,12204134.5593
colombia,davivienda,2020-10-07,12213167.9675
colombia,davivienda,2020-10-08,12177034.3345
colombia,davivienda,2020-10-09,12195101.151
colombia,davivienda,2020-10-13,11964749.2404
colombia,davivienda,2020-10-14,11738914.0339
colombia,davivienda,2020-10-15,11517595.5315
colombia,davivienda,2020-10-16,11711813.8091
colombia,davivienda,2020-10-19,11766014.2587
colombia,davivienda,2020-10-20,12073150.1395
colombia,davivienda,2020-10-21,12226718.0799
colombia,davivienda,2020-10-22,12217684.6717
colombia,davivienda,2020-10-23,12285435.2336
colombia,davivienda,2020-10-26,12059600.0271
colombia,davivienda,2020-10-27,11982816.0569
colombia,davivienda,2020-10-28,11635029.8389
colombia,davivienda,2020-10-29,11919582.1991
colombia,davivienda,2020-10-30,11350477.4787
colombia,davivienda,2020-11-03,11743430.738
colombia,davivienda,2020-11-04,11653096.6554
colombia,davivienda,2020-11-05,11901515.3826
colombia,davivienda,2020-11-06,11969265.9445
colombia,davivienda,2020-11-09,12375769.3162
colombia,davivienda,2020-11-10,12104767.0684
colombia,davivienda,2020-11-11,12249301.6006
colombia,davivienda,2020-11-12,12177034.3345
colombia,davivienda,2020-11-13,12330602.2749
colombia,davivienda,2020-11-17,12339635.6832
colombia,davivienda,2020-11-18,12547404.0731
colombia,davivienda,2020-11-19,12330602.2749
colombia,davivienda,2020-11-20,12466103.3988
colombia,davivienda,2020-11-23,12646771.564
colombia,davivienda,2020-11-24,12981007.6696
colombia,davivienda,2020-11-25,12917773.8118
colombia,davivienda,2020-11-26,12953907.4448
colombia,davivienda,2020-11-27,12651288.2681
colombia,davivienda,2020-11-30,12691938.6053
colombia,davivienda,2020-12-01,13098441.977
colombia,davivienda,2020-12-02,13071341.7522
colombia,davivienda,2020-12-03,13148125.7224
colombia,davivienda,2020-12-04,13617862.9519
colombia,davivienda,2020-12-07,14033399.7319
colombia,davivienda,2020-12-09,15040624.7529
colombia,davivienda,2020-12-10,15130958.8355
colombia,davivienda,2020-12-11,15139992.2438
colombia,davivienda,2020-12-14,15311627.0007
colombia,davivienda,2020-12-15,15578112.5444
colombia,davivienda,2020-12-16,15763297.4137
colombia,davivienda,2020-12-17,16373052.4713
colombia,davivienda,2020-12-18,16395635.9919
colombia,davivienda,2020-12-21,15763297.4137
colombia,davivienda,2020-12-22,16097533.5193
colombia,davivienda,2020-12-23,16260134.868
colombia,davivienda,2020-12-24,16151733.9689
colombia,davivienda,2020-12-28,16621471.1984
colombia,davivienda,2020-12-29,16350468.9506
colombia,davivienda,2020-12-30,16440803.0332
colombia,davivienda,2021-01-04,16160767.3771
colombia,davivienda,2021-01-05,15745230.5972
colombia,davivienda,2021-01-06,16029782.9574
colombia,davivienda,2021-01-07,15898798.5376
colombia,davivienda,2021-01-08,15889765.1293
colombia,davivienda,2021-01-12,15763297.4137
colombia,davivienda,2021-01-13,15718130.3724
colombia,davivienda,2021-01-14,15993649.3243
colombia,davivienda,2021-01-15,15808464.455
colombia,davivienda,2021-01-18,15785880.9344
colombia,davivienda,2021-01-19,15587145.9526
colombia,davivienda,2021-01-20,15221292.9181
colombia,davivienda,2021-01-21,14968357.4868
colombia,davivienda,2021-01-22,14588954.3399
colombia,davivienda,2021-01-25,14525720.4821
colombia,davivienda,2021-01-26,14457969.9201
colombia,davivienda,2021-01-27,14679288.4225
colombia,davivienda,2021-01-28,14814789.5464
colombia,davivienda,2021-01-29,15221292.9181
colombia,davivienda,2021-02-01,15153542.3562
colombia,davivienda,2021-02-02,15085791.7942
colombia,davivienda,2021-02-03,14837373.0671
colombia,davivienda,2021-02-04,14724455.4638
colombia,davivienda,2021-02-05,14588954.3399
colombia,davivienda,2021-02-08,14972874.191
colombia,davivienda,2021-02-09,15243876.4388
colombia,davivienda,2021-02-10,14954807.3744
colombia,davivienda,2021-02-11,15040624.7529
colombia,davivienda,2021-02-12,14918673.7414
colombia,davivienda,2021-02-15,15004491.1199
colombia,davivienda,2021-02-16,15040624.7529
colombia,davivienda,2021-02-17,14769622.5051
colombia,davivienda,2021-02-18,14634121.3812
colombia,davivienda,2021-02-19,14588954.3399
colombia,davivienda,2021-02-22,14530237.1862
colombia,davivienda,2021-02-23,14670255.0142
colombia,davivienda,2021-02-24,14728972.1679
colombia,davivienda,2021-02-25,14317952.0921
colombia,davivienda,2021-02-26,14223101.3054
colombia,davivienda,2021-03-01,14448936.5119
colombia,davivienda,2021-03-02,14439903.1036
colombia,davivienda,2021-03-03,14326985.5004
colombia,davivienda,2021-03-04,14299885.2756
colombia,davivienda,2021-03-05,14706388.6473
colombia,davivienda,2021-03-08,14363119.1334
colombia,davivienda,2021-03-09,14227618.0095
colombia,davivienda,2021-03-10,14046949.8443
colombia,davivienda,2021-03-11,14092116.8856
colombia,davivienda,2021-03-12,14092116.8856
colombia,davivienda,2021-03-15,14060499.9567
colombia,davivienda,2021-03-16,13974682.5782
colombia,davivienda,2021-03-17,13902415.3121
colombia,davivienda,2021-03-18,13550112.39
colombia,davivienda,2021-03-19,13369444.2248
colombia,davivienda,2021-03-23,13464295.0115
colombia,davivienda,2021-03-24,13676580.1056
colombia,davivienda,2021-03-25,13789497.7089
colombia,davivienda,2021-03-26,13748847.3717
colombia,davivienda,2021-03-29,13730780.5552
colombia,davivienda,2021-03-30,13622379.6561
colombia,davivienda,2021-03-31,13482361.828
colombia,davivienda,2021-04-05,13604312.8396
colombia,davivienda,2021-04-06,13739813.9635
colombia,davivienda,2021-04-07,13857248.2708
colombia,davivienda,2021-04-08,13929515.5369
colombia,davivienda,2021-04-09,13888865.1998
colombia,davivienda,2021-04-12,13694646.9222
colombia,davivienda,2021-04-13,13640446.4726
colombia,davivienda,2021-04-14,13952099.0576
colombia,davivienda,2021-04-15,13902415.3121
colombia,davivienda,2021-04-16,14092116.8856
colombia,davivienda,2021-04-19,13992749.3947
colombia,davivienda,2021-04-20,13983715.9865
colombia,davivienda,2021-04-21,13920482.1287
colombia,davivienda,2021-04-22,13721747.1469
colombia,davivienda,2021-04-23,13568179.2065
colombia,davivienda,2021-04-26,14001782.803
colombia,davivienda,2021-04-27,14200517.7847
colombia,davivienda,2021-04-28,14069533.3649
colombia,davivienda,2021-04-29,13766914.1882
colombia,davivienda,2021-04-30,13238459.805
colombia,davivienda,2021-05-03,12872606.7705
colombia,davivienda,2021-05-04,12732588.9425
colombia,davivienda,2021-05-05,12999074.4861
colombia,davivienda,2021-05-06,13635929.7685
colombia,davivienda,2021-05-07,13902415.3121
colombia,davivienda,2021-05-10,14354085.7251
colombia,davivienda,2021-05-11,14069533.3649
colombia,davivienda,2021-05-12,13924998.8328
colombia,davivienda,2021-05-13,13911448.7204
colombia,davivienda,2021-05-14,14092116.8856
colombia,davivienda,2021-05-18,13595279.4313
colombia,davivienda,2021-05-19,13541078.9817
colombia,davivienda,2021-05-20,13545595.6859
colombia,davivienda,2021-05-21,13590762.7272
colombia,davivienda,2021-05-24,13446228.195
colombia,davivienda,2021-05-25,13382994.3372
colombia,davivienda,2021-05-26,12917773.8118
colombia,davivienda,2021-05-27,12691938.6053
colombia,davivienda,2021-05-28,13053274.9357
colombia,davivienda,2021-05-31,13098441.977
colombia,davivienda,2021-06-01,13414611.2661
colombia,davivienda,2021-06-02,13265560.0298
colombia,davivienda,2021-06-03,13545595.6859
colombia,davivienda,2021-06-04,13726263.8511
colombia,davivienda,2021-06-08,13726263.8511
colombia,davivienda,2021-06-09,13911448.7204
colombia,davivienda,2021-06-10,14123733.8145
colombia,davivienda,2021-06-11,13911448.7204
colombia,davivienda,2021-06-15,13382994.3372
colombia,davivienda,2021-06-16,13504945.3487
colombia,davivienda,2021-06-17,13310727.0711
colombia,davivienda,2021-06-18,13053274.9357
colombia,davivienda,2021-06-21,12850023.2498
colombia,davivienda,2021-06-22,12827439.7292
colombia,davivienda,2021-06-23,12985524.3737
colombia,davivienda,2021-06-24,13369444.2248
colombia,davivienda,2021-06-25,13310727.0711
colombia,davivienda,2021-06-28,13143609.0183
colombia,davivienda,2021-06-29,12719038.8301
colombia,davivienda,2021-06-30,12439003.174
colombia,davivienda,2021-07-01,12651288.2681
colombia,davivienda,2021-07-02,12971974.2614
colombia,davivienda,2021-07-06,12746139.0549
colombia,davivienda,2021-07-07,12935840.6283
colombia,davivienda,2021-07-08,13256526.6215
colombia,davivienda,2021-07-09,13346860.7041
colombia,davivienda,2021-07-12,13482361.828
colombia,davivienda,2021-07-13,13504945.3487
colombia,davivienda,2021-07-14,13504945.3487
colombia,davivienda,2021-07-15,13441711.4909
colombia,davivienda,2021-07-16,13342344.0
colombia,davivienda,2021-07-19,13098441.977
colombia,davivienda,2021-07-21,13148125.7224
colombia,davivienda,2021-07-22,13324277.1835
colombia,davivienda,2021-07-23,13111992.0894
colombia,davivienda,2021-07-26,13012624.5985
colombia,davivienda,2021-07-27,13116508.7935
colombia,davivienda,2021-07-28,13008107.8944
colombia,davivienda,2021-07-29,13003591.1903
colombia,davivienda,2021-07-30,12962940.8531
colombia,davivienda,2021-08-02,12872606.7705
colombia,davivienda,2021-08-03,12782272.6879
colombia,davivienda,2021-08-04,13039724.8233
colombia,davivienda,2021-08-05,12822923.0251
colombia,davivienda,2021-08-06,12836473.1375
colombia,davivienda,2021-08-09,12944874.0366
colombia,davivienda,2021-08-10,13008107.8944
colombia,davivienda,2021-08-11,13125542.2018
colombia,davivienda,2021-08-12,13550112.39
colombia,davivienda,2021-08-13,14001782.803
colombia,davivienda,2021-08-17,14227618.0095
colombia,davivienda,2021-08-18,14765105.801
colombia,davivienda,2021-08-19,14588954.3399
colombia,davivienda,2021-08-20,14670255.0142
colombia,davivienda,2021-08-23,14923190.4455
colombia,davivienda,2021-08-24,14760589.0968
colombia,davivienda,2021-08-25,14543787.2986
colombia,davivienda,2021-08-26,14150834.0393
colombia,davivienda,2021-08-27,14697355.239
colombia,davivienda,2021-08-30,14670255.0142
colombia,davivienda,2021-08-31,14724455.4638
colombia,davivienda,2021-09-01,14719938.7597
colombia,davivienda,2021-09-02,14697355.239
colombia,davivienda,2021-09-03,14719938.7597
colombia,davivienda,2021-09-06,14561854.1151
colombia,davivienda,2021-09-07,14679288.4225
colombia,davivienda,2021-09-08,14665738.3101
colombia,davivienda,2021-09-09,14769622.5051
colombia,davivienda,2021-09-10,14602504.4523
colombia,davivienda,2021-09-13,14453453.216
colombia,davivienda,2021-09-14,14412802.8788
colombia,davivienda,2021-09-15,14417319.583
colombia,davivienda,2021-09-16,14697355.239
colombia,davivienda,2021-09-17,14281818.4591
colombia,davivienda,2021-09-20,14245684.826
colombia,davivienda,2021-09-21,13866281.6791
colombia,davivienda,2021-09-22,13997266.0989
colombia,davivienda,2021-09-23,14317952.0921
colombia,davivienda,2021-09-24,14299885.2756
colombia,davivienda,2021-09-27,14778655.9134
colombia,davivienda,2021-09-28,14719938.7597
colombia,davivienda,2021-09-29,14819306.2505
colombia,davivienda,2021-09-30,15085791.7942
colombia,davivienda,2021-10-01,15085791.7942
colombia,davivienda,2021-10-04,14995457.7116
colombia,davivienda,2021-10-05,15009007.824
colombia,davivienda,2021-10-06,15031591.3446
colombia,davivienda,2021-10-07,15162575.7644
colombia,davivienda,2021-10-08,15167092.4685
colombia,davivienda,2021-10-11,15252909.847
colombia,davivienda,2021-10-12,14918673.7414
colombia,davivienda,2021-10-13,15130958.8355
colombia,davivienda,2021-10-14,15605212.7691
colombia,davivienda,2021-10-15,15582629.2485
colombia,davivienda,2021-10-19,15451644.8287
colombia,davivienda,2021-10-20,15370344.1544
colombia,davivienda,2021-10-21,15564562.432
colombia,davivienda,2021-10-22,15302593.5924
colombia,davivienda,2021-10-25,15338727.2255
colombia,davivienda,2021-10-26,15514878.6866
colombia,davivienda,2021-10-27,15537462.2072
colombia,davivienda,2021-10-28,15605212.7691
colombia,davivienda,2021-10-29,15316143.7048
colombia,davivienda,2021-11-02,15266459.9594
colombia,davivienda,2021-11-03,15343243.9296
colombia,davivienda,2021-11-04,15347760.6337
colombia,davivienda,2021-11-05,15176125.8768
colombia,davivienda,2021-11-08,15352277.3379
colombia,davivienda,2021-11-09,15153542.3562
colombia,davivienda,2021-11-10,15036108.0488
colombia,davivienda,2021-11-11,14905123.629
colombia,davivienda,2021-11-12,14476036.7366
colombia,davivienda,2021-11-16,14182450.9682
colombia,davivienda,2021-11-17,13956615.7617
colombia,davivienda,2021-11-18,13938548.9452
colombia,davivienda,2021-11-19,13414611.2661
colombia,davivienda,2021-11-22,13685613.5139
colombia,davivienda,2021-11-23,13997266.0989
colombia,davivienda,2021-11-24,13775947.5965
colombia,davivienda,2021-11-25,13911448.7204
colombia,davivienda,2021-11-26,13685613.5139
colombia,davivienda,2021-11-29,13685613.5139
colombia,davivienda,2021-11-30,14001782.803
colombia,davivienda,2021-12-01,14634121.3812
colombia,davivienda,2021-12-02,14841889.7712
colombia,davivienda,2021-12-03,14905123.629
colombia,davivienda,2021-12-06,14859956.5877
colombia,davivienda,2021-12-07,14945773.9662
colombia,davivienda,2021-12-09,14787689.3216
colombia,davivienda,2021-12-10,14367635.8375
colombia,davivienda,2021-12-13,14001782.803
colombia,davivienda,2021-12-14,14096633.5897
colombia,davivienda,2021-12-15,14182450.9682
colombia,davivienda,2021-12-16,14611537.8606
colombia,davivienda,2021-12-17,14046949.8443
colombia,davivienda,2021-12-20,14760589.0968
colombia,davivienda,2021-12-21,14218584.6012
colombia,davivienda,2021-12-22,14539270.5945
colombia,davivienda,2021-12-23,14588954.3399
colombia,davivienda,2021-12-24,14665738.3101
colombia,davivienda,2021-12-27,14453453.216
colombia,davivienda,2021-12-28,14453453.216
colombia,davivienda,2021-12-29,14453453.216
colombia,davivienda,2021-12-30,14363119.1334
colombia,davivienda,2022-01-03,14462486.6243
colombia,davivienda,2022-01-04,14588954.3399
colombia,davivienda,2022-01-05,14317952.0921
colombia,davivienda,2022-01-06,14001782.803
colombia,davivienda,2022-01-07,14028883.0278
colombia,davivienda,2022-01-11,14227618.0095
colombia,davivienda,2022-01-12,14512170.3697
colombia,davivienda,2022-01-13,14593471.044
colombia,davivienda,2022-01-14,14408286.1747
colombia,davivienda,2022-01-17,15040624.7529
colombia,davivienda,2022-01-18,15356794.042
colombia,davivienda,2022-01-19,15153542.3562
colombia,davivienda,2022-01-20,14679288.4225
colombia,davivienda,2022-01-21,14643154.7895
colombia,davivienda,2022-01-24,14588954.3399
colombia,davivienda,2022-01-25,14665738.3101
colombia,davivienda,2022-01-26,14634121.3812
colombia,davivienda,2022-01-27,14593471.044
colombia,davivienda,2022-01-28,14765105.801
colombia,davivienda,2022-01-31,15040624.7529
colombia,davivienda,2022-02-01,14697355.239
colombia,davivienda,2022-02-02,14453453.216
colombia,davivienda,2022-02-03,14372152.5417
colombia,davivienda,2022-02-04,14340535.6127
colombia,davivienda,2022-02-07,14448936.5119
colombia,davivienda,2022-02-08,14227618.0095
colombia,davivienda,2022-02-09,14241168.1219
colombia,davivienda,2022-02-10,14182450.9682
colombia,davivienda,2022-02-11,14331502.2045
colombia,davivienda,2022-02-14,14345052.3169
colombia,davivienda,2022-02-15,14403769.4706
colombia,davivienda,2022-02-16,14241168.1219
colombia,davivienda,2022-02-17,13970165.8741
colombia,davivienda,2022-02-18,14223101.3054
colombia,davivienda,2022-02-21,14177934.2641
colombia,davivienda,2022-02-22,13848214.8626
colombia,davivienda,2022-02-23,14358602.4293
colombia,davivienda,2022-02-24,14444419.8077
colombia,davivienda,2022-02-25,14408286.1747
colombia,davivienda,2022-02-28,14453453.216
colombia,davivienda,2022-03-01,14453453.216
colombia,davivienda,2022-03-02,14494103.5532
colombia,davivienda,2022-03-03,14543787.2986
colombia,davivienda,2022-03-04,14453453.216
colombia,davivienda,2022-03-07,14453453.216
colombia,davivienda,2022-03-08,14462486.6243
colombia,davivienda,2022-03-09,14277301.7549
colombia,davivienda,2022-03-10,14123733.8145
colombia,davivienda,2022-03-11,14128250.5186
colombia,davivienda,2022-03-14,13866281.6791
colombia,davivienda,2022-03-15,13920482.1287
colombia,davivienda,2022-03-16,14105666.998
colombia,davivienda,2022-03-17,14272785.0508
colombia,davivienda,2022-03-18,14814789.5464
colombia,davivienda,2022-03-22,14634121.3812
colombia,davivienda,2022-03-23,14769622.5051
colombia,davivienda,2022-03-24,14941257.262
colombia,davivienda,2022-03-25,14900606.9249
colombia,davivienda,2022-03-28,14995457.7116
colombia,davivienda,2022-03-29,15018041.2323
colombia,davivienda,2022-03-30,14823822.9547
colombia,davivienda,2022-03-31,14882540.1083
colombia,davivienda,2022-04-01,15076758.3859
colombia,davivienda,2022-04-04,15081275.0901
colombia,davivienda,2022-04-05,15311627.0007
colombia,davivienda,2022-04-06,15316143.7048
colombia,davivienda,2022-04-07,15356794.042
colombia,davivienda,2022-04-08,15718130.3724
colombia,davivienda,2022-04-11,15627796.2898
colombia,davivienda,2022-04-12,15573595.8402
colombia,davivienda,2022-04-13,15573595.8402
colombia,davivienda,2022-04-18,15379377.5627
colombia,davivienda,2022-04-19,15085791.7942
colombia,davivienda,2022-04-20,14995457.7116
colombia,davivienda,2022-04-21,14950290.6703
colombia,davivienda,2022-04-22,15040624.7529
colombia,davivienda,2022-04-25,14679288.4225
colombia,davivienda,2022-04-26,14995457.7116
colombia,davivienda,2022-04-27,14995457.7116
colombia,davivienda,2022-04-28,15212259.5098
colombia,davivienda,2022-04-29,14995457.7116
colombia,davivienda,2022-05-02,15356794.042
colombia,davivienda,2022-05-03,15189675.9892
colombia,davivienda,2022-05-04,14923190.4455
colombia,davivienda,2022-05-05,14471520.0325
colombia,davivienda,2022-05-06,14146317.3352
colombia,davivienda,2022-05-09,14001782.803
colombia,davivienda,2022-05-10,14155350.7434
colombia,davivienda,2022-05-11,14453453.216
colombia,davivienda,2022-05-12,14317952.0921
colombia,davivienda,2022-05-13,14227618.0095
colombia,davivienda,2022-05-16,14679288.4225
colombia,davivienda,2022-05-17,14579920.9316
colombia,davivienda,2022-05-18,14137283.9269
colombia,davivienda,2022-05-19,14083083.4773
colombia,davivienda,2022-05-20,14859956.5877
colombia,davivienda,2022-05-23,14995457.7116
colombia,davivienda,2022-05-24,14905123.629
colombia,davivienda,2022-05-25,14905123.629
colombia,davivienda,2022-05-26,15085791.7942
colombia,davivienda,2022-05-27,15356794.042
colombia,davivienda,2022-05-31,16508553.5951
colombia,davivienda,2022-06-01,16621471.1984
colombia,davivienda,2022-06-02,16698255.1686
colombia,davivienda,2022-06-03,16711805.281
colombia,davivienda,2022-06-06,16327885.43
colombia,davivienda,2022-06-07,16549203.9323
colombia,davivienda,2022-06-08,15831047.9757
colombia,davivienda,2022-06-09,15808464.455
colombia,davivienda,2022-06-10,15672963.3311
colombia,davivienda,2022-06-13,15356794.042
colombia,davivienda,2022-06-14,15808464.455
colombia,davivienda,2022-06-15,15853631.4963
colombia,davivienda,2022-06-16,15880731.7211
colombia,davivienda,2022-06-17,16034299.6615
colombia,davivienda,2022-06-21,15356794.042
colombia,davivienda,2022-06-22,15311627.0007
colombia,davivienda,2022-06-23,15356794.042
colombia,davivienda,2022-06-24,15573595.8402
colombia,davivienda,2022-06-28,15356794.042
colombia,davivienda,2022-06-29,15130958.8355
colombia,davivienda,2022-06-30,15221292.9181
colombia,davivienda,2022-07-01,15356794.042
colombia,davivienda,2022-07-05,14859956.5877
colombia,davivienda,2022-07-06,14995457.7116
colombia,davivienda,2022-07-07,14593471.044
colombia,davivienda,2022-07-08,14439903.1036
colombia,davivienda,2022-07-11,14417319.583
colombia,davivienda,2022-07-12,14092116.8856
colombia,davivienda,2022-07-13,13866281.6791
colombia,davivienda,2022-07-14,13459778.3074
colombia,davivienda,2022-07-15,13098441.977
colombia,davivienda,2022-07-18,13233943.1009
colombia,davivienda,2022-07-19,13233943.1009
colombia,davivienda,2022-07-21,13247493.2133
colombia,davivienda,2022-07-22,12700972.0136
colombia,davivienda,2022-07-25,13550112.39
colombia,davivienda,2022-07-26,13550112.39
colombia,davivienda,2022-07-27,13550112.39
colombia,davivienda,2022-07-28,13775947.5965
colombia,davivienda,2022-07-29,13830148.0461
colombia,davivienda,2022-08-01,13324277.1835
colombia,davivienda,2022-08-02,13482361.828
colombia,davivienda,2022-08-03,13405577.8578
colombia,davivienda,2022-08-04,13550112.39
colombia,davivienda,2022-08-05,13726263.8511
colombia,davivienda,2022-08-08,14069533.3649
colombia,davivienda,2022-08-09,13775947.5965
colombia,davivienda,2022-08-10,13911448.7204
colombia,davivienda,2022-08-11,14001782.803
colombia,davivienda,2022-08-12,14137283.9269
colombia,davivienda,2022-08-16,14137283.9269
colombia,davivienda,2022-08-17,14001782.803
colombia,davivienda,2022-08-18,14132767.2228
colombia,davivienda,2022-08-19,14092116.8856
colombia,davivienda,2022-08-22,13848214.8626
colombia,davivienda,2022-08-23,13794014.413
colombia,davivienda,2022-08-24,14137283.9269
colombia,davivienda,2022-08-25,14001782.803
colombia,davivienda,2022-08-26,14092116.8856
colombia,davivienda,2022-08-29,14001782.803
colombia,davivienda,2022-08-30,14001782.803
colombia,davivienda,2022-08-31,14001782.803
colombia,davivienda,2022-09-01,13775947.5965
colombia,davivienda,2022-09-02,14001782.803
colombia,davivienda,2022-09-05,14001782.803
colombia,davivienda,2022-09-06,13843698.1585
colombia,davivienda,2022-09-07,13906932.0163
colombia,davivienda,2022-09-08,14177934.2641
colombia,davivienda,2022-09-09,13929515.5369
colombia,davivienda,2022-09-12,13956615.7617
colombia,davivienda,2022-09-13,13676580.1056
colombia,davivienda,2022-09-14,13035208.1192
colombia,davivienda,2022-09-15,13369444.2248
colombia,davivienda,2022-09-16,12899706.9953
colombia,davivienda,2022-09-19,13414611.2661
colombia,davivienda,2022-09-20,13450744.8991
colombia,davivienda,2022-09-21,13396544.4496
colombia,davivienda,2022-09-22,13513978.757
colombia,davivienda,2022-09-23,13550112.39
colombia,davivienda,2022-09-26,13550112.39
colombia,davivienda,2022-09-27,13098441.977
colombia,davivienda,2022-09-28,13017141.3027
colombia,davivienda,2022-09-29,13486878.5322
colombia,davivienda,2022-09-30,13545595.6859
colombia,davivienda,2022-10-03,13550112.39
colombia,davivienda,2022-10-04,14001782.803
colombia,davivienda,2022-10-05,14448936.5119
colombia,davivienda,2022-10-06,14453453.216
colombia,davivienda,2022-10-07,14336018.9086
colombia,davivienda,2022-10-10,14227618.0095
colombia,davivienda,2022-10-11,14453453.216
colombia,davivienda,2022-10-12,14295368.5715
colombia,davivienda,2022-10-13,14227618.0095
colombia,davivienda,2022-10-14,14001782.803
colombia,davivienda,2022-10-18,13324277.1835
colombia,davivienda,2022-10-19,13324277.1835
colombia,davivienda,2022-10-20,13030691.415
colombia,davivienda,2022-10-21,12755172.4631
colombia,davivienda,2022-10-24,12195101.151
colombia,davivienda,2022-10-25,12271885.1212
colombia,davivienda,2022-10-26,11982816.0569
colombia,davivienda,2022-10-27,11969265.9445
colombia,davivienda,2022-10-28,11797631.1876
colombia,davivienda,2022-10-31,11743430.738
colombia,davivienda,2022-11-01,12064116.7312
colombia,davivienda,2022-11-02,12055083.323
colombia,davivienda,2022-11-03,11969265.9445
colombia,davivienda,2022-11-04,12059600.0271
colombia,davivienda,2022-11-08,12195101.151
colombia,davivienda,2022-11-09,12240268.1923
colombia,davivienda,2022-11-10,12420936.3575
colombia,davivienda,2022-11-11,12420936.3575
colombia,davivienda,2022-11-15,12628704.7475
colombia,davivienda,2022-11-16,12579021.0021
colombia,davivienda,2022-11-17,12375769.3162
colombia,davivienda,2022-11-18,12154450.8138
colombia,davivienda,2022-11-21,12186067.7427
colombia,davivienda,2022-11-22,12195101.151
colombia,davivienda,2022-11-23,12181551.0386
colombia,davivienda,2022-11-24,12195101.151
colombia,davivienda,2022-11-25,12190584.4469
colombia,davivienda,2022-11-28,11969265.9445
colombia,davivienda,2022-11-29,11892481.9743
colombia,davivienda,2022-11-30,11833764.8206
colombia,davivienda,2022-12-01,11775047.6669
colombia,davivienda,2022-12-02,11955715.8321
colombia,davivienda,2022-12-05,11847314.933
colombia,davivienda,2022-12-06,11752464.1463
colombia,davivienda,2022-12-07,11752464.1463
colombia,davivienda,2022-12-09,12149934.1097
colombia,davivienda,2022-12-12,12104767.0684
colombia,davivienda,2022-12-13,12104767.0684
colombia,davivienda,2022-12-14,11969265.9445
colombia,davivienda,2022-12-15,12335118.979
colombia,davivienda,2022-12-16,12420936.3575
colombia,davivienda,2022-12-19,12511270.4401
colombia,davivienda,2022-12-20,12484170.2153
colombia,davivienda,2022-12-21,12240268.1923
colombia,davivienda,2022-12-22,12330602.2749
colombia,davivienda,2022-12-23,12475136.8071
colombia,davivienda,2022-12-26,12597087.8186
colombia,davivienda,2022-12-27,12434486.4699
colombia,davivienda,2022-12-28,12466103.3988
colombia,davivienda,2022-12-29,12448036.5823
colombia,davivienda,2023-01-02,12231234.784
colombia,davivienda,2023-01-03,12262851.7129
colombia,davivienda,2023-01-04,12289951.9377
colombia,davivienda,2023-01-05,12533853.9607
colombia,davivienda,2023-01-06,12962940.8531
colombia,davivienda,2023-01-10,13098441.977
colombia,davivienda,2023-01-11,13121025.4977
colombia,davivienda,2023-01-12,13008107.8944
colombia,davivienda,2023-01-13,12809372.9127
colombia,davivienda,2023-01-16,12782272.6879
colombia,davivienda,2023-01-17,12615154.6351
colombia,davivienda,2023-01-18,12353185.7956
colombia,davivienda,2023-01-19,12276401.8253
colombia,davivienda,2023-01-20,12330602.2749
colombia,davivienda,2023-01-23,12204134.5593
colombia,davivienda,2023-01-24,11982816.0569
colombia,davivienda,2023-01-25,11607929.6141
colombia,davivienda,2023-01-26,11517595.5315
colombia,davivienda,2023-01-27,11422744.7448
colombia,davivienda,2023-01-30,11422744.7448
colombia,davivienda,2023-01-31,11517595.5315
colombia,davivienda,2023-02-01,11562762.5728
colombia,davivienda,2023-02-02,11607929.6141
colombia,davivienda,2023-02-03,11562762.5728
colombia,davivienda,2023-02-06,11743430.738
colombia,davivienda,2023-02-07,11607929.6141
colombia,davivienda,2023-02-08,11309827.1415
colombia,davivienda,2023-02-09,11336927.3663
colombia,davivienda,2023-02-10,11427261.4489
colombia,davivienda,2023-02-13,11291760.325
colombia,davivienda,2023-02-14,11291760.325
colombia,davivienda,2023-02-15,11499528.715
colombia,davivienda,2023-02-16,11291760.325
colombia,davivienda,2023-02-17,11287243.6209
colombia,davivienda,2023-02-20,11364027.5911
colombia,davivienda,2023-02-21,11291760.325
colombia,davivienda,2023-02-22,11314343.8456
colombia,davivienda,2023-02-23,11291760.325
colombia,davivienda,2023-02-24,11291760.325
colombia,davivienda,2023-02-27,11291760.325
colombia,davivienda,2023-02-28,11291760.325
colombia,davivienda,2023-03-01,11291760.325
colombia,davivienda,2023-03-02,11418228.0406
colombia,davivienda,2023-03-03,11160775.9052
colombia,davivienda,2023-03-06,11278210.2126
colombia,davivienda,2023-03-07,11061408.4144
colombia,davivienda,2023-03-08,10953007.5153
colombia,davivienda,2023-03-09,10551020.8477
colombia,davivienda,2023-03-10,10343252.4577
colombia,davivienda,2023-03-13,9891582.0447
colombia,davivienda,2023-03-14,9891582.0447
colombia,davivienda,2023-03-15,9864481.8199
colombia,davivienda,2023-03-16,9878031.9323
colombia,davivienda,2023-03-17,10388419.499
colombia,davivienda,2023-03-21,10162584.2925
colombia,davivienda,2023-03-22,10185167.8132
colombia,davivienda,2023-03-23,9760597.6249
colombia,davivienda,2023-03-24,9936749.086
colombia,davivienda,2023-03-27,10316152.2329
colombia,davivienda,2023-03-28,10605221.2972
colombia,davivienda,2023-03-29,10794922.8707
colombia,davivienda,2023-03-30,10885256.9533
colombia,davivienda,2023-03-31,10885256.9533
colombia,davivienda,2023-04-03,10840089.912
colombia,davivienda,2023-04-04,10397452.9073
colombia,davivienda,2023-04-05,10483270.2857
colombia,davivienda,2023-04-10,9936749.086
colombia,davivienda,2023-04-11,9756080.9208
colombia,davivienda,2023-04-12,9710913.8795
colombia,davivienda,2023-04-13,9855448.4117
colombia,davivienda,2023-04-14,10027083.1686
colombia,davivienda,2023-04-17,10049666.6893
colombia,davivienda,2023-04-18,9977399.4232
colombia,davivienda,2023-04-19,9846415.0034
colombia,davivienda,2023-04-20,9710913.8795
colombia,davivienda,2023-04-21,9738014.1043
colombia,davivienda,2023-04-24,9738014.1043
colombia,davivienda,2023-04-25,9692847.063
colombia,davivienda,2023-04-26,9692847.063
colombia,davivienda,2023-04-27,9485078.673
colombia,davivienda,2023-04-28,9530245.7143
colombia,davivienda,2023-05-02,9214076.4252
colombia,davivienda,2023-05-03,9223109.8335
colombia,davivienda,2023-05-04,9123742.3426
colombia,davivienda,2023-05-05,8902423.8402
colombia,davivienda,2023-05-08,8983724.5146
colombia,davivienda,2023-05-09,8943074.1774
colombia,davivienda,2023-05-10,8974691.1063
colombia,davivienda,2023-05-11,8753372.6039
colombia,davivienda,2023-05-12,8803056.3494
colombia,davivienda,2023-05-15,8807573.0535
colombia,davivienda,2023-05-16,8581737.847
colombia,davivienda,2023-05-17,8572704.4387
colombia,davivienda,2023-05-18,8581737.847
colombia,davivienda,2023-05-19,8581737.847
colombia,davivienda,2023-05-23,8536570.8057
colombia,davivienda,2023-05-24,8536570.8057
colombia,davivienda,2023-05-25,8355902.6405
colombia,davivienda,2023-05-26,8355902.6405
colombia,davivienda,2023-05-29,8220401.5166
colombia,davivienda,2023-05-30,8084900.3927
colombia,davivienda,2023-05-31,7999083.0142
colombia,davivienda,2023-06-01,8446236.7231
colombia,davivienda,2023-06-02,8703688.8585
colombia,davivienda,2023-06-05,8803056.3494
colombia,davivienda,2023-06-06,9141809.1591
colombia,davivienda,2023-06-07,9304410.5078
colombia,davivienda,2023-06-08,9232143.2417
colombia,davivienda,2023-06-09,9164392.6798
colombia,davivienda,2023-06-13,9394744.5904
colombia,davivienda,2023-06-14,9259243.4665
colombia,davivienda,2023-06-15,9259243.4665
colombia,davivienda,2023-06-16,9218593.1293
colombia,davivienda,2023-06-20,9214076.4252
colombia,davivienda,2023-06-21,9078575.3013
colombia,davivienda,2023-06-22,9164392.6798
colombia,davivienda,2023-06-23,9033408.26
colombia,davivienda,2023-06-26,8906940.5444
colombia,davivienda,2023-06-27,9114708.9343
colombia,davivienda,2023-06-28,9033408.26
colombia,davivienda,2023-06-29,9033408.26
colombia,davivienda,2023-06-30,8857256.7989
colombia,davivienda,2023-07-04,8852740.0948
colombia,davivienda,2023-07-05,8491403.7644
colombia,davivienda,2023-07-06,8491403.7644
colombia,davivienda,2023-07-07,8577221.1429
colombia,davivienda,2023-07-10,8735305.7874
colombia,davivienda,2023-07-11,8852740.0948
colombia,davivienda,2023-07-12,8961140.9939
colombia,davivienda,2023-07-13,9033408.26
colombia,davivienda,2023-07-14,8961140.9939
colombia,davivienda,2023-07-17,8961140.9939
colombia,davivienda,2023-07-18,9001791.3311
colombia,davivienda,2023-07-19,9123742.3426
colombia,davivienda,2023-07-21,9214076.4252
colombia,davivienda,2023-07-24,9083092.0054
colombia,davivienda,2023-07-25,9033408.26
colombia,davivienda,2023-07-26,9033408.26
colombia,davivienda,2023-07-27,8970174.4022
colombia,davivienda,2023-07-28,8943074.1774
colombia,davivienda,2023-07-31,8965657.6981
colombia,davivienda,2023-08-01,9078575.3013
colombia,davivienda,2023-08-02,8992757.9228
colombia,davivienda,2023-08-03,8988241.2187
colombia,davivienda,2023-08-04,8897907.1361
colombia,davivienda,2023-08-08,8902423.8402
colombia,davivienda,2023-08-09,9033408.26
colombia,davivienda,2023-08-10,8943074.1774
colombia,davivienda,2023-08-11,8762406.0122
colombia,davivienda,2023-08-14,8762406.0122
colombia,davivienda,2023-08-15,8238468.3331
colombia,davivienda,2023-08-16,8554637.6222
colombia,davivienda,2023-08-17,8554637.6222
colombia,davivienda,2023-08-18,8355902.6405
colombia,davivienda,2023-08-22,8030699.9431
colombia,davivienda,2023-08-23,8075866.9844
colombia,davivienda,2023-08-24,8342352.5281
colombia,davivienda,2023-08-25,8175234.4753
colombia,davivienda,2023-08-28,8039733.3514
colombia,davivienda,2023-08-29,8039733.3514
colombia,davivienda,2023-08-30,8301702.1909
colombia,davivienda,2023-08-31,8301702.1909
colombia,davivienda,2023-09-01,8233951.629
colombia,davivienda,2023-09-04,8233951.629
colombia,davivienda,2023-09-05,8039733.3514
colombia,davivienda,2023-09-06,8026183.239
colombia,davivienda,2023-09-07,7678397.021
colombia,davivienda,2023-09-08,7678397.021
colombia,davivienda,2023-09-11,7633229.9797
colombia,davivienda,2023-09-12,7497728.8558
colombia,davivienda,2023-09-13,7226726.608
colombia,davivienda,2023-09-14,7226726.608
colombia,davivienda,2023-09-15,7140909.2295
colombia,davivienda,2023-09-18,7429978.2939
colombia,davivienda,2023-09-19,7542895.8971
colombia,davivienda,2023-09-20,7407394.7732
colombia,davivienda,2023-09-21,7339644.2112
colombia,davivienda,2023-09-22,7317060.6906
colombia,davivienda,2023-09-25,7411911.4773
colombia,davivienda,2023-09-26,7398361.3649
colombia,davivienda,2023-09-27,7633229.9797
colombia,davivienda,2023-09-28,7809381.4408
colombia,davivienda,2023-09-29,7904232.2275
colombia,davivienda,2023-10-02,7809381.4408
colombia,davivienda,2023-10-03,7588062.9384
colombia,davivienda,2023-10-04,7298993.8741
colombia,davivienda,2023-10-05,7317060.6906
colombia,davivienda,2023-10-06,7231243.3121
colombia,davivienda,2023-10-09,7231243.3121
colombia,davivienda,2023-10-10,7317060.6906
colombia,davivienda,2023-10-11,7317060.6906
colombia,davivienda,2023-10-12,7425461.5897
colombia,davivienda,2023-10-13,7452561.8145
colombia,davivienda,2023-10-17,7452561.8145
colombia,davivienda,2023-10-18,7434494.998
colombia,davivienda,2023-10-19,7452561.8145
colombia,davivienda,2023-10-20,7366744.436
colombia,davivienda,2023-10-23,7294477.17
colombia,davivienda,2023-10-24,7393844.6608
colombia,davivienda,2023-10-25,7393844.6608
colombia,davivienda,2023-10-26,7294477.17
colombia,davivienda,2023-10-27,7362227.7319
colombia,davivienda,2023-10-30,7226726.608
colombia,davivienda,2023-10-31,7226726.608
colombia,davivienda,2023-11-01,7136392.5254
colombia,davivienda,2023-11-02,7226726.608
colombia,davivienda,2023-11-03,7091225.4841
colombia,davivienda,2023-11-07,6955724.3602
colombia,davivienda,2023-11-08,7046058.4428
colombia,davivienda,2023-11-09,7172526.1584
colombia,davivienda,2023-11-10,7163492.7502
colombia,davivienda,2023-11-14,7118325.7089
colombia,davivienda,2023-11-15,7018958.218
colombia,davivienda,2023-11-16,7018958.218
colombia,davivienda,2023-11-17,7136392.5254
colombia,davivienda,2023-11-20,7009924.8098
colombia,davivienda,2023-11-21,7118325.7089
colombia,davivienda,2023-11-22,7055091.8511
colombia,davivienda,2023-11-23,7055091.8511
colombia,davivienda,2023-11-24,7046058.4428
colombia,davivienda,2023-11-27,7046058.4428
colombia,davivienda,2023-11-28,6928624.1354
colombia,davivienda,2023-11-29,7226726.608
colombia,davivienda,2023-11-30,6955724.3602
colombia,davivienda,2023-12-01,7027991.6263
colombia,davivienda,2023-12-04,7163492.7502
colombia,davivienda,2023-12-05,7127359.1171
colombia,davivienda,2023-12-06,7082192.0758
colombia,davivienda,2023-12-07,7145425.9337
colombia,davivienda,2023-12-11,7018958.218
colombia,davivienda,2023-12-12,7172526.1584
colombia,davivienda,2023-12-13,7226726.608
colombia,davivienda,2023-12-14,7308027.2823
colombia,davivienda,2023-12-15,7579029.5301
colombia,davivienda,2023-12-18,7669363.6127
colombia,davivienda,2023-12-19,7895198.8192
colombia,davivienda,2023-12-20,8112000.6175
colombia,davivienda,2023-12-21,7895198.8192
colombia,davivienda,2023-12-22,8003599.7184
colombia,davivienda,2023-12-26,8346869.2322
colombia,davivienda,2023-12-27,8563671.0305
colombia,davivienda,2023-12-28,8663038.5213
colombia,davivienda,2024-01-02,8807573.0535
colombia,davivienda,2024-01-03,8717238.9709
colombia,davivienda,2024-01-04,8879840.3196
colombia,davivienda,2024-01-05,9024374.8517
colombia,davivienda,2024-01-09,9042441.6683
colombia,davivienda,2024-01-10,9214076.4252
colombia,davivienda,2024-01-11,9177942.7922
colombia,davivienda,2024-01-12,9141809.1591
colombia,davivienda,2024-01-15,9214076.4252
colombia,davivienda,2024-01-16,9259243.4665
colombia,davivienda,2024-01-17,9078575.3013
colombia,davivienda,2024-01-18,9123742.3426
colombia,davivienda,2024-01-19,9123742.3426
colombia,davivienda,2024-01-22,9060508.4848
colombia,davivienda,2024-01-23,9168909.3839
colombia,davivienda,2024-01-24,9186976.2004
colombia,davivienda,2024-01-25,9186976.2004
colombia,davivienda,2024-01-26,9186976.2004
colombia,davivienda,2024-01-29,9611546.3886
colombia,davivienda,2024-01-30,9719947.2878
colombia,davivienda,2024-01-31,9873515.2282
colombia,davivienda,2024-02-01,8988241.2187
colombia,davivienda,2024-02-02,8762406.0122
colombia,davivienda,2024-02-05,8852740.0948
colombia,davivienda,2024-02-06,8970174.4022
colombia,davivienda,2024-02-07,9069541.893
colombia,davivienda,2024-02-08,8925007.3609
colombia,davivienda,2024-02-09,8762406.0122
colombia,davivienda,2024-02-12,8979207.8104
colombia,davivienda,2024-02-13,8717238.9709
colombia,davivienda,2024-02-14,8581737.847
colombia,davivienda,2024-02-15,8581737.847
colombia,davivienda,2024-02-16,8581737.847
colombia,davivienda,2024-02-19,8852740.0948
colombia,davivienda,2024-02-20,8988241.2187
colombia,davivienda,2024-02-21,8897907.1361
colombia,davivienda,2024-02-22,8762406.0122
colombia,davivienda,2024-02-23,9033408.26
colombia,davivienda,2024-02-26,9033408.26
colombia,davivienda,2024-02-27,9033408.26
colombia,davivienda,2024-02-28,9304410.5078
colombia,davivienda,2024-02-29,9033408.26
colombia,davivienda,2024-03-01,9024374.8517
colombia,davivienda,2024-03-04,8943074.1774
colombia,davivienda,2024-03-05,9033408.26
colombia,davivienda,2024-03-06,9042441.6683
colombia,davivienda,2024-03-07,9223109.8335
colombia,davivienda,2024-03-08,9548312.5308
colombia,davivienda,2024-03-11,9394744.5904
colombia,davivienda,2024-03-12,9214076.4252
colombia,davivienda,2024-03-13,9223109.8335
colombia,davivienda,2024-03-14,9205043.0169
colombia,davivienda,2024-03-15,8626904.8883
colombia,davivienda,2024-03-18,9259243.4665
colombia,davivienda,2024-03-19,9304410.5078
colombia,davivienda,2024-03-20,9042441.6683
colombia,davivienda,2024-03-21,9069541.893
colombia,davivienda,2024-03-22,9168909.3839
colombia,davivienda,2024-03-26,8988241.2187
colombia,davivienda,2024-03-27,9168909.3839
colombia,davivienda,2024-04-01,9665746.8382
colombia,davivienda,2024-04-02,9430878.2234
colombia,davivienda,2024-04-03,9349577.5491
colombia,davivienda,2024-04-04,9756080.9208
colombia,davivienda,2024-04-05,10027083.1686
colombia,davivienda,2024-04-08,10252918.3751
colombia,davivienda,2024-04-09,10189684.5173
colombia,davivienda,2024-04-10,10063216.8016
colombia,davivienda,2024-04-11,10298085.4164
colombia,davivienda,2024-04-12,10162584.2925
colombia,davivienda,2024-04-15,10072250.2099
colombia,davivienda,2024-04-16,9665746.8382
colombia,davivienda,2024-04-17,9620579.7969
colombia,davivienda,2024-04-18,9457978.4482
colombia,davivienda,2024-04-19,9394744.5904
colombia,davivienda,2024-04-22,9530245.7143
colombia,davivienda,2024-04-23,9485078.673
colombia,davivienda,2024-04-24,9485078.673
colombia,davivienda,2024-04-25,9801247.9621
colombia,davivienda,2024-04-26,9936749.086
colombia,davivienda,2024-04-29,9801247.9621
colombia,davivienda,2024-04-30,9485078.673
colombia,davivienda,2024-05-02,9710913.8795
colombia,davivienda,2024-05-03,9936749.086
colombia,davivienda,2024-05-06,9846415.0034
colombia,davivienda,2024-05-07,9747047.5125
colombia,davivienda,2024-05-08,9891582.0447
colombia,davivienda,2024-05-09,9810281.3704
colombia,davivienda,2024-05-10,9774147.7373
colombia,davivienda,2024-05-14,9891582.0447
colombia,davivienda,2024-05-15,9891582.0447
colombia,davivienda,2024-05-16,9882548.6364
colombia,davivienda,2024-05-17,10099350.4347
colombia,davivienda,2024-05-20,10270985.1916
colombia,davivienda,2024-05-21,10433586.5403
colombia,davivienda,2024-05-22,9999982.9438
colombia,davivienda,2024-05-23,9936749.086
colombia,davivienda,2024-05-24,9855448.4117
colombia,davivienda,2024-05-27,9548312.5308
colombia,davivienda,2024-05-28,9683813.6547
colombia,davivienda,2024-05-29,9575412.7556
colombia,davivienda,2024-05-30,9575412.7556
colombia,davivienda,2024-05-31,9485078.673
colombia,davivienda,2024-06-04,9521212.306
colombia,davivienda,2024-06-05,9485078.673
colombia,davivienda,2024-06-06,9439911.6317
colombia,davivienda,2024-06-07,9485078.673
colombia,davivienda,2024-06-11,9214076.4252
colombia,davivienda,2024-06-12,8979207.8104
colombia,davivienda,2024-06-13,9105675.5261
colombia,davivienda,2024-06-14,8988241.2187
colombia,davivienda,2024-06-17,8970174.4022
colombia,davivienda,2024-06-18,8988241.2187
colombia,davivienda,2024-06-19,8852740.0948
colombia,davivienda,2024-06-20,8934040.7691
colombia,davivienda,2024-06-21,8925007.3609
colombia,davivienda,2024-06-24,9069541.893
colombia,davivienda,2024-06-25,8943074.1774
colombia,davivienda,2024-06-26,9042441.6683
colombia,davivienda,2024-06-27,8961140.9939
colombia,davivienda,2024-06-28,9033408.26
colombia,davivienda,2024-07-02,9232143.2417
colombia,davivienda,2024-07-03,9078575.3013
colombia,davivienda,2024-07-04,9078575.3013
colombia,davivienda,2024-07-05,9159875.9756
colombia,davivienda,2024-07-08,8988241.2187
colombia,davivienda,2024-07-09,8897907.1361
colombia,davivienda,2024-07-10,8988241.2187
colombia,davivienda,2024-07-11,8988241.2187
colombia,davivienda,2024-07-12,8988241.2187
colombia,davivienda,2024-07-15,8897907.1361
colombia,davivienda,2024-07-16,8807573.0535
colombia,davivienda,2024-07-17,8626904.8883
colombia,davivienda,2024-07-18,8455270.1314
colombia,davivienda,2024-07-19,8491403.7644
colombia,davivienda,2024-07-22,8455270.1314
colombia,davivienda,2024-07-23,8464303.5396
colombia,davivienda,2024-07-24,8473336.9479
colombia,davivienda,2024-07-25,8473336.9479
colombia,davivienda,2024-07-26,8401069.6818
colombia,davivienda,2024-07-29,8220401.5166
colombia,davivienda,2024-07-30,8139100.8423
colombia,davivienda,2024-07-31,8220401.5166
colombia,davivienda,2024-08-01,8265568.5579
colombia,davivienda,2024-08-02,8265568.5579
colombia,davivienda,2024-08-05,8211368.1083
colombia,davivienda,2024-08-06,8039733.3514
colombia,davivienda,2024-08-08,7994566.3101
colombia,davivienda,2024-08-09,8012633.1266
colombia,davivienda,2024-08-12,7913265.6358
colombia,davivienda,2024-08-13,8084900.3927
colombia,davivienda,2024-08-14,8301702.1909
colombia,davivienda,2024-08-15,8274601.9662
colombia,davivienda,2024-08-16,8355902.6405
colombia,davivienda,2024-08-20,8355902.6405
colombia,davivienda,2024-08-21,8220401.5166
colombia,davivienda,2024-08-22,8193301.2918
colombia,davivienda,2024-08-23,8265568.5579
colombia,davivienda,2024-08-26,8102967.2092
colombia,davivienda,2024-08-27,7985532.9018
colombia,davivienda,2024-08-28,7994566.3101
colombia,davivienda,2024-08-29,7994566.3101
colombia,davivienda,2024-08-30,7859065.1862
colombia,davivienda,2024-09-02,8012633.1266
colombia,davivienda,2024-09-03,8039733.3514
colombia,davivienda,2024-09-04,7994566.3101
colombia,davivienda,2024-09-05,8039733.3514
colombia,davivienda,2024-09-06,8039733.3514
colombia,davivienda,2024-09-09,7877132.0027
colombia,davivienda,2024-09-10,7895198.8192
colombia,davivienda,2024-09-11,7958432.6771
colombia,davivienda,2024-09-12,8220401.5166
colombia,davivienda,2024-09-13,8283635.3744
colombia,davivienda,2024-09-16,8437203.3148
colombia,davivienda,2024-09-17,8491403.7644
colombia,davivienda,2024-09-18,8491403.7644
colombia,davivienda,2024-09-19,8401069.6818
colombia,davivienda,2024-09-20,8310735.5992
colombia,davivienda,2024-09-23,8310735.5992
colombia,davivienda,2024-09-24,8491403.7644
colombia,davivienda,2024-09-25,8536570.8057
colombia,davivienda,2024-09-26,8536570.8057
colombia,davivienda,2024-09-27,8428169.9066
colombia,davivienda,2024-09-30,8572704.4387
colombia,davivienda,2024-10-01,8608838.0718
colombia,davivienda,2024-10-02,8473336.9479
colombia,davivienda,2024-10-03,8455270.1314
colombia,davivienda,2024-10-04,8527537.3974
colombia,davivienda,2024-10-07,8563671.0305
colombia,davivienda,2024-10-08,8364936.0488
colombia,davivienda,2024-10-09,8175234.4753
colombia,davivienda,2024-10-10,8355902.6405
colombia,davivienda,2024-10-11,8581737.847
colombia,davivienda,2024-10-15,8581737.847
colombia,davivienda,2024-10-16,8590771.2553
colombia,davivienda,2024-10-17,8672071.9296
colombia,davivienda,2024-10-18,9033408.26
colombia,davivienda,2024-10-21,8834673.2783
colombia,davivienda,2024-10-22,8807573.0535
colombia,davivienda,2024-10-23,8581737.847
colombia,davivienda,2024-10-24,8563671.0305
colombia,davivienda,2024-10-25,8428169.9066
colombia,davivienda,2024-10-28,8401069.6818
colombia,davivienda,2024-10-29,8572704.4387
colombia,davivienda,2024-10-30,8355902.6405
colombia,davivienda,2024-10-31,8518503.9892
colombia,davivienda,2024-11-01,8536570.8057
colombia,davivienda,2024-11-05,8527537.3974
colombia,davivienda,2024-11-06,8401069.6818
colombia,davivienda,2024-11-07,8491403.7644
colombia,davivienda,2024-11-08,8310735.5992
colombia,davivienda,2024-11-12,8166201.067
colombia,davivienda,2024-11-13,8148134.2505
colombia,davivienda,2024-11-14,8256535.1496
colombia,davivienda,2024-11-15,8175234.4753
colombia,davivienda,2024-11-18,8220401.5166
colombia,davivienda,2024-11-19,8220401.5166
colombia,davivienda,2024-11-20,8346869.2322
colombia,davivienda,2024-11-21,8473336.9479
colombia,davivienda,2024-11-22,8572704.4387
colombia,davivienda,2024-11-25,8762406.0122
colombia,davivienda,2024-11-26,8527537.3974
colombia,davivienda,2024-11-27,8581737.847
colombia,davivienda,2024-11-28,8563671.0305
colombia,davivienda,2024-11-29,8527537.3974
colombia,davivienda,2024-12-02,8383002.8653
colombia,davivienda,2024-12-03,8364936.0488
colombia,davivienda,2024-12-04,8238468.3331
colombia,davivienda,2024-12-05,8130067.434
colombia,davivienda,2024-12-06,8121034.0257
colombia,davivienda,2024-12-09,8012633.1266
colombia,davivienda,2024-12-10,8012633.1266
colombia,davivienda,2024-12-11,8039733.3514
colombia,davivienda,2024-12-12,7994566.3101
colombia,davivienda,2024-12-13,7994566.3101
colombia,davivienda,2024-12-16,8039733.3514
colombia,davivienda,2024-12-17,8039733.3514
colombia,davivienda,2024-12-18,8175234.4753
colombia,davivienda,2024-12-19,8238975.1439
colombia,davivienda,2024-12-20,8202152.9086
colombia,davivienda,2024-12-23,8091686.2028
colombia,davivienda,2024-12-24,8266591.8204
colombia,davivienda,2024-12-26,8211358.4674
colombia,davivienda,2024-12-27,8110097.3204
colombia,davivienda,2024-12-30,8082480.644
colombia,davivienda,2025-01-02,8082480.644
colombia,davivienda,2025-01-03,8331030.7321
colombia,davivienda,2025-01-07,8837336.4672
colombia,davivienda,2025-01-08,8993830.9671
colombia,davivienda,2025-01-09,8791308.6731
colombia,davivienda,2025-01-10,8745280.879
colombia,davivienda,2025-01-13,8745280.879
colombia,davivienda,2025-01-14,8690047.5261
colombia,davivienda,2025-01-15,8579580.8202
colombia,davivienda,2025-01-16,8561169.7026
colombia,davivienda,2025-01-17,8588786.3791
colombia,davivienda,2025-01-20,8671636.4084
colombia,davivienda,2025-01-21,8745280.879
colombia,davivienda,2025-01-22,8745280.879
colombia,davivienda,2025-01-23,8616403.0555
colombia,davivienda,2025-01-24,8607197.4967
colombia,davivienda,2025-01-27,8653225.2908
colombia,davivienda,2025-01-28,8901775.3789
colombia,davivienda,2025-01-29,8975419.8495
colombia,davivienda,2025-01-30,9021447.6436
colombia,davivienda,2025-01-31,8957008.7319
colombia,davivienda,2025-02-03,8809719.7907
colombia,davivienda,2025-02-04,8800514.2319
colombia,davivienda,2025-02-05,8782103.1143
colombia,davivienda,2025-02-06,8754486.4378
colombia,davivienda,2025-02-07,8791308.6731
colombia,davivienda,2025-02-10,8791308.6731
colombia,davivienda,2025-02-11,8690047.5261
colombia,davivienda,2025-02-12,8699253.0849
colombia,davivienda,2025-02-13,8680841.9673
colombia,davivienda,2025-02-14,8671636.4084
colombia,davivienda,2025-02-17,9076680.9965
colombia,davivienda,2025-02-18,9435697.7905
colombia,davivienda,2025-02-19,9527753.3787
colombia,davivienda,2025-02-20,9794714.5845
colombia,davivienda,2025-02-21,9757892.3492
colombia,davivienda,2025-02-24,9546164.4963
colombia,davivienda,2025-02-25,9546164.4963
colombia,davivienda,2025-02-26,9665836.761
colombia,davivienda,2025-02-27,9481725.5846
colombia,davivienda,2025-02-28,9297614.4082
colombia,davivienda,2025-03-03,9113503.2318
colombia,davivienda,2025-03-04,9122708.7906
colombia,davivienda,2025-03-05,9205558.82
colombia,davivienda,2025-03-06,9297614.4082
colombia,davivienda,2025-03-07,9472520.0258
colombia,davivienda,2025-03-10,9389669.9964
colombia,davivienda,2025-03-11,9233175.4965
colombia,davivienda,2025-03-12,9435697.7905
colombia,davivienda,2025-03-13,9463314.467
colombia,davivienda,2025-03-14,9481725.5846
colombia,davivienda,2025-03-17,9527753.3787
colombia,davivienda,2025-03-18,9343642.2023
colombia,davivienda,2025-03-19,9500136.7022
colombia,davivienda,2025-03-20,9352847.7611
colombia,davivienda,2025-03-21,9223969.9376
colombia,davivienda,2025-03-25,9242381.0553
colombia,davivienda,2025-03-26,9288408.8494
colombia,davivienda,2025-03-27,9426492.2317
colombia,davivienda,2025-03-28,9297614.4082
colombia,davivienda,2025-03-31,9435697.7905
colombia,davivienda,2025-04-01,9564575.614
colombia,davivienda,2025-04-02,9527753.3787
colombia,davivienda,2025-04-03,9840742.3786
colombia,davivienda,2025-04-04,9748686.7904
colombia,davivienda,2025-04-07,9895975.7315
colombia,davivienda,2025-04-08,9665836.761
colombia,davivienda,2025-04-09,9803920.1433
colombia,davivienda,2025-04-10,9205558.82
colombia,davivienda,2025-04-11,9352847.7611
colombia,davivienda,2025-04-14,9472520.0258
colombia,davivienda,2025-04-15,9509342.2611
colombia,davivienda,2025-04-16,9546164.4963
colombia,davivienda,2025-04-21,9518547.8199
colombia,davivienda,2025-04-22,9546164.4963
colombia,davivienda,2025-04-23,9776303.4668
colombia,davivienda,2025-04-24,9813125.7021
colombia,davivienda,2025-04-25,9849947.9374
colombia,davivienda,2025-04-28,9978825.7609
colombia,davivienda,2025-04-29,10080086.9079
colombia,davivienda,2025-04-30,10080086.9079
colombia,davivienda,2025-05-02,10080086.9079
colombia,davivienda,2025-05-05,10006442.4373
colombia,davivienda,2025-05-06,10080086.9079
colombia,davivienda,2025-05-07,10402281.4666
colombia,davivienda,2025-05-08,10908587.2017
colombia,davivienda,2025-05-09,10687653.79
colombia,davivienda,2025-05-12,10706064.9077
colombia,davivienda,2025-05-13,11175548.4075
colombia,davivienda,2025-05-14,11129520.6134
colombia,davivienda,2025-05-15,10844148.29
colombia,davivienda,2025-05-16,10899381.6429
colombia,davivienda,2025-05-19,10917792.7605
colombia,davivienda,2025-05-20,10917792.7605
colombia,davivienda,2025-05-21,10825737.1723
colombia,davivienda,2025-05-22,10880970.5252
colombia,davivienda,2025-05-23,10770503.8194
colombia,davivienda,2025-05-26,10632420.4371
colombia,davivienda,2025-05-27,10632420.4371
colombia,davivienda,2025-05-28,10586392.643
colombia,davivienda,2025-05-29,10494337.0548
colombia,davivienda,2025-05-30,10457514.8195
colombia,davivienda,2025-06-03,10954614.9958
colombia,davivienda,2025-06-04,10908587.2017
colombia,davivienda,2025-06-05,10770503.8194
colombia,davivienda,2025-06-06,10715270.4665
colombia,davivienda,2025-06-09,10724476.0253
colombia,davivienda,2025-06-10,10549570.4077
colombia,davivienda,2025-06-11,10595598.2018
colombia,davivienda,2025-06-12,10595598.2018
colombia,davivienda,2025-06-13,10356253.6725
colombia,davivienda,2025-06-16,10126114.702
colombia,davivienda,2025-06-17,10080086.9079
colombia,davivienda,2025-06-18,10126114.702
colombia,davivienda,2025-06-19,10126114.702
colombia,davivienda,2025-06-20,10126114.702
colombia,davivienda,2025-06-24,10190553.6137
colombia,davivienda,2025-06-25,10365459.2313
colombia,davivienda,2025-06-26,10540364.8489
colombia,davivienda,2025-06-27,10577187.0842
colombia,davivienda,2025-07-01,10521953.7313
colombia,davivienda,2025-07-02,10475925.9372
colombia,davivienda,2025-07-03,10328636.996
colombia,davivienda,2025-07-04,10393075.9078
colombia,davivienda,2025-07-07,10264198.0843
colombia,davivienda,2025-07-08,10199759.1726
colombia,davivienda,2025-07-09,10153731.3785
colombia,davivienda,2025-07-10,10218170.2902
colombia,davivienda,2025-07-11,10190553.6137
colombia,davivienda,2025-07-14,10126114.702
colombia,davivienda,2025-07-15,10126114.702
colombia,davivienda,2025-07-16,10126114.702
colombia,davivienda,2025-07-17,10190553.6137
colombia,davivienda,2025-07-18,10273403.6431
colombia,davivienda,2025-07-21,10190553.6137
colombia,davivienda,2025-07-22,10190553.6137
colombia,davivienda,2025-07-23,10126114.702
colombia,davivienda,2025-07-24,10126114.702
colombia,davivienda,2025-07-25,9859153.4962
colombia,davivienda,2025-07-28,9895975.7315
colombia,davivienda,2025-07-29,10310225.8784
colombia,davivienda,2025-07-30,10006442.4373
colombia,davivienda,2025-07-31,10245786.9667
colombia,davivienda,2025-08-01,10208964.7314
colombia,davivienda,2025-08-04,10429898.1431
colombia,davivienda,2025-08-05,10549570.4077
colombia,davivienda,2025-08-06,10724476.0253
colombia,davivienda,2025-08-08,10890176.0841
colombia,davivienda,2025-08-11,11065081.7016
colombia,davivienda,2025-08-12,11083492.8193
colombia,davivienda,2025-08-13,11359659.5839
colombia,davivienda,2025-08-14,11451715.1721
colombia,davivienda,2025-08-15,11506948.525
colombia,davivienda,2025-08-19,11368865.1427
colombia,davivienda,2025-08-20,11175548.4075
colombia,davivienda,2025-08-21,11184753.9663
colombia,davivienda,2025-08-22,11184753.9663
colombia,davivienda,2025-08-25,11175548.4075
colombia,davivienda,2025-08-26,11184753.9663
colombia,davivienda,2025-08-27,11028259.4664
colombia,davivienda,2025-08-28,11267603.9957
colombia,davivienda,2025-08-29,11138726.1722
colombia,davivienda,2025-09-01,11092698.3781
colombia,davivienda,2025-09-02,11000642.7899
colombia,davivienda,2025-09-03,10926998.3193
colombia,davivienda,2025-09-04,11092698.3781
colombia,davivienda,2025-09-05,11157137.2898
colombia,davivienda,2025-09-08,11414892.9368
colombia,davivienda,2025-09-09,11138726.1722
colombia,davivienda,2025-09-10,11276809.5545
colombia,davivienda,2025-09-11,11184753.9663
colombia,davivienda,2025-09-12,11184753.9663
colombia,davivienda,2025-09-15,11184753.9663
colombia,davivienda,2025-09-16,11138726.1722
colombia,davivienda,2025-09-17,10733681.5841
colombia,davivienda,2025-09-18,10678448.2312
colombia,davivienda,2025-09-19,10816531.6135
colombia,davivienda,2025-09-22,11055876.1428
colombia,davivienda,2025-09-23,11322837.3486
colombia,davivienda,2025-09-24,11359659.5839
colombia,davivienda,2025-09-25,11332042.9074
colombia,davivienda,2025-09-26,11304426.231
colombia,davivienda,2025-09-29,11184753.9663
colombia,davivienda,2025-09-30,11286015.1133
colombia,davivienda,2025-10-01,11276809.5545
colombia,davivienda,2025-10-02,11350454.0251
colombia,davivienda,2025-10-03,11239987.3192
colombia,davivienda,2025-10-06,11368865.1427
colombia,davivienda,2025-10-07,11405687.378
colombia,davivienda,2025-10-08,11414892.9368
colombia,davivienda,2025-10-09,11552976.3191
colombia,davivienda,2025-10-10,11599004.1132
colombia,davivienda,2025-10-14,11663443.0249
colombia,davivienda,2025-10-15,11755498.6131
colombia,davivienda,2025-10-16,12317037.7012
colombia,davivienda,2025-10-17,12565587.7893
colombia,davivienda,2025-10-20,12620821.1422
colombia,davivienda,2025-10-21,12758904.5245
colombia,davivienda,2025-10-22,12906193.4656
colombia,davivienda,2025-10-23,13071893.5244
colombia,davivienda,2025-10-24,13394088.0831
colombia,davivienda,2025-10-27,13670254.8477
colombia,davivienda,2025-10-28,13854366.0241
colombia,davivienda,2025-10-29,13624227.0536
colombia,davivienda,2025-10-30,13163949.1126
colombia,davivienda,2025-10-31,12804932.3186
colombia,davivienda,2025-11-04,12896987.9068
colombia,davivienda,2025-11-05,12814137.8774
colombia,davivienda,2025-11-06,12795726.7598
colombia,davivienda,2025-11-07,12998249.0538
colombia,davivienda,2025-11-10,13265210.2596
colombia,davivienda,2025-11-11,13136332.4361
colombia,davivienda,2025-11-12,13302032.4949
colombia,davivienda,2025-11-13,13532171.4654
colombia,davivienda,2025-11-14,14020066.0829
colombia,davivienda,2025-11-18,13817543.7888
colombia,davivienda,2025-11-19,13348060.289
colombia,davivienda,2025-11-20,12887782.348
colombia,davivienda,2025-11-21,12860165.6715
colombia,davivienda,2025-11-24,12703671.1716
colombia,davivienda,2025-11-25,12381476.6129
colombia,davivienda,2025-11-26,12022459.8189
colombia,davivienda,2025-11-27,12013254.2601
colombia,davivienda,2025-11-28,12923265.9445
colombia,davivienda,2025-12-01,12864745.4949
colombia,davivienda,2025-12-02,13137840.9262
colombia,davivienda,2025-12-03,13625511.3392
colombia,davivienda,2025-12-04,13362169.3162
colombia,davivienda,2025-12-05,13030553.4354
colombia,davivienda,2025-12-09,13157347.7427
colombia,davivienda,2025-12-10,13157347.7427
colombia,davivienda,2025-12-11,12874498.9032
colombia,davivienda,2025-12-12,12845238.6784
colombia,davivienda,2025-12-15,12796471.6371
colombia,davivienda,2025-12-16,12689184.1463
colombia,davivienda,2025-12-17,12435595.5315
colombia,davivienda,2025-12-18,12347814.8572
colombia,davivienda,2025-12-19,12250280.7746
colombia,davivienda,2025-12-22,12250280.7746
colombia,davivienda,2025-12-23,12289294.4076
colombia,davivienda,2025-12-24,12299047.8159
colombia,davivienda,2025-12-26,12523376.2058
colombia,davivienda,2025-12-29,12523376.2058
colombia,davivienda,2025-12-30,12103979.6507
colombia,davivienda,2026-01-02,12103979.6507
colombia,davivienda,2026-01-05,12191760.325
colombia,davivienda,2026-01-06,12279540.9993
colombia,davivienda,2026-01-07,12581896.6554
colombia,davivienda,2026-01-08,12640417.105
colombia,davivienda,2026-01-09,12737951.1876
colombia,davivienda,2026-01-13,12815978.4536
colombia,davivienda,2026-01-14,12767211.4123
colombia,davivienda,2026-01-15,12698937.5545
colombia,davivienda,2026-01-16,12825731.8619
colombia,davivienda,2026-01-19,13020800.0271
colombia,davivienda,2026-01-20,13157347.7427
colombia,davivienda,2026-01-21,13167101.151
colombia,davivienda,2026-01-22,13176854.5593
colombia,davivienda,2026-01-23,13303648.8666
colombia,davivienda,2026-01-26,13186607.9675
colombia,davivienda,2026-01-27,13801072.6879
colombia,davivienda,2026-01-28,14142441.977
colombia,davivienda,2026-01-29,13996140.8531
colombia,davivienda,2026-01-30,13703538.6053
colombia,davivienda,2026-02-02,13498717.0318
colombia,davivienda,2026-02-03,13498717.0318
colombia,davivienda,2026-02-04,13449949.9905
colombia,davivienda,2026-02-05,13996140.8531
colombia,davivienda,2026-02-06,13469456.8071
colombia,davivienda,2026-02-09,13469456.8071
colombia,davivienda,2026-02-10,13996140.8531
colombia,davivienda,2026-02-11,13410936.3575
colombia,davivienda,2026-02-12,13167101.151
colombia,davivienda,2026-02-13,13391429.541
colombia,davivienda,2026-02-16,13391429.541
colombia,davivienda,2026-02-17,13342662.4997
colombia,davivienda,2026-02-18,13137840.9262
colombia,davivienda,2026-02-19,13606004.5227
colombia,davivienda,2026-02-20,13362169.3162
colombia,davivienda,2026-02-23,14044907.8944
colombia,davivienda,2026-02-24,14035154.4861
colombia,davivienda,2026-02-25,14083921.5274
colombia,davivienda,2026-02-26,14142441.977
colombia,davivienda,2026-02-27,13771812.4631
colombia,davivienda,2026-03-02,13313402.2749
colombia,davivienda,2026-03-03,13596251.1144
colombia,davivienda,2026-03-04,13596251.1144
colombia,davivienda,2026-03-05,13596251.1144
colombia,davivienda,2026-03-06,12874498.9032
colombia,davivienda,2026-03-09,12972032.9858
colombia,davivienda,2026-03-10,12942772.761
colombia,davivienda,2026-03-11,12942772.761
colombia,davivienda,2026-03-12,12786718.2289
colombia,davivienda,2026-03-13,12786718.2289
colombia,davivienda,2026-03-16,12669677.3297
colombia,davivienda,2026-03-17,12728197.7793
colombia,davivienda,2026-03-18,12728197.7793
colombia,davivienda,2026-03-19,12728197.7793
colombia,davivienda,2026-03-20,11957678.5268
colombia,davivienda,2026-03-24,11752856.9533
colombia,davivienda,2026-03-25,11811377.4029
colombia,davivienda,2026-03-26,11947925.1185
colombia,davivienda,2026-03-27,11655322.8707
colombia,davivienda,2026-03-30,10845789.9851
colombia,davivienda,2026-03-31,11470008.1138
colombia,davivienda,2026-04-01,11762610.3616
colombia,davivienda,2026-04-06,12152746.692
colombia,davivienda,2026-04-07,12055212.6094
colombia,davivienda,2026-04-08,12142993.2837
colombia,davivienda,2026-04-09,11947925.1185
colombia,davivienda,2026-04-10,12289294.4076
colombia,davivienda,2026-04-13,12386828.4902
colombia,davivienda,2026-04-14,12250280.7746
colombia,davivienda,2026-04-15,12250280.7746
colombia,davivienda,2026-04-16,12250280.7746
colombia,davivienda,2026-04-17,12425842.1232
colombia,davivienda,2026-04-20,12338061.4489
colombia,davivienda,2026-04-21,12367321.6737
colombia,davivienda,2026-04-22,12377075.0819
colombia,davivienda,2026-04-23,12201513.7333
colombia,davivienda,2026-04-24,12191760.325
colombia,davivienda,2026-04-27,11967431.935
colombia,davivienda,2026-04-28,11938171.7102
colombia,davivienda,2026-04-29,11362720.6229
colombia,davivienda,2026-04-30,11226172.9073
colombia,davivienda,2026-05-04,11352967.2146
colombia,davivienda,2026-05-05,11021351.3338
colombia,davivienda,2026-05-06,10484913.8795
colombia,davivienda,2026-05-07,10465407.063
colombia,davivienda,2026-05-08,10299599.1226
colombia,davivienda,2026-05-11,9997243.4665
colombia,davivienda,2026-05-12,10046010.5078
colombia,davivienda,2026-05-13,10065517.3243
colombia,davivienda,2026-05-14,9967983.2417
colombia,davivienda,2026-05-15,9987490.0582
colombia,davivienda,2026-05-19,9997243.4665
colombia,davivienda,2026-05-20,10114284.3656
colombia,davivienda,2026-05-21,10046010.5078
colombia,davivienda,2026-05-22,9928969.6087
colombia,davivienda,2026-05-25,10221571.8565
colombia,davivienda,2026-05-26,10670228.6364
colombia,davivienda,2026-05-27,10406886.6134
colombia,davivienda,2026-05-28,10455653.6547
colombia,davivienda,2026-05-29,10426393.4299
colombia,davivienda,2026-06-01,10962830.8842
colombia,davivienda,2026-06-02,10982337.7008
colombia,davivienda,2026-06-03,10855543.3934
colombia,davivienda,2026-06-04,10650721.8199
colombia,davivienda,2026-06-05,10514174.1043
colombia,davivienda,2026-06-09,12142993.2837
colombia,davivienda,2026-06-10,11265186.5403
colombia,davivienda,2026-06-11,11460254.7055
colombia,davivienda,2026-06-12,11928418.302
colombia,davivienda,2026-06-16,11665076.279
colombia,davivienda,2026-06-17,11752856.9533
colombia,davivienda,2026-06-18,11947925.1185
colombia,davivienda,2026-06-19,11986938.7515
colombia,davivienda,2026-06-22,11850391.0359
colombia,davivienda,2026-06-23,11626062.6459
colombia,davivienda,2026-06-24,11567542.1964
colombia,davivienda,2026-06-25,11655322.8707
colombia,davivienda,2026-06-26,11704089.912
colombia,davivienda,2026-06-30,11704089.912
colombia,davivienda,2026-07-01,11509021.7468
colombia,davivienda,2026-07-02,11206666.0907
colombia,davivienda,2026-07-03,11206666.0907
colombia,davivienda,2026-07-06,11362720.6229
colombia,davivienda,2026-07-07,11313953.5816
colombia,davivienda,2026-07-08,11362720.6229
colombia,davivienda,2026-07-09,11694336.5037
colombia,davivienda,2026-07-10,12084472.8341
colombia,davivienda,2026-07-14,12074719.4259
colombia,davivienda,2026-07-15,12162500.1002
colombia,davivienda,2026-07-16,12103979.6507
colombia,davivienda,2026-07-17,11811377.4029
colombia,davivienda,2026-07-21,11811377.4029
colombia,davivienda,2026-07-22,11811377.4029
colombia,davivienda,2026-07-23,11713843.3203
colombia,davivienda,2026-07-24,11791870.5863
colombia,davivienda,2026-07-27,11684583.0955
colombia,davivienda,2026-07-28,11694336.5037
colombia,davivienda,2026-07-29,11499268.3385
colombia,davivienda,2026-07-30,11548035.3798
colombia,davivienda,2026-07-31,11723596.7285
colombia,davivienda,2026-08-03,11762610.3616
colombia,davivienda,2026-08-04,11928418.302
colombia,davivienda,2026-08-05,11947925.1185
colombia,davivienda,2026-08-06,11996692.1598
colombia,davivienda,2026-08-10,11655322.8707
colombia,davivienda,2026-08-11,11986938.7515
colombia,davivienda,2026-08-12,12025952.3846
colombia,davivienda,2026-08-13,12103979.6507
colombia,davivienda,2026-08-14,12221020.5498
colombia,davivienda,2026-08-18,12416088.715
colombia,davivienda,2026-08-19,12162500.1002
colombia,davivienda,2026-08-20,12142993.2837
colombia,davivienda,2026-08-21,12025952.3846
colombia,davivienda,2026-08-24,12679430.738
colombia,davivienda,2026-08-25,12484362.5728
colombia,davivienda,2026-08-26,12464855.7563
colombia,davivienda,2026-08-27,12289294.4076
